#Parameters = {A_R=0.4; A_i=0; A_j=-65; A_k=0; B10_i=24; B10_j=19; B10_k=0.15; B1_i=24; B1_j=24; B1_k=6; B2_i=20; B2_j=14; B2_k=3.9; B3_i=26.8; B3_j=3; B3_k=4.3; B4_i=21; B4_j=8; B5_i=7.9; B5_j=9; B5_k=3; B6_i=7.2; B6_j=6.5; B6_k=2.1; B7_i=6; B7_j=6; B7_k=3; B8_i=18; B8_j=13; B8_k=2.8; B9_i=25; B9_j=24; B9_k=0.8; PV10_i=-12; PV10_j=-7; PV10_k=1.2; PV1_i=-12; PV1_j=-12; PV1_k=2.5; PV2_i=-10; PV2_j=-30.5; PV2_k=2.5; PV3_i=-13.5; PV3_j=37.5; PV3_k=0.7; PV4_i=-10; PV4_j=-45; PV4_k=1.5; PV5_i=7; PV5_j=17.5; PV5_k=3.3; PV6_i=-11.6; PV6_j=17.8; PV6_k=3.1; PV7_i=6; PV7_j=28; PV7_k=3.2; PV8_i=-9; PV8_j=22; PV8_k=-1.7; PV9_i=-12.5; PV9_j=13.5; PV9_k=2.4; PVA_i=-13.2; PVA_j=37; PVA_k=0; b4_k=6}
#"Frequency / MHz"	"S1,1 [Magnitude]"
#------------------------------------
500.00000000000	-0.019180025333771
502.50000000000	-0.017146139891629
505.00000000000	-0.013875888736257
507.50000000000	-0.0099365862349735
510.00000000000	-0.0059929780209106
512.50000000000	-0.0026995317196163
515.00000000000	-0.00058971583564090
517.50000000000	-5.6084776461177e-07
520.00000000000	-0.0010110947833034
522.50000000000	-0.0034411739384186
525.00000000000	-0.0068829595158497
527.50000000000	-0.010767853661669
530.00000000000	-0.014465669227140
532.50000000000	-0.017384087005867
535.00000000000	-0.019067512491862
537.50000000000	-0.019271447648774
540.00000000000	-0.017996949028867
542.50000000000	-0.015488882153913
545.00000000000	-0.012193334735288
547.50000000000	-0.0086728186517989
550.00000000000	-0.0055232211275671
552.50000000000	-0.0032609723362916
555.00000000000	-0.0022585325161044
557.50000000000	-0.0026726450553905
560.00000000000	-0.0044290373951245
562.50000000000	-0.0072368381345123
565.00000000000	-0.010638761088007
567.50000000000	-0.014086304683410
570.00000000000	-0.017034849652879
572.50000000000	-0.019026898846158
575.00000000000	-0.019766160132981
577.50000000000	-0.019172160216654
580.00000000000	-0.017380687848122
582.50000000000	-0.014724853247248
585.00000000000	-0.011670509106664
587.50000000000	-0.0087458774614290
590.00000000000	-0.0064443004987166
592.50000000000	-0.0051566892963191
595.00000000000	-0.0050971446358511
597.50000000000	-0.0062825668700377
600.00000000000	-0.0085261364277122
602.50000000000	-0.011474537862867
605.00000000000	-0.014665031063757
607.50000000000	-0.017602057823583
610.00000000000	-0.019838641519670
612.50000000000	-0.021051899396605
615.00000000000	-0.021088013334900
617.50000000000	-0.019989528690287
620.00000000000	-0.017987974181419
622.50000000000	-0.015456791956256
625.00000000000	-0.012852677279246
627.50000000000	-0.010634250063481
630.00000000000	-0.0091961429159843
632.50000000000	-0.0087989983394303
635.00000000000	-0.0095344536594518
637.50000000000	-0.011308701279791
640.00000000000	-0.013865179779433
642.50000000000	-0.016825480611416
645.00000000000	-0.019752467979784
647.50000000000	-0.022221702530818
650.00000000000	-0.023890847824635
652.50000000000	-0.024555028199083
655.00000000000	-0.024175921172528
657.50000000000	-0.022891637432294
660.00000000000	-0.020983345148707
662.50000000000	-0.018836127419411
665.00000000000	-0.016865291227977
667.50000000000	-0.015458733229343
670.00000000000	-0.014908226816568
672.50000000000	-0.015364929661032
675.00000000000	-0.016822336406941
677.50000000000	-0.019113583795067
680.00000000000	-0.021946415025180
682.50000000000	-0.024945063643341
685.00000000000	-0.027718958997012
687.50000000000	-0.029922327116671
690.00000000000	-0.031309882682648
692.50000000000	-0.031776416893243
695.00000000000	-0.031375039804706
697.50000000000	-0.030300887475923
700.00000000000	-0.028858611781455
702.50000000000	-0.027418471897703
705.00000000000	-0.026344845129221
707.50000000000	-0.025953531840001
710.00000000000	-0.026443331872069
712.50000000000	-0.027882227283604
715.00000000000	-0.030191470232520
717.50000000000	-0.033164253404839
720.00000000000	-0.036497148573567
722.50000000000	-0.039842580148541
725.00000000000	-0.042864197776391
727.50000000000	-0.045294248798392
730.00000000000	-0.046972291544129
732.50000000000	-0.047873094530015
735.00000000000	-0.048107271117440
737.50000000000	-0.047905807592281
740.00000000000	-0.047575878512102
742.50000000000	-0.047461402787251
745.00000000000	-0.047875121734299
747.50000000000	-0.049061592169632
750.00000000000	-0.051155637900306
752.50000000000	-0.054164994039082
755.00000000000	-0.057971202433770
757.50000000000	-0.062351337143326
760.00000000000	-0.067018429391523
762.50000000000	-0.071664447633055
765.00000000000	-0.076012522411542
767.50000000000	-0.079864456207924
770.00000000000	-0.083129817586078
772.50000000000	-0.085843184010194
775.00000000000	-0.088153336559971
777.50000000000	-0.090308114994466
780.00000000000	-0.092609410655737
782.50000000000	-0.095369615360889
785.00000000000	-0.098864953003619
787.50000000000	-0.10329439361031
790.00000000000	-0.10875351413884
792.50000000000	-0.11522282295367
795.00000000000	-0.12258112480667
797.50000000000	-0.13061965881109
800.00000000000	-0.13908662213964
802.50000000000	-0.14772781183874
805.00000000000	-0.15633121145255
807.50000000000	-0.16476255254852
810.00000000000	-0.17299123998587
812.50000000000	-0.18109643967852
815.00000000000	-0.18926386195416
817.50000000000	-0.19775097882758
820.00000000000	-0.20686638749314
822.50000000000	-0.21691395936492
825.00000000000	-0.22816344928097
827.50000000000	-0.24081082306108
830.00000000000	-0.25496384595072
832.50000000000	-0.27063043509812
835.00000000000	-0.28773110255746
837.50000000000	-0.30611878014785
840.00000000000	-0.32561511306956
842.50000000000	-0.34604497694284
845.00000000000	-0.36727951352431
847.50000000000	-0.38926289083903
850.00000000000	-0.41203100724893
852.50000000000	-0.43572557010721
855.00000000000	-0.46057894137883
857.50000000000	-0.48689857064668
860.00000000000	-0.51503227623696
862.50000000000	-0.54533857302603
865.00000000000	-0.57815188660786
867.50000000000	-0.61374568266389
870.00000000000	-0.65232388919719
872.50000000000	-0.69400935079801
875.00000000000	-0.73884826579947
877.50000000000	-0.78682685812142
880.00000000000	-0.83789915673523
882.50000000000	-0.89201942535542
885.00000000000	-0.94916908534154
887.50000000000	-1.0093884211760
890.00000000000	-1.0727949349564
892.50000000000	-1.1395939104085
895.00000000000	-1.2100746494456
897.50000000000	-1.2845917829491
900.00000000000	-1.3635548204653
902.50000000000	-1.4473826575146
905.00000000000	-1.5364811518144
907.50000000000	-1.6312174624953
910.00000000000	-1.7318790844222
912.50000000000	-1.8386741200499
915.00000000000	-1.9517148107930
917.50000000000	-2.0710215031735
920.00000000000	-2.1965346806628
922.50000000000	-2.3281344633402
925.00000000000	-2.4656647868123
927.50000000000	-2.6089489441771
930.00000000000	-2.7578227001135
932.50000000000	-2.9121412292719
935.00000000000	-3.0717908823215
937.50000000000	-3.2366883271019
940.00000000000	-3.4067697132276
942.50000000000	-3.5819675067510
945.00000000000	-3.7621960777436
947.50000000000	-3.9473114539303
950.00000000000	-4.1370960127275
952.50000000000	-4.3312187989995
955.00000000000	-4.5292311174984
957.50000000000	-4.7305511315276
960.00000000000	-4.9344656438595
962.50000000000	-5.1401450047245
965.00000000000	-5.3466613365059
967.50000000000	-5.5530284397068
970.00000000000	-5.7582347123762
972.50000000000	-5.9612949026551
975.00000000000	-6.1612790140978
977.50000000000	-6.3573626866566
980.00000000000	-6.5488437613441
982.50000000000	-6.7351646255127
985.00000000000	-6.9159116256163
987.50000000000	-7.0908088269419
990.00000000000	-7.2596926163317
992.50000000000	-7.4224848850438
995.00000000000	-7.5791592447358
997.50000000000	-7.7297086423423
1000.0000000000	-7.8741217183384
1002.5000000000	-8.0123553554796
1005.0000000000	-8.1443404356806
1007.5000000000	-8.2699816482257
1010.0000000000	-8.3891804202477
1012.5000000000	-8.5018642532514
1015.0000000000	-8.6080259966992
1017.5000000000	-8.7077586197958
1020.0000000000	-8.8012887813528
1022.5000000000	-8.8890039959177
1025.0000000000	-8.9714500705049
1027.5000000000	-9.0493266444257
1030.0000000000	-9.1234531146623
1032.5000000000	-9.1947217830196
1035.0000000000	-9.2640431688187
1037.5000000000	-9.3322838881911
1040.0000000000	-9.4002121805406
1042.5000000000	-9.4684499117510
1045.0000000000	-9.5374413063635
1047.5000000000	-9.6074501966052
1050.0000000000	-9.6785766481851
1052.5000000000	-9.7507846325922
1055.0000000000	-9.8239623109764
1057.5000000000	-9.8979864368716
1060.0000000000	-9.9727874805033
1062.5000000000	-10.048404625416
1065.0000000000	-10.125032586985
1067.5000000000	-10.203038028451
1070.0000000000	-10.282949475834
1072.5000000000	-10.365427016052
1075.0000000000	-10.451197008779
1077.5000000000	-10.540986130844
1080.0000000000	-10.635451239430
1082.5000000000	-10.735099636579
1085.0000000000	-10.840257253187
1087.5000000000	-10.951026535534
1090.0000000000	-11.067297511827
1092.5000000000	-11.188784191644
1095.0000000000	-11.315082980162
1097.5000000000	-11.445750065875
1100.0000000000	-11.580397772544
1102.5000000000	-11.718769883351
1105.0000000000	-11.860819825574
1107.5000000000	-12.006735163188
1110.0000000000	-12.156946688957
1112.5000000000	-12.312078377208
1115.0000000000	-12.472880053798
1117.5000000000	-12.640112472336
1120.0000000000	-12.814448768865
1122.5000000000	-12.996351956912
1125.0000000000	-13.185993173229
1127.5000000000	-13.383194365144
1130.0000000000	-13.587416417773
1132.5000000000	-13.797788028153
1135.0000000000	-14.013189675142
1137.5000000000	-14.232362962095
1140.0000000000	-14.454042347573
1142.5000000000	-14.677080885107
1145.0000000000	-14.900545528406
1147.5000000000	-15.123748099124
1150.0000000000	-15.346204775261
1152.5000000000	-15.567529867579
1155.0000000000	-15.787229328557
1157.5000000000	-16.004479095021
1160.0000000000	-16.217876229596
1162.5000000000	-16.425242808992
1165.0000000000	-16.623497688860
1167.5000000000	-16.808682137497
1170.0000000000	-16.976140367200
1172.5000000000	-17.120859916877
1175.0000000000	-17.237972857861
1177.5000000000	-17.323293962219
1180.0000000000	-17.373811336594
1182.5000000000	-17.388006062828
1185.0000000000	-17.365900838777
1187.5000000000	-17.308864738051
1190.0000000000	-17.219209118146
1192.5000000000	-17.099711536142
1195.0000000000	-16.953198049858
1197.5000000000	-16.782256898071
1200.0000000000	-16.589133064492
1202.5000000000	-16.375790546079
1205.0000000000	-16.144071128097
1207.5000000000	-15.895890235353
1210.0000000000	-15.633402318046
1212.5000000000	-15.359076953525
1215.0000000000	-15.075669062612
1217.5000000000	-14.786107804752
1220.0000000000	-14.493315051806
1222.5000000000	-14.200012438865
1225.0000000000	-13.908542120942
1227.5000000000	-13.620746127353
1230.0000000000	-13.337900313426
1232.5000000000	-13.060728304374
1235.0000000000	-12.789462774727
1237.5000000000	-12.523962989224
1240.0000000000	-12.263847381495
1242.5000000000	-12.008648827351
1245.0000000000	-11.757942264313
1247.5000000000	-11.511445261747
1250.0000000000	-11.269085861940
1252.5000000000	-11.031007021661
1255.0000000000	-10.797544919673
1257.5000000000	-10.569159420445
1260.0000000000	-10.346353570680
1262.5000000000	-10.129584928303
1265.0000000000	-9.9191860634416
1267.5000000000	-9.7153115567816
1270.0000000000	-9.5179091601394
1272.5000000000	-9.3267259377760
1275.0000000000	-9.1413381290717
1277.5000000000	-8.9612133129114
1280.0000000000	-8.7857779599754
1282.5000000000	-8.6144882994578
1285.0000000000	-8.4469002485048
1287.5000000000	-8.2827139320352
1290.0000000000	-8.1217944775014
1292.5000000000	-7.9641737612432
1295.0000000000	-7.8100124247599
1297.5000000000	-7.6595607997738
1300.0000000000	-7.5130892638661
1302.5000000000	-7.3708395713006
1305.0000000000	-7.2329566984572
1307.5000000000	-7.0994695268072
1310.0000000000	-6.9702637950515
1312.5000000000	-6.8450930062972
1315.0000000000	-6.7236044516926
1317.5000000000	-6.6053841997318
1320.0000000000	-6.4900087844962
1322.5000000000	-6.3770932947838
1325.0000000000	-6.2663455510372
1327.5000000000	-6.1575894405502
1330.0000000000	-6.0507786135782
1332.5000000000	-5.9459926370438
1335.0000000000	-5.8434023494849
1337.5000000000	-5.7432336933522
1340.0000000000	-5.6457164514523
1342.5000000000	-5.5510382857213
1345.0000000000	-5.4593039205736
1347.5000000000	-5.3705158434459
1350.0000000000	-5.2845597128366
1352.5000000000	-5.2012161506751
1355.0000000000	-5.1201868221573
1357.5000000000	-5.0411410939685
1360.0000000000	-4.9637496298744
1362.5000000000	-4.8877318203417
1365.0000000000	-4.8128921217252
1367.5000000000	-4.7391436795379
1370.0000000000	-4.6665066814759
1372.5000000000	-4.5950978942795
1375.0000000000	-4.5251094519307
1377.5000000000	-4.4567578763578
1380.0000000000	-4.3902546273941
1382.5000000000	-4.3257549739922
1385.0000000000	-4.2633368335436
1387.5000000000	-4.2029766936482
1390.0000000000	-4.1445477985378
1392.5000000000	-4.0878467629103
1395.0000000000	-4.0326030137188
1397.5000000000	-3.9785299888941
1400.0000000000	-3.9253611581784
1402.5000000000	-3.8728881877133
1405.0000000000	-3.8209863855315
1407.5000000000	-3.7696316224710
1410.0000000000	-3.7188954752602
1412.5000000000	-3.6689306867226
1415.0000000000	-3.6199401985197
1417.5000000000	-3.5721403201437
1420.0000000000	-3.5257180065467
1422.5000000000	-3.4808027215567
1425.0000000000	-3.4374390583923
1427.5000000000	-3.3955753029061
1430.0000000000	-3.3550709999400
1432.5000000000	-3.3157150759128
1435.0000000000	-3.2772544962405
1437.5000000000	-3.2394358064827
1440.0000000000	-3.2020382198931
1442.5000000000	-3.1649077405975
1445.0000000000	-3.1279802119187
1447.5000000000	-3.0912814279197
1450.0000000000	-3.0549316139091
1452.5000000000	-3.0191085135852
1455.0000000000	-2.9840244815637
1457.5000000000	-2.9498889090126
1460.0000000000	-2.9168669681108
1462.5000000000	-2.8850556211208
1465.0000000000	-2.8544631198243
1467.5000000000	-2.8250059424055
1470.0000000000	-2.7965223593039
1472.5000000000	-2.7687919221664
1475.0000000000	-2.7415719283350
1477.5000000000	-2.7146361922464
1480.0000000000	-2.6878037165639
1482.5000000000	-2.6609709879219
1485.0000000000	-2.6341265779198
1487.5000000000	-2.6073471819678
1490.0000000000	-2.5807890709459
1492.5000000000	-2.5546532692310
1495.0000000000	-2.5291580781833
1497.5000000000	-2.5044991720965
1500.0000000000	-2.4808158966384
1502.5000000000	-2.4581707488294
1505.0000000000	-2.4365295321098
1507.5000000000	-2.4157774424736
1510.0000000000	-2.3957261426680
1512.5000000000	-2.3761485714816
1515.0000000000	-2.3568139170618
1517.5000000000	-2.3375175578243
1520.0000000000	-2.3181221735489
1522.5000000000	-2.2985762879690
1525.0000000000	-2.2789148908165
1527.5000000000	-2.2592656021732
1530.0000000000	-2.2398151226375
1532.5000000000	-2.2207869809891
1535.0000000000	-2.2023986001950
1537.5000000000	-2.1848269394736
1540.0000000000	-2.1681834863188
1542.5000000000	-2.1524875205318
1545.0000000000	-2.1376687840235
1547.5000000000	-2.1235779022640
1550.0000000000	-2.1100054092939
1552.5000000000	-2.0967190646844
1555.0000000000	-2.0834989698446
1557.5000000000	-2.0701744232628
1560.0000000000	-2.0566522712474
1562.5000000000	-2.0429308119928
1565.0000000000	-2.0291031567827
1567.5000000000	-2.0153388089211
1570.0000000000	-2.0018591676592
1572.5000000000	-1.9889038878345
1575.0000000000	-1.9766895942324
1577.5000000000	-1.9653745989304
1580.0000000000	-1.9550390336731
1582.5000000000	-1.9456673689332
1585.0000000000	-1.9371507825280
1587.5000000000	-1.9293138385485
1590.0000000000	-1.9219323806694
1592.5000000000	-1.9147758767755
1595.0000000000	-1.9076504056092
1597.5000000000	-1.9004259768668
1600.0000000000	-1.8930606699012
1602.5000000000	-1.8856201062398
1605.0000000000	-1.8782518811769
1607.5000000000	-1.8711858079904
1610.0000000000	-1.8646821323680
1612.5000000000	-1.8590088640459
1615.0000000000	-1.8543894279183
1617.5000000000	-1.8509789724750
1620.0000000000	-1.8488384500246
1622.5000000000	-1.8479374880598
1625.0000000000	-1.8481510183729
1627.5000000000	-1.8492961048688
1630.0000000000	-1.8511638114560
1632.5000000000	-1.8535558750035
1635.0000000000	-1.8563314182934
1637.5000000000	-1.8594343989336
1640.0000000000	-1.8629170829216
1642.5000000000	-1.8669420127236
1645.0000000000	-1.8717676512089
1647.5000000000	-1.8777265024403
1650.0000000000	-1.8851813269045
1652.5000000000	-1.8944860148783
1655.0000000000	-1.9059538834525
1657.5000000000	-1.9198132547779
1660.0000000000	-1.9362062312291
1662.5000000000	-1.9551831251027
1665.0000000000	-1.9767195951937
1667.5000000000	-2.0007529983085
1670.0000000000	-2.0272200600473
1672.5000000000	-2.0561091720810
1675.0000000000	-2.0875015201707
1677.5000000000	-2.1216057055778
1680.0000000000	-2.1587836378682
1682.5000000000	-2.1995474581831
1685.0000000000	-2.2445533575344
1687.5000000000	-2.2945682697648
1690.0000000000	-2.3504413868817
1692.5000000000	-2.4130601184098
1695.0000000000	-2.4833202732034
1697.5000000000	-2.5621027512408
1700.0000000000	-2.6502691162528
1702.5000000000	-2.7486778668833
1705.0000000000	-2.8582116646081
1707.5000000000	-2.9798318766700
1710.0000000000	-3.1146380357362
1712.5000000000	-3.2639455349718
1715.0000000000	-3.4293413246437
1717.5000000000	-3.6127569967515
1720.0000000000	-3.8165174044306
1722.5000000000	-4.0433709267632
1725.0000000000	-4.2965157974897
1727.5000000000	-4.5795969546115
1730.0000000000	-4.8967062983598
1732.5000000000	-5.2523632257496
1735.0000000000	-5.6515038718989
1737.5000000000	-6.0994535572805
1740.0000000000	-6.6018919494616
1742.5000000000	-7.1647740589252
1745.0000000000	-7.7941658010915
1747.5000000000	-8.4958647838810
1750.0000000000	-9.2746181887640
1752.5000000000	-10.132476119170
1755.0000000000	-11.065499052510
1757.5000000000	-12.057479685850
1760.0000000000	-13.068972248520
1762.5000000000	-14.021891597212
1765.0000000000	-14.789340253309
1767.5000000000	-15.218555474175
1770.0000000000	-15.208436367228
1772.5000000000	-14.784896699166
1775.0000000000	-14.079040615902
1777.5000000000	-13.238132626335
1780.0000000000	-12.368468655757
1782.5000000000	-11.529675034492
1785.0000000000	-10.749203649013
1787.5000000000	-10.036413225699
1790.0000000000	-9.3915572280535
1792.5000000000	-8.8107210809027
1795.0000000000	-8.2883398270642
1797.5000000000	-7.8184462561028
1800.0000000000	-7.3952414687461
1802.5000000000	-7.0133548268243
1805.0000000000	-6.6679273007495
1807.5000000000	-6.3546353177498
1810.0000000000	-6.0696623680236
1812.5000000000	-5.8096778390570
1815.0000000000	-5.5717849843240
1817.5000000000	-5.3534998855821
1820.0000000000	-5.1527027136986
1822.5000000000	-4.9675933313661
1825.0000000000	-4.7966677360822
1827.5000000000	-4.6386508832868
1830.0000000000	-4.4924682626784
1832.5000000000	-4.3571908149071
1835.0000000000	-4.2319924711194
1837.5000000000	-4.1161092247101
1840.0000000000	-4.0088042347877
1842.5000000000	-3.9093522747614
1845.0000000000	-3.8170211353601
1847.5000000000	-3.7310780661341
1850.0000000000	-3.6507987382031
1852.5000000000	-3.5754936956470
1855.0000000000	-3.5045326752279
1857.5000000000	-3.4373733009454
1860.0000000000	-3.3735792988147
1862.5000000000	-3.3128415032354
1865.0000000000	-3.2549701583623
1867.5000000000	-3.1998875091814
1870.0000000000	-3.1475979860732
1872.5000000000	-3.0981534112194
1875.0000000000	-3.0516156218377
1877.5000000000	-3.0080078370465
1880.0000000000	-2.9672887606872
1882.5000000000	-2.9293305896551
1885.0000000000	-2.8939073114183
1887.5000000000	-2.8607124269948
1890.0000000000	-2.8293770890321
1892.5000000000	-2.7995098360782
1895.0000000000	-2.7707454712851
1897.5000000000	-2.7427804377128
1900.0000000000	-2.7154098264616
1902.5000000000	-2.6885527357834
1905.0000000000	-2.6622526969476
1907.5000000000	-2.6366599404392
1910.0000000000	-2.6120040185078
1912.5000000000	-2.5885427452400
1915.0000000000	-2.5665188943714
1917.5000000000	-2.5461030660969
1920.0000000000	-2.5273668900313
1922.5000000000	-2.5102521349868
1925.0000000000	-2.4945769679306
1927.5000000000	-2.4800519532589
1930.0000000000	-2.4663185746611
1932.5000000000	-2.4529989723320
1935.0000000000	-2.4397522143161
1937.5000000000	-2.4263264357691
1940.0000000000	-2.4125965050818
1942.5000000000	-2.3985836245394
1945.0000000000	-2.3844528711275
1947.5000000000	-2.3704802431563
1950.0000000000	-2.3570128347933
1952.5000000000	-2.3444034773340
1955.0000000000	-2.3329572357198
1957.5000000000	-2.3228687491744
1960.0000000000	-2.3141933297383
1962.5000000000	-2.3068270236967
1965.0000000000	-2.3005178291131
1967.5000000000	-2.2948989260306
1970.0000000000	-2.2895504127734
1972.5000000000	-2.2840549715078
1975.0000000000	-2.2780720884180
1977.5000000000	-2.2713900269273
1980.0000000000	-2.2639677247085
1982.5000000000	-2.2559374878250
1985.0000000000	-2.2475966307489
1987.5000000000	-2.2393442567464
1990.0000000000	-2.2316306877082
1992.5000000000	-2.2248745331049
1995.0000000000	-2.2193962407396
1997.5000000000	-2.2153572466517
2000.0000000000	-2.2127322268798
2002.5000000000	-2.2113050768506
2005.0000000000	-2.2107012595752
2007.5000000000	-2.2104358364758
2010.0000000000	-2.2100010403936
2012.5000000000	-2.2089376101584
2015.0000000000	-2.2069238131757
2017.5000000000	-2.2038227995384
2020.0000000000	-2.1997138942753
2022.5000000000	-2.1948894597974
2025.0000000000	-2.1898021529384
2027.5000000000	-2.1849962651657
2030.0000000000	-2.1810224278196
2032.5000000000	-2.1783407764518
2035.0000000000	-2.1772437293644
2037.5000000000	-2.1778049120611
2040.0000000000	-2.1798563093785
2042.5000000000	-2.1830098946679
2045.0000000000	-2.1867152625792
2047.5000000000	-2.1903436791382
2050.0000000000	-2.1932927744169
2052.5000000000	-2.1950835774045
2055.0000000000	-2.1954496675298
2057.5000000000	-2.1943917649617
2060.0000000000	-2.1921772071924
2062.5000000000	-2.1893119141360
2065.0000000000	-2.1864579844057
2067.5000000000	-2.1843239095784
2070.0000000000	-2.1835541427783
2072.5000000000	-2.1846153362979
2075.0000000000	-2.1877164062633
2077.5000000000	-2.1927639521434
2080.0000000000	-2.1993659474957
2082.5000000000	-2.2068890991170
2085.0000000000	-2.2145515560659
2087.5000000000	-2.2215484343615
2090.0000000000	-2.2271893487248
2092.5000000000	-2.2310176692995
2095.0000000000	-2.2329027978491
2097.5000000000	-2.2330737375290
2100.0000000000	-2.2320907659109
2102.5000000000	-2.2307662598714
2105.0000000000	-2.2300339955366
2107.5000000000	-2.2307974208361
2110.0000000000	-2.2337812187777
2112.5000000000	-2.2394009960570
2115.0000000000	-2.2476862991498
2117.5000000000	-2.2582596937111
2120.0000000000	-2.2703779379645
2122.5000000000	-2.2830428917633
2125.0000000000	-2.2951586939448
2127.5000000000	-2.3057059131106
2130.0000000000	-2.3139334768216
2132.5000000000	-2.3194920608137
2135.0000000000	-2.3225284809741
2137.5000000000	-2.3236735550917
2140.0000000000	-2.3239623432072
2142.5000000000	-2.3246793274382
2145.0000000000	-2.3271476277407
2147.5000000000	-2.3325152410733
2150.0000000000	-2.3415574714379
2152.5000000000	-2.3545360394964
2155.0000000000	-2.3711249606735
2157.5000000000	-2.3904373900358
2160.0000000000	-2.4111350572381
2162.5000000000	-2.4316347107286
2165.0000000000	-2.4503534204840
2167.5000000000	-2.4660049809726
2170.0000000000	-2.4778369421089
2172.5000000000	-2.4858173727535
2175.0000000000	-2.4906899818334
2177.5000000000	-2.4938979031922
2180.0000000000	-2.4973846199958
2182.5000000000	-2.5032983766007
2185.0000000000	-2.5136543063413
2187.5000000000	-2.5299941490867
2190.0000000000	-2.5531223409517
2192.5000000000	-2.5829146410878
2195.0000000000	-2.6182796706119
2197.5000000000	-2.6572445811628
2200.0000000000	-2.6972222038858
2202.5000000000	-2.7354049461740
2205.0000000000	-2.7692652469707
2207.5000000000	-2.7970766973231
2210.0000000000	-2.8183561089027
2212.5000000000	-2.8341354642702
2215.0000000000	-2.8469648056056
2217.5000000000	-2.8606585346182
2220.0000000000	-2.8797970581343
2222.5000000000	-2.9090686932531
2225.0000000000	-2.9525360708073
2227.5000000000	-3.0128869115779
2230.0000000000	-3.0907356550703
2232.5000000000	-3.1839934852518
2235.0000000000	-3.2873893836798
2237.5000000000	-3.3922470537118
2240.0000000000	-3.4867228875164
2242.5000000000	-3.5567332687896
2245.0000000000	-3.5877480892176
2247.5000000000	-3.5673167836264
2250.0000000000	-3.4877794450506
2252.5000000000	-3.3482603438535
2255.0000000000	-3.1551311876892
2257.5000000000	-2.9207547156259
2260.0000000000	-2.6610658011327
2262.5000000000	-2.3929169899152
2265.0000000000	-2.1319352606988
2267.5000000000	-1.8912084227927
2270.0000000000	-1.6807257552025
2272.5000000000	-1.5073233084875
2275.0000000000	-1.3748963000774
2277.5000000000	-1.2847063032426
2280.0000000000	-1.2356848884391
2282.5000000000	-1.2247025683929
2285.0000000000	-1.2468409666689
2287.5000000000	-1.2956756113107
2290.0000000000	-1.3636673712658
2292.5000000000	-1.4426657307358
2295.0000000000	-1.5245733954089
2297.5000000000	-1.6020976304357
2300.0000000000	-1.6695053092412
2302.5000000000	-1.7232254768668
2305.0000000000	-1.7621351082343
2307.5000000000	-1.7874589335575
2310.0000000000	-1.8022929982447
2312.5000000000	-1.8108772246621
2315.0000000000	-1.8177756212490
2317.5000000000	-1.8271231974250
2320.0000000000	-1.8420506819312
2322.5000000000	-1.8643301264682
2325.0000000000	-1.8942532996932
2327.5000000000	-1.9307127338675
2330.0000000000	-1.9714749483322
2332.5000000000	-2.0135842468729
2335.0000000000	-2.0538662066746
2337.5000000000	-2.0894592494250
2340.0000000000	-2.1182799798363
2342.5000000000	-2.1393561346447
2345.0000000000	-2.1529490675547
2347.5000000000	-2.1604625040739
2350.0000000000	-2.1641499681200
2352.5000000000	-2.1666872737353
2355.0000000000	-2.1707303497985
2357.5000000000	-2.1784804944494
2360.0000000000	-2.1913803772850
2362.5000000000	-2.2099245076288
2365.0000000000	-2.2336303164068
2367.5000000000	-2.2611557798026
2370.0000000000	-2.2905262240353
2372.5000000000	-2.3194734832098
2375.0000000000	-2.3458151679657
2377.5000000000	-2.3678077715715
2380.0000000000	-2.3844413052259
2382.5000000000	-2.3955990469354
2385.0000000000	-2.4020434612681
2387.5000000000	-2.4052746718226
2390.0000000000	-2.4072401085363
2392.5000000000	-2.4100052626450
2395.0000000000	-2.4154035110133
2397.5000000000	-2.4247606643250
2400.0000000000	-2.4386942435550
2402.5000000000	-2.4570401461718
2405.0000000000	-2.4788980540938
2407.5000000000	-2.5027849666549
2410.0000000000	-2.5268802852976
2412.5000000000	-2.5493338595269
2415.0000000000	-2.5685674560868
2417.5000000000	-2.5835389903488
2420.0000000000	-2.5939197748772
2422.5000000000	-2.6001337853077
2425.0000000000	-2.6032711290089
2427.5000000000	-2.6048884667954
2430.0000000000	-2.6067344235421
2432.5000000000	-2.6104545969725
2435.0000000000	-2.6173257157683
2437.5000000000	-2.6280549028224
2440.0000000000	-2.6426815746819
2442.5000000000	-2.6605789969886
2445.0000000000	-2.6805580205868
2447.5000000000	-2.7010643050905
2450.0000000000	-2.7204344821275
2452.5000000000	-2.7371748866413
2455.0000000000	-2.7502095893634
2457.5000000000	-2.7590609306764
2460.0000000000	-2.7639269224816
2462.5000000000	-2.7656347913295
2465.0000000000	-2.7654898102033
2467.5000000000	-2.7650436534639
2470.0000000000	-2.7658224664671
2472.5000000000	-2.7690802499103
2475.0000000000	-2.7755896527067
2477.5000000000	-2.7855245156541
2480.0000000000	-2.7984310902925
2482.5000000000	-2.8133105049336
2485.0000000000	-2.8287726152413
2487.5000000000	-2.8432651831707
2490.0000000000	-2.8553349235904
2492.5000000000	-2.8638675821229
2495.0000000000	-2.8682795906028
2497.5000000000	-2.8686096510503
2500.0000000000	-2.8655097344638
2502.5000000000	-2.8601115126225
2505.0000000000	-2.8538325162054
2507.5000000000	-2.8481148195998
2510.0000000000	-2.8441882908779
2512.5000000000	-2.8428572483595
2515.0000000000	-2.8443683379521
2517.5000000000	-2.8483757313915
2520.0000000000	-2.8539878057870
2522.5000000000	-2.8599170460063
2525.0000000000	-2.8646955071394
2527.5000000000	-2.8669229498164
2530.0000000000	-2.8655057942886
2532.5000000000	-2.8598592167697
2535.0000000000	-2.8500033783082
2537.5000000000	-2.8365738146574
2540.0000000000	-2.8207004408711
2542.5000000000	-2.8038264295811
2545.0000000000	-2.7874588500212
2547.5000000000	-2.7729420444460
2550.0000000000	-2.7612537602495
2552.5000000000	-2.7528850905913
2555.0000000000	-2.7478226897756
2557.5000000000	-2.7456248080660
2560.0000000000	-2.7456000141898
2562.5000000000	-2.7470614763469
2565.0000000000	-2.7496035816169
2567.5000000000	-2.7533955921865
2570.0000000000	-2.7593886240900
2572.5000000000	-2.7694400850831
2575.0000000000	-2.7863236017540
2577.5000000000	-2.8136020116575
2580.0000000000	-2.8554232586323
2582.5000000000	-2.9162347511951
2585.0000000000	-3.0005004026249
2587.5000000000	-3.1123917482481
2590.0000000000	-3.2555267412203
2592.5000000000	-3.4327268270592
2595.0000000000	-3.6458013334732
2597.5000000000	-3.8953469747503
2600.0000000000	-4.1805421552499
2602.5000000000	-4.4989715712394
2605.0000000000	-4.8464479411652
2607.5000000000	-5.2169137568014
2610.0000000000	-5.6024424851255
2612.5000000000	-5.9934667521640
2615.0000000000	-6.3792802642954
2617.5000000000	-6.7488818222265
2620.0000000000	-7.0920855058356
2622.5000000000	-7.4007380052825
2625.0000000000	-7.6697161298426
2627.5000000000	-7.8973912559623
2630.0000000000	-8.0854236576635
2632.5000000000	-8.2379175551686
2635.0000000000	-8.3602522174189
2637.5000000000	-8.4578978140871
2640.0000000000	-8.5355556178915
2642.5000000000	-8.5966901880971
2645.0000000000	-8.6435147644121
2647.5000000000	-8.6772868911946
2650.0000000000	-8.6987988527712
2652.5000000000	-8.7088954623274
2655.0000000000	-8.7088773557372
2657.5000000000	-8.7007116372636
2660.0000000000	-8.6870071948547
2662.5000000000	-8.6707816948804
2665.0000000000	-8.6551080831356
2667.5000000000	-8.6427071853820
2670.0000000000	-8.6356001431807
2672.5000000000	-8.6348591244055
2675.0000000000	-8.6405202151462
2677.5000000000	-8.6516311147467
2680.0000000000	-8.6664822036299
2682.5000000000	-8.6829256065690
2685.0000000000	-8.6987920801489
2687.5000000000	-8.7123008265588
2690.0000000000	-8.7224037799326
2692.5000000000	-8.7289965102544
2695.0000000000	-8.7329413950402
2697.5000000000	-8.7359074523660
2700.0000000000	-8.7400693588251
2702.5000000000	-8.7477160059877
2705.0000000000	-8.7608411281591
2707.5000000000	-8.7808132490361
2710.0000000000	-8.8081368229954
2712.5000000000	-8.8423519581046
2715.0000000000	-8.8821013822623
2717.5000000000	-8.9253210410064
2720.0000000000	-8.9695782046184
2722.5000000000	-9.0124664013031
2725.0000000000	-9.0520272736980
2727.5000000000	-9.0871055009685
2730.0000000000	-9.1175641309230
2732.5000000000	-9.1443184837181
2735.0000000000	-9.1691761954862
2737.5000000000	-9.1945188273617
2740.0000000000	-9.2228777880031
2742.5000000000	-9.2565134768419
2745.0000000000	-9.2970299577417
2747.5000000000	-9.3451061387856
2750.0000000000	-9.4003777219071
2752.5000000000	-9.4614621527667
2755.0000000000	-9.5261632028419
2757.5000000000	-9.5918041904019
2760.0000000000	-9.6556658296143
2762.5000000000	-9.7154545986170
2765.0000000000	-9.7697260481933
2767.5000000000	-9.8181633197851
2770.0000000000	-9.8616508897614
2772.5000000000	-9.9021390825405
2775.0000000000	-9.9422985907450
2777.5000000000	-9.9850688867203
2780.0000000000	-10.033156450812
2782.5000000000	-10.088592009145
2785.0000000000	-10.152396047336
2787.5000000000	-10.224399402231
2790.0000000000	-10.303239166225
2792.5000000000	-10.386542980686
2795.0000000000	-10.471277526919
2797.5000000000	-10.554235687773
2800.0000000000	-10.632588284504
2802.5000000000	-10.704396772467
2805.0000000000	-10.769006870438
2807.5000000000	-10.827193480884
2810.0000000000	-10.881051850946
2812.5000000000	-10.933636653756
2815.0000000000	-10.988443197287
2817.5000000000	-11.048813384085
2820.0000000000	-11.117391505460
2822.5000000000	-11.195693297366
2825.0000000000	-11.283847892602
2827.5000000000	-11.380541855445
2830.0000000000	-11.483167804459
2832.5000000000	-11.588202006104
2835.0000000000	-11.691745007409
2837.5000000000	-11.790184209576
2840.0000000000	-11.880858037622
2842.5000000000	-11.962592291500
2845.0000000000	-12.035967107229
2847.5000000000	-12.103256982386
2850.0000000000	-12.168044046491
2852.5000000000	-12.234605546522
2855.0000000000	-12.307178283783
2857.5000000000	-12.389276779215
2860.0000000000	-12.483121980771
2862.5000000000	-12.589276273185
2865.0000000000	-12.706500655160
2867.5000000000	-12.831879587255
2870.0000000000	-12.961195999390
2872.5000000000	-13.089561236826
2875.0000000000	-13.212229477925
2877.5000000000	-13.325473863496
2880.0000000000	-13.427342367739
2882.5000000000	-13.518121296500
2885.0000000000	-13.600345670365
2887.5000000000	-13.678377475978
2890.0000000000	-13.757644532231
2892.5000000000	-13.843702168737
2895.0000000000	-13.941323341342
2897.5000000000	-14.053747610596
2900.0000000000	-14.182146311765
2902.5000000000	-14.325382205072
2905.0000000000	-14.480070272820
2907.5000000000	-14.640955884556
2910.0000000000	-14.801658977860
2912.5000000000	-14.955710731326
2915.0000000000	-15.097750406781
2917.5000000000	-15.224655939044
2920.0000000000	-15.336297822118
2922.5000000000	-15.435690013874
2925.0000000000	-15.528486048090
2927.5000000000	-15.621954777050
2930.0000000000	-15.723697487755
2932.5000000000	-15.840403140655
2935.0000000000	-15.976786064328
2937.5000000000	-16.134855549695
2940.0000000000	-16.313512764802
2942.5000000000	-16.508505443439
2945.0000000000	-16.712826113946
2947.5000000000	-16.917604212249
2950.0000000000	-17.113500873726
2952.5000000000	-17.292481944776
2955.0000000000	-17.449605927561
2957.5000000000	-17.584312226485
2960.0000000000	-17.700764330935
2962.5000000000	-17.807122907114
2965.0000000000	-17.913955358300
2967.5000000000	-18.032307870781
2970.0000000000	-18.171844429842
2972.5000000000	-18.339367467325
2975.0000000000	-18.537774885845
2977.5000000000	-18.765429799659
2980.0000000000	-19.015981200502
2982.5000000000	-19.278744993463
2985.0000000000	-19.539899002560
2987.5000000000	-19.784632068520
2990.0000000000	-20.000179444811
2992.5000000000	-20.179012580256
2995.0000000000	-20.321128732309
2997.5000000000	-20.434433543182
3000.0000000000	-20.533021250560
