Theta [deg.]  Phi   [deg.]  Abs(Dir.)[dBi   ]   Abs(Theta)[dBi   ]  Phase(Theta)[deg.]  Abs(Phi  )[dBi   ]  Phase(Phi  )[deg.]  Ax.Ratio[dB    ]    
------------------------------------------------------------------------------------------------------------------------------------------------------
  45.000           0.000           -5.022e+00          -1.774e+01              27.643          -5.261e+00             173.743           1.789e+01     
  45.000           1.000           -5.030e+00          -1.809e+01              28.678          -5.250e+00             173.936           1.803e+01     
  45.000           2.000           -5.039e+00          -1.845e+01              29.777          -5.242e+00             174.159           1.817e+01     
  45.000           3.000           -5.051e+00          -1.882e+01              30.943          -5.237e+00             174.410           1.834e+01     
  45.000           4.000           -5.064e+00          -1.921e+01              32.184          -5.234e+00             174.689           1.851e+01     
  45.000           5.000           -5.078e+00          -1.962e+01              33.504          -5.233e+00             174.996           1.870e+01     
  45.000           6.000           -5.094e+00          -2.005e+01              34.913          -5.235e+00             175.331           1.891e+01     
  45.000           7.000           -5.112e+00          -2.051e+01              36.419          -5.239e+00             175.693           1.913e+01     
  45.000           8.000           -5.131e+00          -2.099e+01              38.036          -5.245e+00             176.081           1.937e+01     
  45.000           9.000           -5.152e+00          -2.149e+01              39.780          -5.254e+00             176.497           1.963e+01     
  45.000          10.000           -5.174e+00          -2.203e+01              41.671          -5.264e+00             176.938           1.991e+01     
  45.000          11.000           -5.198e+00          -2.261e+01              43.735          -5.277e+00             177.404           2.022e+01     
  45.000          12.000           -5.222e+00          -2.322e+01              46.009          -5.292e+00             177.896           2.055e+01     
  45.000          13.000           -5.248e+00          -2.388e+01              48.539          -5.308e+00             178.412           2.092e+01     
  45.000          14.000           -5.275e+00          -2.459e+01              51.387          -5.326e+00             178.952           2.132e+01     
  45.000          15.000           -5.303e+00          -2.536e+01              54.640          -5.347e+00             179.514           2.176e+01     
  45.000          16.000           -5.333e+00          -2.619e+01              58.416          -5.368e+00             180.100           2.224e+01     
  45.000          17.000           -5.363e+00          -2.709e+01              62.883          -5.392e+00             180.707           2.278e+01     
  45.000          18.000           -5.393e+00          -2.806e+01              68.274          -5.417e+00             181.335           2.337e+01     
  45.000          19.000           -5.425e+00          -2.909e+01              74.911          -5.444e+00             181.984           2.404e+01     
  45.000          20.000           -5.457e+00          -3.014e+01              83.216          -5.472e+00             182.652           2.479e+01     
  45.000          21.000           -5.489e+00          -3.114e+01              93.653          -5.501e+00             183.338           2.564e+01     
  45.000          22.000           -5.522e+00          -3.195e+01             106.504          -5.532e+00             184.043           2.663e+01     
  45.000          23.000           -5.555e+00          -3.236e+01             121.404          -5.565e+00             184.764           2.777e+01     
  45.000          24.000           -5.589e+00          -3.223e+01             137.002          -5.598e+00             185.502           2.915e+01     
  45.000          25.000           -5.622e+00          -3.157e+01             151.518          -5.633e+00             186.254           3.084e+01     
  45.000          26.000           -5.656e+00          -3.056e+01             163.818          -5.670e+00             187.020           3.301e+01     
  45.000          27.000           -5.689e+00          -2.940e+01             173.727          -5.707e+00             187.799           3.601e+01     
  45.000          28.000           -5.721e+00          -2.821e+01             181.603          -5.746e+00             188.590           4.000e+01     
  45.000          29.000           -5.754e+00          -2.706e+01             187.912          -5.786e+00             189.392           4.000e+01     
  45.000          30.000           -5.786e+00          -2.597e+01             193.056          -5.828e+00             190.204           4.000e+01     
  45.000          31.000           -5.817e+00          -2.495e+01             197.335          -5.870e+00             191.024           3.837e+01     
  45.000          32.000           -5.847e+00          -2.400e+01             200.966          -5.914e+00             191.852           3.423e+01     
  45.000          33.000           -5.877e+00          -2.312e+01             204.107          -5.960e+00             192.687           3.139e+01     
  45.000          34.000           -5.906e+00          -2.229e+01             206.866          -6.007e+00             193.527           2.922e+01     
  45.000          35.000           -5.933e+00          -2.152e+01             209.327          -6.055e+00             194.370           2.746e+01     
  45.000          36.000           -5.959e+00          -2.079e+01             211.547          -6.105e+00             195.217           2.598e+01     
  45.000          37.000           -5.984e+00          -2.010e+01             213.574          -6.156e+00             196.066           2.470e+01     
  45.000          38.000           -6.008e+00          -1.945e+01             215.440          -6.209e+00             196.915           2.357e+01     
  45.000          39.000           -6.030e+00          -1.884e+01             217.172          -6.264e+00             197.764           2.256e+01     
  45.000          40.000           -6.050e+00          -1.825e+01             218.791          -6.320e+00             198.611           2.166e+01     
  45.000          41.000           -6.069e+00          -1.769e+01             220.313          -6.379e+00             199.455           2.083e+01     
  45.000          42.000           -6.086e+00          -1.716e+01             221.751          -6.439e+00             200.295           2.008e+01     
  45.000          43.000           -6.101e+00          -1.665e+01             223.116          -6.502e+00             201.130           1.938e+01     
  45.000          44.000           -6.114e+00          -1.616e+01             224.417          -6.567e+00             201.959           1.874e+01     
  45.000          45.000           -6.126e+00          -1.569e+01             225.662          -6.634e+00             202.780           1.815e+01     
  45.000          46.000           -6.135e+00          -1.524e+01             226.855          -6.705e+00             203.592           1.759e+01     
  45.000          47.000           -6.142e+00          -1.480e+01             228.003          -6.777e+00             204.394           1.707e+01     
  45.000          48.000           -6.146e+00          -1.438e+01             229.109          -6.853e+00             205.185           1.659e+01     
  45.000          49.000           -6.149e+00          -1.397e+01             230.177          -6.932e+00             205.964           1.614e+01     
  45.000          50.000           -6.149e+00          -1.358e+01             231.211          -7.014e+00             206.729           1.572e+01     
  45.000          51.000           -6.147e+00          -1.320e+01             232.214          -7.100e+00             207.479           1.533e+01     
  45.000          52.000           -6.142e+00          -1.284e+01             233.187          -7.189e+00             208.213           1.496e+01     
  45.000          53.000           -6.136e+00          -1.248e+01             234.133          -7.282e+00             208.929           1.461e+01     
  45.000          54.000           -6.126e+00          -1.214e+01             235.054          -7.379e+00             209.627           1.429e+01     
  45.000          55.000           -6.114e+00          -1.180e+01             235.951          -7.481e+00             210.304           1.399e+01     
  45.000          56.000           -6.100e+00          -1.148e+01             236.826          -7.587e+00             210.959           1.371e+01     
  45.000          57.000           -6.083e+00          -1.116e+01             237.680          -7.698e+00             211.590           1.344e+01     
  45.000          58.000           -6.064e+00          -1.085e+01             238.515          -7.815e+00             212.196           1.320e+01     
  45.000          59.000           -6.042e+00          -1.056e+01             239.331          -7.936e+00             212.775           1.298e+01     
  45.000          60.000           -6.017e+00          -1.027e+01             240.129          -8.064e+00             213.325           1.277e+01     
  45.000          61.000           -5.990e+00          -9.987e+00             240.911          -8.197e+00             213.844           1.258e+01     
  45.000          62.000           -5.960e+00          -9.713e+00             241.677          -8.337e+00             214.330           1.240e+01     
  45.000          63.000           -5.928e+00          -9.447e+00             242.428          -8.483e+00             214.780           1.224e+01     
  45.000          64.000           -5.893e+00          -9.188e+00             243.164          -8.636e+00             215.191           1.209e+01     
  45.000          65.000           -5.855e+00          -8.936e+00             243.886          -8.797e+00             215.561           1.196e+01     
  45.000          66.000           -5.815e+00          -8.690e+00             244.595          -8.965e+00             215.886           1.184e+01     
  45.000          67.000           -5.773e+00          -8.451e+00             245.291          -9.142e+00             216.162           1.174e+01     
  45.000          68.000           -5.727e+00          -8.219e+00             245.974          -9.327e+00             216.386           1.165e+01     
  45.000          69.000           -5.679e+00          -7.992e+00             246.646          -9.521e+00             216.553           1.157e+01     
  45.000          70.000           -5.629e+00          -7.771e+00             247.306          -9.724e+00             216.658           1.150e+01     
  45.000          71.000           -5.576e+00          -7.557e+00             247.954          -9.938e+00             216.695           1.144e+01     
  45.000          72.000           -5.520e+00          -7.347e+00             248.592          -1.016e+01             216.657           1.139e+01     
  45.000          73.000           -5.462e+00          -7.144e+00             249.219          -1.040e+01             216.537           1.135e+01     
  45.000          74.000           -5.401e+00          -6.945e+00             249.836          -1.064e+01             216.327           1.133e+01     
  45.000          75.000           -5.338e+00          -6.752e+00             250.442          -1.090e+01             216.017           1.131e+01     
  45.000          76.000           -5.272e+00          -6.564e+00             251.038          -1.117e+01             215.596           1.130e+01     
  45.000          77.000           -5.204e+00          -6.381e+00             251.625          -1.145e+01             215.052           1.130e+01     
  45.000          78.000           -5.133e+00          -6.203e+00             252.202          -1.174e+01             214.369           1.130e+01     
  45.000          79.000           -5.059e+00          -6.030e+00             252.770          -1.204e+01             213.533           1.131e+01     
  45.000          80.000           -4.984e+00          -5.861e+00             253.328          -1.236e+01             212.525           1.133e+01     
  45.000          81.000           -4.906e+00          -5.697e+00             253.877          -1.269e+01             211.323           1.136e+01     
  45.000          82.000           -4.825e+00          -5.538e+00             254.418          -1.302e+01             209.903           1.139e+01     
  45.000          83.000           -4.742e+00          -5.383e+00             254.949          -1.337e+01             208.241           1.142e+01     
  45.000          84.000           -4.657e+00          -5.232e+00             255.471          -1.372e+01             206.307           1.146e+01     
  45.000          85.000           -4.570e+00          -5.086e+00             255.985          -1.407e+01             204.071           1.151e+01     
  45.000          86.000           -4.480e+00          -4.944e+00             256.490          -1.442e+01             201.504           1.155e+01     
  45.000          87.000           -4.388e+00          -4.806e+00             256.986          -1.476e+01             198.576           1.160e+01     
  45.000          88.000           -4.294e+00          -4.673e+00             257.473          -1.508e+01             195.267           1.166e+01     
  45.000          89.000           -4.198e+00          -4.543e+00             257.952          -1.537e+01             191.562           1.171e+01     
  45.000          90.000           -4.101e+00          -4.418e+00             258.421          -1.562e+01             187.466           1.177e+01     
  45.000          91.000           -4.001e+00          -4.296e+00             258.883          -1.582e+01             183.007           1.183e+01     
  45.000          92.000           -3.899e+00          -4.179e+00             259.335          -1.595e+01             178.237           1.189e+01     
  45.000          93.000           -3.795e+00          -4.065e+00             259.779          -1.600e+01             173.237           1.195e+01     
  45.000          94.000           -3.690e+00          -3.955e+00             260.215          -1.596e+01             168.112           1.201e+01     
  45.000          95.000           -3.583e+00          -3.849e+00             260.641          -1.583e+01             162.981           1.207e+01     
  45.000          96.000           -3.474e+00          -3.747e+00             261.059          -1.562e+01             157.962           1.213e+01     
  45.000          97.000           -3.364e+00          -3.649e+00             261.467          -1.533e+01             153.158           1.219e+01     
  45.000          98.000           -3.252e+00          -3.554e+00             261.867          -1.497e+01             148.651           1.225e+01     
  45.000          99.000           -3.139e+00          -3.464e+00             262.258          -1.456e+01             144.493           1.231e+01     
  45.000         100.000           -3.024e+00          -3.377e+00             262.639          -1.411e+01             140.708           1.237e+01     
  45.000         101.000           -2.909e+00          -3.293e+00             263.012          -1.363e+01             137.299           1.243e+01     
  45.000         102.000           -2.792e+00          -3.214e+00             263.375          -1.313e+01             134.256           1.249e+01     
  45.000         103.000           -2.674e+00          -3.138e+00             263.728          -1.262e+01             131.555           1.254e+01     
  45.000         104.000           -2.556e+00          -3.066e+00             264.072          -1.211e+01             129.167           1.259e+01     
  45.000         105.000           -2.436e+00          -2.997e+00             264.406          -1.160e+01             127.062           1.265e+01     
  45.000         106.000           -2.316e+00          -2.932e+00             264.730          -1.110e+01             125.211           1.270e+01     
  45.000         107.000           -2.195e+00          -2.871e+00             265.045          -1.060e+01             123.585           1.275e+01     
  45.000         108.000           -2.073e+00          -2.814e+00             265.349          -1.012e+01             122.158           1.279e+01     
  45.000         109.000           -1.951e+00          -2.760e+00             265.643          -9.649e+00             120.906           1.284e+01     
  45.000         110.000           -1.829e+00          -2.710e+00             265.926          -9.189e+00             119.809           1.288e+01     
  45.000         111.000           -1.707e+00          -2.664e+00             266.199          -8.742e+00             118.847           1.292e+01     
  45.000         112.000           -1.584e+00          -2.622e+00             266.461          -8.309e+00             118.006           1.296e+01     
  45.000         113.000           -1.461e+00          -2.583e+00             266.712          -7.887e+00             117.270           1.300e+01     
  45.000         114.000           -1.338e+00          -2.548e+00             266.951          -7.479e+00             116.628           1.304e+01     
  45.000         115.000           -1.215e+00          -2.517e+00             267.179          -7.083e+00             116.068           1.307e+01     
  45.000         116.000           -1.093e+00          -2.490e+00             267.396          -6.699e+00             115.580           1.310e+01     
  45.000         117.000           -9.703e-01          -2.466e+00             267.601          -6.326e+00             115.157           1.313e+01     
  45.000         118.000           -8.484e-01          -2.446e+00             267.793          -5.965e+00             114.791           1.316e+01     
  45.000         119.000           -7.269e-01          -2.431e+00             267.973          -5.615e+00             114.476           1.319e+01     
  45.000         120.000           -6.060e-01          -2.419e+00             268.140          -5.275e+00             114.206           1.322e+01     
  45.000         121.000           -4.856e-01          -2.411e+00             268.295          -4.945e+00             113.975           1.325e+01     
  45.000         122.000           -3.660e-01          -2.407e+00             268.436          -4.626e+00             113.780           1.327e+01     
  45.000         123.000           -2.472e-01          -2.407e+00             268.563          -4.316e+00             113.616           1.329e+01     
  45.000         124.000           -1.293e-01          -2.412e+00             268.677          -4.015e+00             113.481           1.332e+01     
  45.000         125.000           -1.235e-02          -2.420e+00             268.776          -3.723e+00             113.369           1.334e+01     
  45.000         126.000            1.036e-01          -2.433e+00             268.860          -3.439e+00             113.280           1.336e+01     
  45.000         127.000            2.184e-01          -2.449e+00             268.930          -3.164e+00             113.211           1.338e+01     
  45.000         128.000            3.321e-01          -2.470e+00             268.984          -2.897e+00             113.158           1.340e+01     
  45.000         129.000            4.444e-01          -2.496e+00             269.023          -2.637e+00             113.120           1.342e+01     
  45.000         130.000            5.555e-01          -2.525e+00             269.045          -2.385e+00             113.096           1.343e+01     
  45.000         131.000            6.652e-01          -2.559e+00             269.050          -2.141e+00             113.083           1.345e+01     
  45.000         132.000            7.733e-01          -2.598e+00             269.038          -1.904e+00             113.079           1.347e+01     
  45.000         133.000            8.800e-01          -2.641e+00             269.009          -1.673e+00             113.085           1.348e+01     
  45.000         134.000            9.851e-01          -2.689e+00             268.961          -1.450e+00             113.097           1.350e+01     
  45.000         135.000            1.089e+00          -2.741e+00             268.894          -1.233e+00             113.116           1.351e+01     
  45.000         136.000            1.190e+00          -2.798e+00             268.808          -1.022e+00             113.140           1.353e+01     
  45.000         137.000            1.290e+00          -2.860e+00             268.702          -8.180e-01             113.168           1.354e+01     
  45.000         138.000            1.388e+00          -2.927e+00             268.575          -6.200e-01             113.199           1.355e+01     
  45.000         139.000            1.485e+00          -2.999e+00             268.426          -4.280e-01             113.232           1.357e+01     
  45.000         140.000            1.579e+00          -3.075e+00             268.255          -2.419e-01             113.267           1.358e+01     
  45.000         141.000            1.671e+00          -3.157e+00             268.061          -6.160e-02             113.303           1.359e+01     
  45.000         142.000            1.761e+00          -3.244e+00             267.843           1.130e-01             113.339           1.360e+01     
  45.000         143.000            1.850e+00          -3.336e+00             267.600           2.820e-01             113.374           1.362e+01     
  45.000         144.000            1.936e+00          -3.434e+00             267.330           4.455e-01             113.409           1.363e+01     
  45.000         145.000            2.020e+00          -3.537e+00             267.034           6.037e-01             113.442           1.364e+01     
  45.000         146.000            2.101e+00          -3.645e+00             266.710           7.565e-01             113.473           1.365e+01     
  45.000         147.000            2.181e+00          -3.759e+00             266.356           9.040e-01             113.501           1.367e+01     
  45.000         148.000            2.258e+00          -3.879e+00             265.971           1.046e+00             113.527           1.368e+01     
  45.000         149.000            2.332e+00          -4.005e+00             265.554           1.184e+00             113.550           1.369e+01     
  45.000         150.000            2.405e+00          -4.136e+00             265.104           1.316e+00             113.569           1.370e+01     
  45.000         151.000            2.475e+00          -4.274e+00             264.618           1.443e+00             113.584           1.372e+01     
  45.000         152.000            2.542e+00          -4.417e+00             264.094           1.566e+00             113.594           1.373e+01     
  45.000         153.000            2.608e+00          -4.566e+00             263.532           1.683e+00             113.600           1.374e+01     
  45.000         154.000            2.670e+00          -4.722e+00             262.929           1.796e+00             113.602           1.375e+01     
  45.000         155.000            2.730e+00          -4.884e+00             262.282           1.904e+00             113.598           1.377e+01     
  45.000         156.000            2.788e+00          -5.052e+00             261.589           2.007e+00             113.588           1.378e+01     
  45.000         157.000            2.842e+00          -5.227e+00             260.848           2.106e+00             113.573           1.379e+01     
  45.000         158.000            2.895e+00          -5.407e+00             260.055           2.200e+00             113.552           1.381e+01     
  45.000         159.000            2.944e+00          -5.595e+00             259.209           2.289e+00             113.525           1.382e+01     
  45.000         160.000            2.991e+00          -5.788e+00             258.304           2.374e+00             113.492           1.383e+01     
  45.000         161.000            3.036e+00          -5.988e+00             257.339           2.455e+00             113.452           1.385e+01     
  45.000         162.000            3.077e+00          -6.195e+00             256.309           2.531e+00             113.405           1.386e+01     
  45.000         163.000            3.116e+00          -6.407e+00             255.209           2.602e+00             113.352           1.387e+01     
  45.000         164.000            3.152e+00          -6.626e+00             254.036           2.669e+00             113.292           1.389e+01     
  45.000         165.000            3.185e+00          -6.850e+00             252.785           2.732e+00             113.224           1.390e+01     
  45.000         166.000            3.216e+00          -7.080e+00             251.450           2.790e+00             113.149           1.392e+01     
  45.000         167.000            3.244e+00          -7.315e+00             250.026           2.844e+00             113.067           1.393e+01     
  45.000         168.000            3.269e+00          -7.555e+00             248.508           2.894e+00             112.977           1.395e+01     
  45.000         169.000            3.291e+00          -7.800e+00             246.890           2.939e+00             112.879           1.396e+01     
  45.000         170.000            3.310e+00          -8.047e+00             245.165           2.980e+00             112.774           1.398e+01     
  45.000         171.000            3.326e+00          -8.298e+00             243.327           3.017e+00             112.661           1.399e+01     
  45.000         172.000            3.340e+00          -8.550e+00             241.369           3.050e+00             112.540           1.401e+01     
  45.000         173.000            3.351e+00          -8.803e+00             239.286           3.078e+00             112.410           1.403e+01     
  45.000         174.000            3.359e+00          -9.054e+00             237.071           3.102e+00             112.272           1.405e+01     
  45.000         175.000            3.364e+00          -9.304e+00             234.719           3.122e+00             112.127           1.406e+01     
  45.000         176.000            3.366e+00          -9.549e+00             232.225           3.138e+00             111.972           1.408e+01     
  45.000         177.000            3.365e+00          -9.787e+00             229.586           3.150e+00             111.809           1.410e+01     
  45.000         178.000            3.361e+00          -1.002e+01             226.801           3.157e+00             111.638           1.412e+01     
  45.000         179.000            3.355e+00          -1.024e+01             223.869           3.161e+00             111.458           1.414e+01     
  45.000         180.000            3.345e+00          -1.044e+01             220.794           3.160e+00             111.269           1.416e+01     
  45.000         181.000            3.333e+00          -1.063e+01             217.582           3.155e+00             111.072           1.418e+01     
  45.000         182.000            3.318e+00          -1.079e+01             214.242           3.146e+00             110.866           1.420e+01     
  45.000         183.000            3.300e+00          -1.094e+01             210.786           3.133e+00             110.651           1.422e+01     
  45.000         184.000            3.279e+00          -1.106e+01             207.233           3.116e+00             110.427           1.424e+01     
  45.000         185.000            3.255e+00          -1.115e+01             203.600           3.095e+00             110.194           1.426e+01     
  45.000         186.000            3.228e+00          -1.122e+01             199.911           3.069e+00             109.952           1.429e+01     
  45.000         187.000            3.199e+00          -1.125e+01             196.190           3.040e+00             109.701           1.431e+01     
  45.000         188.000            3.166e+00          -1.126e+01             192.462           3.007e+00             109.440           1.434e+01     
  45.000         189.000            3.131e+00          -1.124e+01             188.753           2.969e+00             109.171           1.436e+01     
  45.000         190.000            3.093e+00          -1.119e+01             185.086           2.928e+00             108.893           1.439e+01     
  45.000         191.000            3.052e+00          -1.111e+01             181.483           2.882e+00             108.605           1.442e+01     
  45.000         192.000            3.008e+00          -1.101e+01             177.963           2.833e+00             108.308           1.444e+01     
  45.000         193.000            2.962e+00          -1.088e+01             174.542           2.779e+00             108.002           1.447e+01     
  45.000         194.000            2.913e+00          -1.074e+01             171.232           2.721e+00             107.687           1.450e+01     
  45.000         195.000            2.860e+00          -1.058e+01             168.040           2.659e+00             107.362           1.453e+01     
  45.000         196.000            2.806e+00          -1.041e+01             164.972           2.593e+00             107.029           1.456e+01     
  45.000         197.000            2.748e+00          -1.022e+01             162.031           2.523e+00             106.685           1.460e+01     
  45.000         198.000            2.688e+00          -1.003e+01             159.216           2.449e+00             106.333           1.463e+01     
  45.000         199.000            2.625e+00          -9.835e+00             156.525           2.371e+00             105.971           1.467e+01     
  45.000         200.000            2.559e+00          -9.632e+00             153.955           2.289e+00             105.600           1.470e+01     
  45.000         201.000            2.491e+00          -9.427e+00             151.500           2.203e+00             105.219           1.474e+01     
  45.000         202.000            2.420e+00          -9.222e+00             149.155           2.112e+00             104.829           1.478e+01     
  45.000         203.000            2.347e+00          -9.017e+00             146.914           2.017e+00             104.430           1.482e+01     
  45.000         204.000            2.271e+00          -8.813e+00             144.771           1.919e+00             104.021           1.486e+01     
  45.000         205.000            2.192e+00          -8.612e+00             142.719           1.816e+00             103.603           1.491e+01     
  45.000         206.000            2.111e+00          -8.414e+00             140.753           1.708e+00             103.176           1.495e+01     
  45.000         207.000            2.028e+00          -8.220e+00             138.866           1.597e+00             102.739           1.500e+01     
  45.000         208.000            1.942e+00          -8.031e+00             137.052           1.481e+00             102.293           1.505e+01     
  45.000         209.000            1.854e+00          -7.846e+00             135.306           1.361e+00             101.837           1.510e+01     
  45.000         210.000            1.763e+00          -7.666e+00             133.623           1.237e+00             101.373           1.515e+01     
  45.000         211.000            1.670e+00          -7.491e+00             131.998           1.109e+00             100.898           1.520e+01     
  45.000         212.000            1.575e+00          -7.322e+00             130.426           9.757e-01             100.415           1.526e+01     
  45.000         213.000            1.478e+00          -7.159e+00             128.903           8.383e-01              99.922           1.532e+01     
  45.000         214.000            1.378e+00          -7.001e+00             127.425           6.965e-01              99.420           1.538e+01     
  45.000         215.000            1.276e+00          -6.849e+00             125.988           5.501e-01              98.908           1.544e+01     
  45.000         216.000            1.173e+00          -6.702e+00             124.590           3.992e-01              98.387           1.551e+01     
  45.000         217.000            1.067e+00          -6.561e+00             123.226           2.437e-01              97.857           1.558e+01     
  45.000         218.000            9.592e-01          -6.426e+00             121.895           8.352e-02              97.318           1.565e+01     
  45.000         219.000            8.496e-01          -6.296e+00             120.594          -8.141e-02              96.769           1.572e+01     
  45.000         220.000            7.382e-01          -6.172e+00             119.319          -2.512e-01              96.211           1.580e+01     
  45.000         221.000            6.250e-01          -6.053e+00             118.070          -4.258e-01              95.644           1.588e+01     
  45.000         222.000            5.101e-01          -5.939e+00             116.843          -6.054e-01              95.067           1.596e+01     
  45.000         223.000            3.936e-01          -5.830e+00             115.637          -7.900e-01              94.481           1.605e+01     
  45.000         224.000            2.756e-01          -5.727e+00             114.451          -9.798e-01              93.886           1.614e+01     
  45.000         225.000            1.560e-01          -5.629e+00             113.282          -1.175e+00              93.282           1.623e+01     
  45.000         226.000            3.512e-02          -5.535e+00             112.130          -1.375e+00              92.668           1.633e+01     
  45.000         227.000           -8.710e-02          -5.447e+00             110.993          -1.581e+00              92.045           1.643e+01     
  45.000         228.000           -2.105e-01          -5.363e+00             109.869          -1.793e+00              91.412           1.653e+01     
  45.000         229.000           -3.351e-01          -5.284e+00             108.758          -2.010e+00              90.771           1.664e+01     
  45.000         230.000           -4.607e-01          -5.209e+00             107.658          -2.233e+00              90.119           1.676e+01     
  45.000         231.000           -5.872e-01          -5.138e+00             106.569          -2.462e+00              89.459           1.688e+01     
  45.000         232.000           -7.146e-01          -5.072e+00             105.490          -2.698e+00              88.789           1.700e+01     
  45.000         233.000           -8.426e-01          -5.010e+00             104.419          -2.940e+00              88.109           1.713e+01     
  45.000         234.000           -9.713e-01          -4.953e+00             103.356          -3.188e+00              87.420           1.726e+01     
  45.000         235.000           -1.101e+00          -4.899e+00             102.301          -3.444e+00              86.721           1.740e+01     
  45.000         236.000           -1.230e+00          -4.849e+00             101.253          -3.707e+00              86.012           1.755e+01     
  45.000         237.000           -1.360e+00          -4.803e+00             100.211          -3.976e+00              85.294           1.770e+01     
  45.000         238.000           -1.490e+00          -4.761e+00              99.174          -4.254e+00              84.565           1.786e+01     
  45.000         239.000           -1.620e+00          -4.723e+00              98.143          -4.540e+00              83.827           1.802e+01     
  45.000         240.000           -1.750e+00          -4.688e+00              97.116          -4.834e+00              83.078           1.819e+01     
  45.000         241.000           -1.880e+00          -4.657e+00              96.094          -5.136e+00              82.319           1.837e+01     
  45.000         242.000           -2.009e+00          -4.629e+00              95.075          -5.448e+00              81.549           1.856e+01     
  45.000         243.000           -2.138e+00          -4.604e+00              94.060          -5.770e+00              80.768           1.875e+01     
  45.000         244.000           -2.266e+00          -4.583e+00              93.048          -6.101e+00              79.976           1.895e+01     
  45.000         245.000           -2.393e+00          -4.565e+00              92.039          -6.443e+00              79.173           1.916e+01     
  45.000         246.000           -2.520e+00          -4.551e+00              91.032          -6.797e+00              78.358           1.938e+01     
  45.000         247.000           -2.645e+00          -4.539e+00              90.028          -7.162e+00              77.531           1.961e+01     
  45.000         248.000           -2.770e+00          -4.531e+00              89.026          -7.540e+00              76.691           1.985e+01     
  45.000         249.000           -2.893e+00          -4.525e+00              88.025          -7.932e+00              75.838           2.010e+01     
  45.000         250.000           -3.014e+00          -4.523e+00              87.026          -8.338e+00              74.971           2.036e+01     
  45.000         251.000           -3.134e+00          -4.523e+00              86.029          -8.760e+00              74.090           2.063e+01     
  45.000         252.000           -3.252e+00          -4.526e+00              85.033          -9.199e+00              73.193           2.091e+01     
  45.000         253.000           -3.368e+00          -4.532e+00              84.038          -9.656e+00              72.279           2.120e+01     
  45.000         254.000           -3.483e+00          -4.541e+00              83.044          -1.013e+01              71.347           2.151e+01     
  45.000         255.000           -3.595e+00          -4.553e+00              82.051          -1.063e+01              70.396           2.183e+01     
  45.000         256.000           -3.705e+00          -4.567e+00              81.058          -1.115e+01              69.423           2.216e+01     
  45.000         257.000           -3.813e+00          -4.583e+00              80.066          -1.170e+01              68.426           2.251e+01     
  45.000         258.000           -3.918e+00          -4.603e+00              79.075          -1.228e+01              67.403           2.288e+01     
  45.000         259.000           -4.021e+00          -4.624e+00              78.084          -1.289e+01              66.350           2.327e+01     
  45.000         260.000           -4.121e+00          -4.649e+00              77.093          -1.354e+01              65.261           2.367e+01     
  45.000         261.000           -4.219e+00          -4.675e+00              76.103          -1.423e+01              64.131           2.409e+01     
  45.000         262.000           -4.314e+00          -4.705e+00              75.113          -1.496e+01              62.952           2.454e+01     
  45.000         263.000           -4.406e+00          -4.736e+00              74.123          -1.576e+01              61.714           2.501e+01     
  45.000         264.000           -4.495e+00          -4.770e+00              73.134          -1.662e+01              60.402           2.551e+01     
  45.000         265.000           -4.581e+00          -4.806e+00              72.144          -1.755e+01              58.994           2.604e+01     
  45.000         266.000           -4.664e+00          -4.844e+00              71.155          -1.859e+01              57.460           2.660e+01     
  45.000         267.000           -4.745e+00          -4.884e+00              70.165          -1.974e+01              55.754           2.719e+01     
  45.000         268.000           -4.822e+00          -4.927e+00              69.176          -2.104e+01              53.801           2.784e+01     
  45.000         269.000           -4.896e+00          -4.972e+00              68.187          -2.253e+01              51.474           2.853e+01     
  45.000         270.000           -4.968e+00          -5.019e+00              67.198          -2.430e+01              48.539           2.927e+01     
  45.000         271.000           -5.036e+00          -5.068e+00              66.211          -2.646e+01              44.502           3.008e+01     
  45.000         272.000           -5.102e+00          -5.119e+00              65.222          -2.922e+01              38.208           3.098e+01     
  45.000         273.000           -5.164e+00          -5.172e+00              64.234          -3.295e+01              26.126           3.198e+01     
  45.000         274.000           -5.224e+00          -5.226e+00              63.247          -3.768e+01             355.048           3.310e+01     
  45.000         275.000           -5.281e+00          -5.283e+00              62.259          -3.773e+01             295.410           3.438e+01     
  45.000         276.000           -5.335e+00          -5.342e+00              61.273          -3.316e+01             264.555           3.589e+01     
  45.000         277.000           -5.386e+00          -5.403e+00              60.287          -2.960e+01             252.515           3.771e+01     
  45.000         278.000           -5.435e+00          -5.465e+00              59.302          -2.700e+01             246.202           4.000e+01     
  45.000         279.000           -5.481e+00          -5.530e+00              58.317          -2.501e+01             242.124           4.000e+01     
  45.000         280.000           -5.525e+00          -5.596e+00              57.334          -2.340e+01             239.121           4.000e+01     
  45.000         281.000           -5.565e+00          -5.664e+00              56.353          -2.207e+01             236.709           4.000e+01     
  45.000         282.000           -5.604e+00          -5.733e+00              55.373          -2.093e+01             234.658           4.000e+01     
  45.000         283.000           -5.640e+00          -5.805e+00              54.394          -1.994e+01             232.839           4.000e+01     
  45.000         284.000           -5.674e+00          -5.878e+00              53.417          -1.906e+01             231.179           4.000e+01     
  45.000         285.000           -5.705e+00          -5.952e+00              52.443          -1.828e+01             229.631           3.901e+01     
  45.000         286.000           -5.735e+00          -6.028e+00              51.470          -1.758e+01             228.165           3.692e+01     
  45.000         287.000           -5.762e+00          -6.106e+00              50.501          -1.694e+01             226.760           3.523e+01     
  45.000         288.000           -5.787e+00          -6.186e+00              49.535          -1.636e+01             225.403           3.381e+01     
  45.000         289.000           -5.810e+00          -6.267e+00              48.571          -1.582e+01             224.082           3.259e+01     
  45.000         290.000           -5.831e+00          -6.349e+00              47.612          -1.533e+01             222.790           3.151e+01     
  45.000         291.000           -5.851e+00          -6.433e+00              46.657          -1.486e+01             221.522           3.055e+01     
  45.000         292.000           -5.868e+00          -6.519e+00              45.706          -1.444e+01             220.273           2.968e+01     
  45.000         293.000           -5.884e+00          -6.606e+00              44.759          -1.403e+01             219.040           2.889e+01     
  45.000         294.000           -5.898e+00          -6.694e+00              43.819          -1.366e+01             217.820           2.816e+01     
  45.000         295.000           -5.910e+00          -6.784e+00              42.884          -1.330e+01             216.612           2.748e+01     
  45.000         296.000           -5.920e+00          -6.875e+00              41.955          -1.297e+01             215.415           2.685e+01     
  45.000         297.000           -5.929e+00          -6.968e+00              41.033          -1.265e+01             214.227           2.627e+01     
  45.000         298.000           -5.936e+00          -7.062e+00              40.118          -1.235e+01             213.048           2.571e+01     
  45.000         299.000           -5.941e+00          -7.157e+00              39.211          -1.206e+01             211.877           2.519e+01     
  45.000         300.000           -5.945e+00          -7.254e+00              38.312          -1.179e+01             210.714           2.470e+01     
  45.000         301.000           -5.947e+00          -7.352e+00              37.422          -1.153e+01             209.559           2.424e+01     
  45.000         302.000           -5.948e+00          -7.452e+00              36.542          -1.128e+01             208.412           2.379e+01     
  45.000         303.000           -5.947e+00          -7.553e+00              35.672          -1.105e+01             207.273           2.337e+01     
  45.000         304.000           -5.945e+00          -7.655e+00              34.813          -1.082e+01             206.142           2.297e+01     
  45.000         305.000           -5.941e+00          -7.759e+00              33.966          -1.060e+01             205.020           2.259e+01     
  45.000         306.000           -5.936e+00          -7.865e+00              33.130          -1.039e+01             203.906           2.223e+01     
  45.000         307.000           -5.929e+00          -7.972e+00              32.308          -1.019e+01             202.803           2.189e+01     
  45.000         308.000           -5.921e+00          -8.080e+00              31.500          -9.992e+00             201.709           2.156e+01     
  45.000         309.000           -5.912e+00          -8.190e+00              30.705          -9.804e+00             200.627           2.124e+01     
  45.000         310.000           -5.901e+00          -8.301e+00              29.926          -9.622e+00             199.555           2.094e+01     
  45.000         311.000           -5.889e+00          -8.414e+00              29.163          -9.445e+00             198.496           2.066e+01     
  45.000         312.000           -5.875e+00          -8.529e+00              28.417          -9.275e+00             197.449           2.039e+01     
  45.000         313.000           -5.861e+00          -8.645e+00              27.688          -9.109e+00             196.416           2.013e+01     
  45.000         314.000           -5.845e+00          -8.763e+00              26.978          -8.949e+00             195.397           1.988e+01     
  45.000         315.000           -5.827e+00          -8.883e+00              26.287          -8.793e+00             194.392           1.965e+01     
  45.000         316.000           -5.809e+00          -9.004e+00              25.615          -8.642e+00             193.404           1.942e+01     
  45.000         317.000           -5.790e+00          -9.127e+00              24.965          -8.495e+00             192.431           1.921e+01     
  45.000         318.000           -5.769e+00          -9.253e+00              24.336          -8.353e+00             191.476           1.901e+01     
  45.000         319.000           -5.748e+00          -9.380e+00              23.729          -8.214e+00             190.538           1.882e+01     
  45.000         320.000           -5.725e+00          -9.510e+00              23.146          -8.079e+00             189.619           1.864e+01     
  45.000         321.000           -5.702e+00          -9.641e+00              22.587          -7.947e+00             188.719           1.847e+01     
  45.000         322.000           -5.678e+00          -9.775e+00              22.052          -7.820e+00             187.839           1.831e+01     
  45.000         323.000           -5.653e+00          -9.911e+00              21.543          -7.695e+00             186.980           1.816e+01     
  45.000         324.000           -5.628e+00          -1.005e+01              21.061          -7.574e+00             186.142           1.802e+01     
  45.000         325.000           -5.602e+00          -1.019e+01              20.606          -7.457e+00             185.326           1.789e+01     
  45.000         326.000           -5.575e+00          -1.033e+01              20.180          -7.343e+00             184.532           1.776e+01     
  45.000         327.000           -5.549e+00          -1.048e+01              19.782          -7.231e+00             183.762           1.765e+01     
  45.000         328.000           -5.522e+00          -1.063e+01              19.414          -7.123e+00             183.015           1.754e+01     
  45.000         329.000           -5.494e+00          -1.078e+01              19.076          -7.019e+00             182.293           1.745e+01     
  45.000         330.000           -5.467e+00          -1.094e+01              18.770          -6.917e+00             181.595           1.736e+01     
  45.000         331.000           -5.440e+00          -1.109e+01              18.495          -6.818e+00             180.923           1.727e+01     
  45.000         332.000           -5.412e+00          -1.126e+01              18.254          -6.722e+00             180.276           1.720e+01     
  45.000         333.000           -5.385e+00          -1.142e+01              18.046          -6.630e+00             179.656           1.713e+01     
  45.000         334.000           -5.358e+00          -1.159e+01              17.872          -6.540e+00             179.062           1.707e+01     
  45.000         335.000           -5.332e+00          -1.176e+01              17.733          -6.454e+00             178.496           1.702e+01     
  45.000         336.000           -5.306e+00          -1.193e+01              17.630          -6.370e+00             177.956           1.698e+01     
  45.000         337.000           -5.280e+00          -1.211e+01              17.564          -6.289e+00             177.445           1.694e+01     
  45.000         338.000           -5.255e+00          -1.230e+01              17.534          -6.212e+00             176.961           1.691e+01     
  45.000         339.000           -5.231e+00          -1.248e+01              17.542          -6.137e+00             176.506           1.688e+01     
  45.000         340.000           -5.208e+00          -1.267e+01              17.588          -6.066e+00             176.079           1.686e+01     
  45.000         341.000           -5.186e+00          -1.287e+01              17.674          -5.997e+00             175.681           1.685e+01     
  45.000         342.000           -5.165e+00          -1.307e+01              17.799          -5.932e+00             175.312           1.684e+01     
  45.000         343.000           -5.144e+00          -1.327e+01              17.965          -5.870e+00             174.972           1.684e+01     
  45.000         344.000           -5.125e+00          -1.348e+01              18.171          -5.810e+00             174.662           1.685e+01     
  45.000         345.000           -5.107e+00          -1.370e+01              18.419          -5.754e+00             174.381           1.686e+01     
  45.000         346.000           -5.091e+00          -1.392e+01              18.710          -5.700e+00             174.130           1.688e+01     
  45.000         347.000           -5.076e+00          -1.415e+01              19.043          -5.650e+00             173.908           1.691e+01     
  45.000         348.000           -5.062e+00          -1.438e+01              19.419          -5.603e+00             173.717           1.694e+01     
  45.000         349.000           -5.050e+00          -1.461e+01              19.840          -5.558e+00             173.555           1.698e+01     
  45.000         350.000           -5.039e+00          -1.486e+01              20.306          -5.517e+00             173.423           1.702e+01     
  45.000         351.000           -5.030e+00          -1.511e+01              20.818          -5.478e+00             173.321           1.707e+01     
  45.000         352.000           -5.022e+00          -1.537e+01              21.375          -5.443e+00             173.249           1.713e+01     
  45.000         353.000           -5.016e+00          -1.563e+01              21.981          -5.410e+00             173.207           1.720e+01     
  45.000         354.000           -5.012e+00          -1.590e+01              22.634          -5.380e+00             173.194           1.727e+01     
  45.000         355.000           -5.009e+00          -1.619e+01              23.337          -5.354e+00             173.212           1.735e+01     
  45.000         356.000           -5.008e+00          -1.648e+01              24.090          -5.330e+00             173.259           1.744e+01     
  45.000         357.000           -5.009e+00          -1.678e+01              24.896          -5.308e+00             173.336           1.754e+01     
  45.000         358.000           -5.012e+00          -1.709e+01              25.755          -5.290e+00             173.442           1.765e+01     
  45.000         359.000           -5.016e+00          -1.741e+01              26.670          -5.274e+00             173.578           1.776e+01     
