Theta [deg.]  Phi   [deg.]  Abs(Dir.)[dBi   ]   Abs(Theta)[dBi   ]  Phase(Theta)[deg.]  Abs(Phi  )[dBi   ]  Phase(Phi  )[deg.]  Ax.Ratio[dB    ]    
------------------------------------------------------------------------------------------------------------------------------------------------------
   0.000           0.000           -3.764e+00          -1.893e+01             121.289          -3.898e+00             200.407           1.520e+01     
   0.000           1.000           -3.764e+00          -1.873e+01             126.716          -3.904e+00             200.581           1.520e+01     
   0.000           2.000           -3.764e+00          -1.847e+01             131.862          -3.913e+00             200.755           1.520e+01     
   0.000           3.000           -3.764e+00          -1.815e+01             136.675          -3.925e+00             200.930           1.520e+01     
   0.000           4.000           -3.764e+00          -1.780e+01             141.127          -3.939e+00             201.105           1.520e+01     
   0.000           5.000           -3.764e+00          -1.741e+01             145.214          -3.956e+00             201.281           1.520e+01     
   0.000           6.000           -3.764e+00          -1.700e+01             148.943          -3.975e+00             201.458           1.520e+01     
   0.000           7.000           -3.764e+00          -1.659e+01             152.334          -3.997e+00             201.635           1.520e+01     
   0.000           8.000           -3.764e+00          -1.616e+01             155.412          -4.021e+00             201.814           1.520e+01     
   0.000           9.000           -3.764e+00          -1.574e+01             158.205          -4.048e+00             201.993           1.520e+01     
   0.000          10.000           -3.764e+00          -1.532e+01             160.740          -4.078e+00             202.174           1.520e+01     
   0.000          11.000           -3.764e+00          -1.491e+01             163.044          -4.111e+00             202.356           1.520e+01     
   0.000          12.000           -3.764e+00          -1.451e+01             165.142          -4.146e+00             202.539           1.520e+01     
   0.000          13.000           -3.764e+00          -1.412e+01             167.057          -4.184e+00             202.724           1.520e+01     
   0.000          14.000           -3.764e+00          -1.374e+01             168.809          -4.224e+00             202.911           1.520e+01     
   0.000          15.000           -3.764e+00          -1.337e+01             170.415          -4.268e+00             203.099           1.520e+01     
   0.000          16.000           -3.764e+00          -1.301e+01             171.893          -4.314e+00             203.290           1.520e+01     
   0.000          17.000           -3.764e+00          -1.266e+01             173.255          -4.363e+00             203.482           1.520e+01     
   0.000          18.000           -3.764e+00          -1.233e+01             174.515          -4.415e+00             203.677           1.520e+01     
   0.000          19.000           -3.764e+00          -1.200e+01             175.682          -4.469e+00             203.874           1.520e+01     
   0.000          20.000           -3.764e+00          -1.169e+01             176.768          -4.527e+00             204.074           1.520e+01     
   0.000          21.000           -3.764e+00          -1.139e+01             177.779          -4.587e+00             204.276           1.520e+01     
   0.000          22.000           -3.764e+00          -1.110e+01             178.723          -4.651e+00             204.482           1.520e+01     
   0.000          23.000           -3.764e+00          -1.082e+01             179.606          -4.717e+00             204.690           1.520e+01     
   0.000          24.000           -3.764e+00          -1.054e+01             180.436          -4.787e+00             204.902           1.520e+01     
   0.000          25.000           -3.764e+00          -1.028e+01             181.215          -4.860e+00             205.117           1.520e+01     
   0.000          26.000           -3.764e+00          -1.003e+01             181.950          -4.935e+00             205.336           1.520e+01     
   0.000          27.000           -3.764e+00          -9.781e+00             182.643          -5.014e+00             205.559           1.520e+01     
   0.000          28.000           -3.764e+00          -9.543e+00             183.299          -5.097e+00             205.786           1.520e+01     
   0.000          29.000           -3.764e+00          -9.313e+00             183.920          -5.182e+00             206.018           1.520e+01     
   0.000          30.000           -3.764e+00          -9.091e+00             184.510          -5.271e+00             206.254           1.520e+01     
   0.000          31.000           -3.764e+00          -8.876e+00             185.071          -5.364e+00             206.495           1.520e+01     
   0.000          32.000           -3.764e+00          -8.668e+00             185.605          -5.460e+00             206.741           1.520e+01     
   0.000          33.000           -3.764e+00          -8.467e+00             186.115          -5.559e+00             206.993           1.520e+01     
   0.000          34.000           -3.764e+00          -8.272e+00             186.602          -5.663e+00             207.252           1.520e+01     
   0.000          35.000           -3.764e+00          -8.083e+00             187.068          -5.769e+00             207.516           1.520e+01     
   0.000          36.000           -3.764e+00          -7.901e+00             187.515          -5.880e+00             207.787           1.520e+01     
   0.000          37.000           -3.764e+00          -7.724e+00             187.943          -5.995e+00             208.065           1.520e+01     
   0.000          38.000           -3.764e+00          -7.554e+00             188.355          -6.114e+00             208.351           1.520e+01     
   0.000          39.000           -3.764e+00          -7.388e+00             188.751          -6.236e+00             208.645           1.520e+01     
   0.000          40.000           -3.764e+00          -7.228e+00             189.132          -6.363e+00             208.947           1.520e+01     
   0.000          41.000           -3.764e+00          -7.073e+00             189.500          -6.495e+00             209.259           1.520e+01     
   0.000          42.000           -3.764e+00          -6.923e+00             189.855          -6.630e+00             209.580           1.520e+01     
   0.000          43.000           -3.764e+00          -6.778e+00             190.198          -6.771e+00             209.912           1.520e+01     
   0.000          44.000           -3.764e+00          -6.637e+00             190.531          -6.916e+00             210.254           1.520e+01     
   0.000          45.000           -3.764e+00          -6.501e+00             190.852          -7.065e+00             210.609           1.520e+01     
   0.000          46.000           -3.764e+00          -6.370e+00             191.164          -7.220e+00             210.976           1.520e+01     
   0.000          47.000           -3.764e+00          -6.243e+00             191.467          -7.380e+00             211.357           1.520e+01     
   0.000          48.000           -3.764e+00          -6.120e+00             191.761          -7.545e+00             211.752           1.520e+01     
   0.000          49.000           -3.764e+00          -6.001e+00             192.048          -7.716e+00             212.163           1.520e+01     
   0.000          50.000           -3.764e+00          -5.886e+00             192.326          -7.892e+00             212.590           1.520e+01     
   0.000          51.000           -3.764e+00          -5.775e+00             192.597          -8.074e+00             213.036           1.520e+01     
   0.000          52.000           -3.764e+00          -5.668e+00             192.862          -8.262e+00             213.501           1.520e+01     
   0.000          53.000           -3.764e+00          -5.564e+00             193.121          -8.457e+00             213.987           1.520e+01     
   0.000          54.000           -3.764e+00          -5.465e+00             193.373          -8.658e+00             214.495           1.520e+01     
   0.000          55.000           -3.764e+00          -5.369e+00             193.620          -8.865e+00             215.028           1.520e+01     
   0.000          56.000           -3.764e+00          -5.276e+00             193.861          -9.080e+00             215.588           1.520e+01     
   0.000          57.000           -3.764e+00          -5.187e+00             194.098          -9.302e+00             216.176           1.520e+01     
   0.000          58.000           -3.764e+00          -5.101e+00             194.329          -9.531e+00             216.796           1.520e+01     
   0.000          59.000           -3.764e+00          -5.019e+00             194.557          -9.769e+00             217.450           1.520e+01     
   0.000          60.000           -3.764e+00          -4.939e+00             194.780          -1.001e+01             218.141           1.520e+01     
   0.000          61.000           -3.764e+00          -4.863e+00             194.999          -1.027e+01             218.874           1.520e+01     
   0.000          62.000           -3.764e+00          -4.791e+00             195.214          -1.053e+01             219.651           1.520e+01     
   0.000          63.000           -3.764e+00          -4.721e+00             195.426          -1.080e+01             220.478           1.520e+01     
   0.000          64.000           -3.764e+00          -4.654e+00             195.635          -1.108e+01             221.358           1.520e+01     
   0.000          65.000           -3.764e+00          -4.590e+00             195.840          -1.138e+01             222.299           1.520e+01     
   0.000          66.000           -3.764e+00          -4.530e+00             196.043          -1.168e+01             223.307           1.520e+01     
   0.000          67.000           -3.764e+00          -4.472e+00             196.243          -1.199e+01             224.388           1.520e+01     
   0.000          68.000           -3.764e+00          -4.417e+00             196.440          -1.231e+01             225.551           1.520e+01     
   0.000          69.000           -3.764e+00          -4.365e+00             196.635          -1.265e+01             226.806           1.520e+01     
   0.000          70.000           -3.764e+00          -4.316e+00             196.827          -1.299e+01             228.163           1.520e+01     
   0.000          71.000           -3.764e+00          -4.270e+00             197.018          -1.335e+01             229.635           1.520e+01     
   0.000          72.000           -3.764e+00          -4.226e+00             197.207          -1.372e+01             231.234           1.520e+01     
   0.000          73.000           -3.764e+00          -4.186e+00             197.393          -1.410e+01             232.978           1.520e+01     
   0.000          74.000           -3.764e+00          -4.148e+00             197.578          -1.449e+01             234.885           1.520e+01     
   0.000          75.000           -3.764e+00          -4.112e+00             197.762          -1.489e+01             236.973           1.520e+01     
   0.000          76.000           -3.764e+00          -4.080e+00             197.944          -1.530e+01             239.266           1.520e+01     
   0.000          77.000           -3.764e+00          -4.050e+00             198.125          -1.572e+01             241.789           1.520e+01     
   0.000          78.000           -3.764e+00          -4.023e+00             198.304          -1.614e+01             244.568           1.520e+01     
   0.000          79.000           -3.764e+00          -3.998e+00             198.483          -1.656e+01             247.631           1.520e+01     
   0.000          80.000           -3.764e+00          -3.976e+00             198.660          -1.698e+01             251.006           1.520e+01     
   0.000          81.000           -3.764e+00          -3.956e+00             198.837          -1.739e+01             254.718           1.520e+01     
   0.000          82.000           -3.764e+00          -3.940e+00             199.013          -1.778e+01             258.786           1.520e+01     
   0.000          83.000           -3.764e+00          -3.925e+00             199.188          -1.814e+01             263.221           1.520e+01     
   0.000          84.000           -3.764e+00          -3.914e+00             199.363          -1.846e+01             268.016           1.520e+01     
   0.000          85.000           -3.764e+00          -3.905e+00             199.537          -1.872e+01             273.146           1.520e+01     
   0.000          86.000           -3.764e+00          -3.898e+00             199.711          -1.892e+01             278.561           1.520e+01     
   0.000          87.000           -3.764e+00          -3.894e+00             199.885          -1.905e+01             284.184           1.520e+01     
   0.000          88.000           -3.764e+00          -3.893e+00             200.059          -1.909e+01             289.919           1.520e+01     
   0.000          89.000           -3.764e+00          -3.894e+00             200.233          -1.905e+01             295.658           1.520e+01     
   0.000          90.000           -3.764e+00          -3.898e+00             200.407          -1.893e+01             301.289           1.520e+01     
   0.000          91.000           -3.764e+00          -3.904e+00             200.581          -1.873e+01             306.716           1.520e+01     
   0.000          92.000           -3.764e+00          -3.913e+00             200.755          -1.847e+01             311.862           1.520e+01     
   0.000          93.000           -3.764e+00          -3.925e+00             200.930          -1.815e+01             316.675           1.520e+01     
   0.000          94.000           -3.764e+00          -3.939e+00             201.105          -1.780e+01             321.127           1.520e+01     
   0.000          95.000           -3.764e+00          -3.956e+00             201.281          -1.741e+01             325.214           1.520e+01     
   0.000          96.000           -3.764e+00          -3.975e+00             201.458          -1.700e+01             328.943           1.520e+01     
   0.000          97.000           -3.764e+00          -3.997e+00             201.635          -1.659e+01             332.334           1.520e+01     
   0.000          98.000           -3.764e+00          -4.021e+00             201.814          -1.616e+01             335.412           1.520e+01     
   0.000          99.000           -3.764e+00          -4.048e+00             201.993          -1.574e+01             338.205           1.520e+01     
   0.000         100.000           -3.764e+00          -4.078e+00             202.174          -1.532e+01             340.740           1.520e+01     
   0.000         101.000           -3.764e+00          -4.111e+00             202.356          -1.491e+01             343.044           1.520e+01     
   0.000         102.000           -3.764e+00          -4.146e+00             202.539          -1.451e+01             345.142           1.520e+01     
   0.000         103.000           -3.764e+00          -4.184e+00             202.724          -1.412e+01             347.057           1.520e+01     
   0.000         104.000           -3.764e+00          -4.224e+00             202.911          -1.374e+01             348.809           1.520e+01     
   0.000         105.000           -3.764e+00          -4.268e+00             203.099          -1.337e+01             350.415           1.520e+01     
   0.000         106.000           -3.764e+00          -4.314e+00             203.290          -1.301e+01             351.893           1.520e+01     
   0.000         107.000           -3.764e+00          -4.363e+00             203.482          -1.266e+01             353.255           1.520e+01     
   0.000         108.000           -3.764e+00          -4.415e+00             203.677          -1.233e+01             354.515           1.520e+01     
   0.000         109.000           -3.764e+00          -4.469e+00             203.874          -1.200e+01             355.682           1.520e+01     
   0.000         110.000           -3.764e+00          -4.527e+00             204.074          -1.169e+01             356.768           1.520e+01     
   0.000         111.000           -3.764e+00          -4.587e+00             204.276          -1.139e+01             357.779           1.520e+01     
   0.000         112.000           -3.764e+00          -4.651e+00             204.482          -1.110e+01             358.723           1.520e+01     
   0.000         113.000           -3.764e+00          -4.717e+00             204.690          -1.082e+01             359.606           1.520e+01     
   0.000         114.000           -3.764e+00          -4.787e+00             204.902          -1.054e+01               0.436           1.520e+01     
   0.000         115.000           -3.764e+00          -4.860e+00             205.117          -1.028e+01               1.215           1.520e+01     
   0.000         116.000           -3.764e+00          -4.935e+00             205.336          -1.003e+01               1.950           1.520e+01     
   0.000         117.000           -3.764e+00          -5.014e+00             205.559          -9.781e+00               2.643           1.520e+01     
   0.000         118.000           -3.764e+00          -5.097e+00             205.786          -9.543e+00               3.299           1.520e+01     
   0.000         119.000           -3.764e+00          -5.182e+00             206.018          -9.313e+00               3.920           1.520e+01     
   0.000         120.000           -3.764e+00          -5.271e+00             206.254          -9.091e+00               4.510           1.520e+01     
   0.000         121.000           -3.764e+00          -5.364e+00             206.495          -8.876e+00               5.071           1.520e+01     
   0.000         122.000           -3.764e+00          -5.460e+00             206.741          -8.668e+00               5.605           1.520e+01     
   0.000         123.000           -3.764e+00          -5.559e+00             206.993          -8.467e+00               6.115           1.520e+01     
   0.000         124.000           -3.764e+00          -5.663e+00             207.252          -8.272e+00               6.602           1.520e+01     
   0.000         125.000           -3.764e+00          -5.769e+00             207.516          -8.083e+00               7.068           1.520e+01     
   0.000         126.000           -3.764e+00          -5.880e+00             207.787          -7.901e+00               7.515           1.520e+01     
   0.000         127.000           -3.764e+00          -5.995e+00             208.065          -7.724e+00               7.943           1.520e+01     
   0.000         128.000           -3.764e+00          -6.114e+00             208.351          -7.554e+00               8.355           1.520e+01     
   0.000         129.000           -3.764e+00          -6.236e+00             208.645          -7.388e+00               8.751           1.520e+01     
   0.000         130.000           -3.764e+00          -6.363e+00             208.947          -7.228e+00               9.132           1.520e+01     
   0.000         131.000           -3.764e+00          -6.495e+00             209.259          -7.073e+00               9.500           1.520e+01     
   0.000         132.000           -3.764e+00          -6.630e+00             209.580          -6.923e+00               9.855           1.520e+01     
   0.000         133.000           -3.764e+00          -6.771e+00             209.912          -6.778e+00              10.198           1.520e+01     
   0.000         134.000           -3.764e+00          -6.916e+00             210.254          -6.637e+00              10.531           1.520e+01     
   0.000         135.000           -3.764e+00          -7.065e+00             210.609          -6.501e+00              10.852           1.520e+01     
   0.000         136.000           -3.764e+00          -7.220e+00             210.976          -6.370e+00              11.164           1.520e+01     
   0.000         137.000           -3.764e+00          -7.380e+00             211.357          -6.243e+00              11.467           1.520e+01     
   0.000         138.000           -3.764e+00          -7.545e+00             211.752          -6.120e+00              11.761           1.520e+01     
   0.000         139.000           -3.764e+00          -7.716e+00             212.163          -6.001e+00              12.048           1.520e+01     
   0.000         140.000           -3.764e+00          -7.892e+00             212.590          -5.886e+00              12.326           1.520e+01     
   0.000         141.000           -3.764e+00          -8.074e+00             213.036          -5.775e+00              12.597           1.520e+01     
   0.000         142.000           -3.764e+00          -8.262e+00             213.501          -5.668e+00              12.862           1.520e+01     
   0.000         143.000           -3.764e+00          -8.457e+00             213.987          -5.564e+00              13.121           1.520e+01     
   0.000         144.000           -3.764e+00          -8.658e+00             214.495          -5.465e+00              13.373           1.520e+01     
   0.000         145.000           -3.764e+00          -8.865e+00             215.028          -5.369e+00              13.620           1.520e+01     
   0.000         146.000           -3.764e+00          -9.080e+00             215.588          -5.276e+00              13.861           1.520e+01     
   0.000         147.000           -3.764e+00          -9.302e+00             216.176          -5.187e+00              14.098           1.520e+01     
   0.000         148.000           -3.764e+00          -9.531e+00             216.796          -5.101e+00              14.329           1.520e+01     
   0.000         149.000           -3.764e+00          -9.769e+00             217.450          -5.019e+00              14.557           1.520e+01     
   0.000         150.000           -3.764e+00          -1.001e+01             218.141          -4.939e+00              14.780           1.520e+01     
   0.000         151.000           -3.764e+00          -1.027e+01             218.874          -4.863e+00              14.999           1.520e+01     
   0.000         152.000           -3.764e+00          -1.053e+01             219.651          -4.791e+00              15.214           1.520e+01     
   0.000         153.000           -3.764e+00          -1.080e+01             220.478          -4.721e+00              15.426           1.520e+01     
   0.000         154.000           -3.764e+00          -1.108e+01             221.358          -4.654e+00              15.635           1.520e+01     
   0.000         155.000           -3.764e+00          -1.138e+01             222.299          -4.590e+00              15.840           1.520e+01     
   0.000         156.000           -3.764e+00          -1.168e+01             223.307          -4.530e+00              16.043           1.520e+01     
   0.000         157.000           -3.764e+00          -1.199e+01             224.388          -4.472e+00              16.243           1.520e+01     
   0.000         158.000           -3.764e+00          -1.231e+01             225.551          -4.417e+00              16.440           1.520e+01     
   0.000         159.000           -3.764e+00          -1.265e+01             226.806          -4.365e+00              16.635           1.520e+01     
   0.000         160.000           -3.764e+00          -1.299e+01             228.163          -4.316e+00              16.827           1.520e+01     
   0.000         161.000           -3.764e+00          -1.335e+01             229.635          -4.270e+00              17.018           1.520e+01     
   0.000         162.000           -3.764e+00          -1.372e+01             231.234          -4.226e+00              17.207           1.520e+01     
   0.000         163.000           -3.764e+00          -1.410e+01             232.978          -4.186e+00              17.393           1.520e+01     
   0.000         164.000           -3.764e+00          -1.449e+01             234.885          -4.148e+00              17.578           1.520e+01     
   0.000         165.000           -3.764e+00          -1.489e+01             236.973          -4.112e+00              17.762           1.520e+01     
   0.000         166.000           -3.764e+00          -1.530e+01             239.266          -4.080e+00              17.944           1.520e+01     
   0.000         167.000           -3.764e+00          -1.572e+01             241.789          -4.050e+00              18.125           1.520e+01     
   0.000         168.000           -3.764e+00          -1.614e+01             244.568          -4.023e+00              18.304           1.520e+01     
   0.000         169.000           -3.764e+00          -1.656e+01             247.631          -3.998e+00              18.483           1.520e+01     
   0.000         170.000           -3.764e+00          -1.698e+01             251.006          -3.976e+00              18.660           1.520e+01     
   0.000         171.000           -3.764e+00          -1.739e+01             254.718          -3.956e+00              18.837           1.520e+01     
   0.000         172.000           -3.764e+00          -1.778e+01             258.786          -3.940e+00              19.013           1.520e+01     
   0.000         173.000           -3.764e+00          -1.814e+01             263.221          -3.925e+00              19.188           1.520e+01     
   0.000         174.000           -3.764e+00          -1.846e+01             268.016          -3.914e+00              19.363           1.520e+01     
   0.000         175.000           -3.764e+00          -1.872e+01             273.146          -3.905e+00              19.537           1.520e+01     
   0.000         176.000           -3.764e+00          -1.892e+01             278.561          -3.898e+00              19.711           1.520e+01     
   0.000         177.000           -3.764e+00          -1.905e+01             284.184          -3.894e+00              19.885           1.520e+01     
   0.000         178.000           -3.764e+00          -1.909e+01             289.919          -3.893e+00              20.059           1.520e+01     
   0.000         179.000           -3.764e+00          -1.905e+01             295.658          -3.894e+00              20.233           1.520e+01     
   0.000         180.000           -3.764e+00          -1.893e+01             301.289          -3.898e+00              20.407           1.520e+01     
   0.000         181.000           -3.764e+00          -1.873e+01             306.716          -3.904e+00              20.581           1.520e+01     
   0.000         182.000           -3.764e+00          -1.847e+01             311.862          -3.913e+00              20.755           1.520e+01     
   0.000         183.000           -3.764e+00          -1.815e+01             316.675          -3.925e+00              20.930           1.520e+01     
   0.000         184.000           -3.764e+00          -1.780e+01             321.127          -3.939e+00              21.105           1.520e+01     
   0.000         185.000           -3.764e+00          -1.741e+01             325.214          -3.956e+00              21.281           1.520e+01     
   0.000         186.000           -3.764e+00          -1.700e+01             328.943          -3.975e+00              21.458           1.520e+01     
   0.000         187.000           -3.764e+00          -1.659e+01             332.334          -3.997e+00              21.635           1.520e+01     
   0.000         188.000           -3.764e+00          -1.616e+01             335.412          -4.021e+00              21.814           1.520e+01     
   0.000         189.000           -3.764e+00          -1.574e+01             338.205          -4.048e+00              21.993           1.520e+01     
   0.000         190.000           -3.764e+00          -1.532e+01             340.740          -4.078e+00              22.174           1.520e+01     
   0.000         191.000           -3.764e+00          -1.491e+01             343.044          -4.111e+00              22.356           1.520e+01     
   0.000         192.000           -3.764e+00          -1.451e+01             345.142          -4.146e+00              22.539           1.520e+01     
   0.000         193.000           -3.764e+00          -1.412e+01             347.057          -4.184e+00              22.724           1.520e+01     
   0.000         194.000           -3.764e+00          -1.374e+01             348.809          -4.224e+00              22.911           1.520e+01     
   0.000         195.000           -3.764e+00          -1.337e+01             350.415          -4.268e+00              23.099           1.520e+01     
   0.000         196.000           -3.764e+00          -1.301e+01             351.893          -4.314e+00              23.290           1.520e+01     
   0.000         197.000           -3.764e+00          -1.266e+01             353.255          -4.363e+00              23.482           1.520e+01     
   0.000         198.000           -3.764e+00          -1.233e+01             354.515          -4.415e+00              23.677           1.520e+01     
   0.000         199.000           -3.764e+00          -1.200e+01             355.682          -4.469e+00              23.874           1.520e+01     
   0.000         200.000           -3.764e+00          -1.169e+01             356.768          -4.527e+00              24.074           1.520e+01     
   0.000         201.000           -3.764e+00          -1.139e+01             357.779          -4.587e+00              24.276           1.520e+01     
   0.000         202.000           -3.764e+00          -1.110e+01             358.723          -4.651e+00              24.482           1.520e+01     
   0.000         203.000           -3.764e+00          -1.082e+01             359.606          -4.717e+00              24.690           1.520e+01     
   0.000         204.000           -3.764e+00          -1.054e+01               0.436          -4.787e+00              24.902           1.520e+01     
   0.000         205.000           -3.764e+00          -1.028e+01               1.215          -4.860e+00              25.117           1.520e+01     
   0.000         206.000           -3.764e+00          -1.003e+01               1.950          -4.935e+00              25.336           1.520e+01     
   0.000         207.000           -3.764e+00          -9.781e+00               2.643          -5.014e+00              25.559           1.520e+01     
   0.000         208.000           -3.764e+00          -9.543e+00               3.299          -5.097e+00              25.786           1.520e+01     
   0.000         209.000           -3.764e+00          -9.313e+00               3.920          -5.182e+00              26.018           1.520e+01     
   0.000         210.000           -3.764e+00          -9.091e+00               4.510          -5.271e+00              26.254           1.520e+01     
   0.000         211.000           -3.764e+00          -8.876e+00               5.071          -5.364e+00              26.495           1.520e+01     
   0.000         212.000           -3.764e+00          -8.668e+00               5.605          -5.460e+00              26.741           1.520e+01     
   0.000         213.000           -3.764e+00          -8.467e+00               6.115          -5.559e+00              26.993           1.520e+01     
   0.000         214.000           -3.764e+00          -8.272e+00               6.602          -5.663e+00              27.252           1.520e+01     
   0.000         215.000           -3.764e+00          -8.083e+00               7.068          -5.769e+00              27.516           1.520e+01     
   0.000         216.000           -3.764e+00          -7.901e+00               7.515          -5.880e+00              27.787           1.520e+01     
   0.000         217.000           -3.764e+00          -7.724e+00               7.943          -5.995e+00              28.065           1.520e+01     
   0.000         218.000           -3.764e+00          -7.554e+00               8.355          -6.114e+00              28.351           1.520e+01     
   0.000         219.000           -3.764e+00          -7.388e+00               8.751          -6.236e+00              28.645           1.520e+01     
   0.000         220.000           -3.764e+00          -7.228e+00               9.132          -6.363e+00              28.947           1.520e+01     
   0.000         221.000           -3.764e+00          -7.073e+00               9.500          -6.495e+00              29.259           1.520e+01     
   0.000         222.000           -3.764e+00          -6.923e+00               9.855          -6.630e+00              29.580           1.520e+01     
   0.000         223.000           -3.764e+00          -6.778e+00              10.198          -6.771e+00              29.912           1.520e+01     
   0.000         224.000           -3.764e+00          -6.637e+00              10.531          -6.916e+00              30.254           1.520e+01     
   0.000         225.000           -3.764e+00          -6.501e+00              10.852          -7.065e+00              30.609           1.520e+01     
   0.000         226.000           -3.764e+00          -6.370e+00              11.164          -7.220e+00              30.976           1.520e+01     
   0.000         227.000           -3.764e+00          -6.243e+00              11.467          -7.380e+00              31.357           1.520e+01     
   0.000         228.000           -3.764e+00          -6.120e+00              11.761          -7.545e+00              31.752           1.520e+01     
   0.000         229.000           -3.764e+00          -6.001e+00              12.048          -7.716e+00              32.163           1.520e+01     
   0.000         230.000           -3.764e+00          -5.886e+00              12.326          -7.892e+00              32.590           1.520e+01     
   0.000         231.000           -3.764e+00          -5.775e+00              12.597          -8.074e+00              33.036           1.520e+01     
   0.000         232.000           -3.764e+00          -5.668e+00              12.862          -8.262e+00              33.501           1.520e+01     
   0.000         233.000           -3.764e+00          -5.564e+00              13.121          -8.457e+00              33.987           1.520e+01     
   0.000         234.000           -3.764e+00          -5.465e+00              13.373          -8.658e+00              34.495           1.520e+01     
   0.000         235.000           -3.764e+00          -5.369e+00              13.620          -8.865e+00              35.028           1.520e+01     
   0.000         236.000           -3.764e+00          -5.276e+00              13.861          -9.080e+00              35.588           1.520e+01     
   0.000         237.000           -3.764e+00          -5.187e+00              14.098          -9.302e+00              36.176           1.520e+01     
   0.000         238.000           -3.764e+00          -5.101e+00              14.329          -9.531e+00              36.796           1.520e+01     
   0.000         239.000           -3.764e+00          -5.019e+00              14.557          -9.769e+00              37.450           1.520e+01     
   0.000         240.000           -3.764e+00          -4.939e+00              14.780          -1.001e+01              38.141           1.520e+01     
   0.000         241.000           -3.764e+00          -4.863e+00              14.999          -1.027e+01              38.874           1.520e+01     
   0.000         242.000           -3.764e+00          -4.791e+00              15.214          -1.053e+01              39.651           1.520e+01     
   0.000         243.000           -3.764e+00          -4.721e+00              15.426          -1.080e+01              40.478           1.520e+01     
   0.000         244.000           -3.764e+00          -4.654e+00              15.635          -1.108e+01              41.358           1.520e+01     
   0.000         245.000           -3.764e+00          -4.590e+00              15.840          -1.138e+01              42.299           1.520e+01     
   0.000         246.000           -3.764e+00          -4.530e+00              16.043          -1.168e+01              43.307           1.520e+01     
   0.000         247.000           -3.764e+00          -4.472e+00              16.243          -1.199e+01              44.388           1.520e+01     
   0.000         248.000           -3.764e+00          -4.417e+00              16.440          -1.231e+01              45.551           1.520e+01     
   0.000         249.000           -3.764e+00          -4.365e+00              16.635          -1.265e+01              46.806           1.520e+01     
   0.000         250.000           -3.764e+00          -4.316e+00              16.827          -1.299e+01              48.163           1.520e+01     
   0.000         251.000           -3.764e+00          -4.270e+00              17.018          -1.335e+01              49.635           1.520e+01     
   0.000         252.000           -3.764e+00          -4.226e+00              17.207          -1.372e+01              51.234           1.520e+01     
   0.000         253.000           -3.764e+00          -4.186e+00              17.393          -1.410e+01              52.978           1.520e+01     
   0.000         254.000           -3.764e+00          -4.148e+00              17.578          -1.449e+01              54.885           1.520e+01     
   0.000         255.000           -3.764e+00          -4.112e+00              17.762          -1.489e+01              56.973           1.520e+01     
   0.000         256.000           -3.764e+00          -4.080e+00              17.944          -1.530e+01              59.266           1.520e+01     
   0.000         257.000           -3.764e+00          -4.050e+00              18.125          -1.572e+01              61.789           1.520e+01     
   0.000         258.000           -3.764e+00          -4.023e+00              18.304          -1.614e+01              64.568           1.520e+01     
   0.000         259.000           -3.764e+00          -3.998e+00              18.483          -1.656e+01              67.631           1.520e+01     
   0.000         260.000           -3.764e+00          -3.976e+00              18.660          -1.698e+01              71.006           1.520e+01     
   0.000         261.000           -3.764e+00          -3.956e+00              18.837          -1.739e+01              74.718           1.520e+01     
   0.000         262.000           -3.764e+00          -3.940e+00              19.013          -1.778e+01              78.786           1.520e+01     
   0.000         263.000           -3.764e+00          -3.925e+00              19.188          -1.814e+01              83.221           1.520e+01     
   0.000         264.000           -3.764e+00          -3.914e+00              19.363          -1.846e+01              88.016           1.520e+01     
   0.000         265.000           -3.764e+00          -3.905e+00              19.537          -1.872e+01              93.146           1.520e+01     
   0.000         266.000           -3.764e+00          -3.898e+00              19.711          -1.892e+01              98.561           1.520e+01     
   0.000         267.000           -3.764e+00          -3.894e+00              19.885          -1.905e+01             104.184           1.520e+01     
   0.000         268.000           -3.764e+00          -3.893e+00              20.059          -1.909e+01             109.919           1.520e+01     
   0.000         269.000           -3.764e+00          -3.894e+00              20.233          -1.905e+01             115.658           1.520e+01     
   0.000         270.000           -3.764e+00          -3.898e+00              20.407          -1.893e+01             121.289           1.520e+01     
   0.000         271.000           -3.764e+00          -3.904e+00              20.581          -1.873e+01             126.716           1.520e+01     
   0.000         272.000           -3.764e+00          -3.913e+00              20.755          -1.847e+01             131.862           1.520e+01     
   0.000         273.000           -3.764e+00          -3.925e+00              20.930          -1.815e+01             136.675           1.520e+01     
   0.000         274.000           -3.764e+00          -3.939e+00              21.105          -1.780e+01             141.127           1.520e+01     
   0.000         275.000           -3.764e+00          -3.956e+00              21.281          -1.741e+01             145.214           1.520e+01     
   0.000         276.000           -3.764e+00          -3.975e+00              21.458          -1.700e+01             148.943           1.520e+01     
   0.000         277.000           -3.764e+00          -3.997e+00              21.635          -1.659e+01             152.334           1.520e+01     
   0.000         278.000           -3.764e+00          -4.021e+00              21.814          -1.616e+01             155.412           1.520e+01     
   0.000         279.000           -3.764e+00          -4.048e+00              21.993          -1.574e+01             158.205           1.520e+01     
   0.000         280.000           -3.764e+00          -4.078e+00              22.174          -1.532e+01             160.740           1.520e+01     
   0.000         281.000           -3.764e+00          -4.111e+00              22.356          -1.491e+01             163.044           1.520e+01     
   0.000         282.000           -3.764e+00          -4.146e+00              22.539          -1.451e+01             165.142           1.520e+01     
   0.000         283.000           -3.764e+00          -4.184e+00              22.724          -1.412e+01             167.057           1.520e+01     
   0.000         284.000           -3.764e+00          -4.224e+00              22.911          -1.374e+01             168.809           1.520e+01     
   0.000         285.000           -3.764e+00          -4.268e+00              23.099          -1.337e+01             170.415           1.520e+01     
   0.000         286.000           -3.764e+00          -4.314e+00              23.290          -1.301e+01             171.893           1.520e+01     
   0.000         287.000           -3.764e+00          -4.363e+00              23.482          -1.266e+01             173.255           1.520e+01     
   0.000         288.000           -3.764e+00          -4.415e+00              23.677          -1.233e+01             174.515           1.520e+01     
   0.000         289.000           -3.764e+00          -4.469e+00              23.874          -1.200e+01             175.682           1.520e+01     
   0.000         290.000           -3.764e+00          -4.527e+00              24.074          -1.169e+01             176.768           1.520e+01     
   0.000         291.000           -3.764e+00          -4.587e+00              24.276          -1.139e+01             177.779           1.520e+01     
   0.000         292.000           -3.764e+00          -4.651e+00              24.482          -1.110e+01             178.723           1.520e+01     
   0.000         293.000           -3.764e+00          -4.717e+00              24.690          -1.082e+01             179.606           1.520e+01     
   0.000         294.000           -3.764e+00          -4.787e+00              24.902          -1.054e+01             180.436           1.520e+01     
   0.000         295.000           -3.764e+00          -4.860e+00              25.117          -1.028e+01             181.215           1.520e+01     
   0.000         296.000           -3.764e+00          -4.935e+00              25.336          -1.003e+01             181.950           1.520e+01     
   0.000         297.000           -3.764e+00          -5.014e+00              25.559          -9.781e+00             182.643           1.520e+01     
   0.000         298.000           -3.764e+00          -5.097e+00              25.786          -9.543e+00             183.299           1.520e+01     
   0.000         299.000           -3.764e+00          -5.182e+00              26.018          -9.313e+00             183.920           1.520e+01     
   0.000         300.000           -3.764e+00          -5.271e+00              26.254          -9.091e+00             184.510           1.520e+01     
   0.000         301.000           -3.764e+00          -5.364e+00              26.495          -8.876e+00             185.071           1.520e+01     
   0.000         302.000           -3.764e+00          -5.460e+00              26.741          -8.668e+00             185.605           1.520e+01     
   0.000         303.000           -3.764e+00          -5.559e+00              26.993          -8.467e+00             186.115           1.520e+01     
   0.000         304.000           -3.764e+00          -5.663e+00              27.252          -8.272e+00             186.602           1.520e+01     
   0.000         305.000           -3.764e+00          -5.769e+00              27.516          -8.083e+00             187.068           1.520e+01     
   0.000         306.000           -3.764e+00          -5.880e+00              27.787          -7.901e+00             187.515           1.520e+01     
   0.000         307.000           -3.764e+00          -5.995e+00              28.065          -7.724e+00             187.943           1.520e+01     
   0.000         308.000           -3.764e+00          -6.114e+00              28.351          -7.554e+00             188.355           1.520e+01     
   0.000         309.000           -3.764e+00          -6.236e+00              28.645          -7.388e+00             188.751           1.520e+01     
   0.000         310.000           -3.764e+00          -6.363e+00              28.947          -7.228e+00             189.132           1.520e+01     
   0.000         311.000           -3.764e+00          -6.495e+00              29.259          -7.073e+00             189.500           1.520e+01     
   0.000         312.000           -3.764e+00          -6.630e+00              29.580          -6.923e+00             189.855           1.520e+01     
   0.000         313.000           -3.764e+00          -6.771e+00              29.912          -6.778e+00             190.198           1.520e+01     
   0.000         314.000           -3.764e+00          -6.916e+00              30.254          -6.637e+00             190.531           1.520e+01     
   0.000         315.000           -3.764e+00          -7.065e+00              30.609          -6.501e+00             190.852           1.520e+01     
   0.000         316.000           -3.764e+00          -7.220e+00              30.976          -6.370e+00             191.164           1.520e+01     
   0.000         317.000           -3.764e+00          -7.380e+00              31.357          -6.243e+00             191.467           1.520e+01     
   0.000         318.000           -3.764e+00          -7.545e+00              31.752          -6.120e+00             191.761           1.520e+01     
   0.000         319.000           -3.764e+00          -7.716e+00              32.163          -6.001e+00             192.048           1.520e+01     
   0.000         320.000           -3.764e+00          -7.892e+00              32.590          -5.886e+00             192.326           1.520e+01     
   0.000         321.000           -3.764e+00          -8.074e+00              33.036          -5.775e+00             192.597           1.520e+01     
   0.000         322.000           -3.764e+00          -8.262e+00              33.501          -5.668e+00             192.862           1.520e+01     
   0.000         323.000           -3.764e+00          -8.457e+00              33.987          -5.564e+00             193.121           1.520e+01     
   0.000         324.000           -3.764e+00          -8.658e+00              34.495          -5.465e+00             193.373           1.520e+01     
   0.000         325.000           -3.764e+00          -8.865e+00              35.028          -5.369e+00             193.620           1.520e+01     
   0.000         326.000           -3.764e+00          -9.080e+00              35.588          -5.276e+00             193.861           1.520e+01     
   0.000         327.000           -3.764e+00          -9.302e+00              36.176          -5.187e+00             194.098           1.520e+01     
   0.000         328.000           -3.764e+00          -9.531e+00              36.796          -5.101e+00             194.329           1.520e+01     
   0.000         329.000           -3.764e+00          -9.769e+00              37.450          -5.019e+00             194.557           1.520e+01     
   0.000         330.000           -3.764e+00          -1.001e+01              38.141          -4.939e+00             194.780           1.520e+01     
   0.000         331.000           -3.764e+00          -1.027e+01              38.874          -4.863e+00             194.999           1.520e+01     
   0.000         332.000           -3.764e+00          -1.053e+01              39.651          -4.791e+00             195.214           1.520e+01     
   0.000         333.000           -3.764e+00          -1.080e+01              40.478          -4.721e+00             195.426           1.520e+01     
   0.000         334.000           -3.764e+00          -1.108e+01              41.358          -4.654e+00             195.635           1.520e+01     
   0.000         335.000           -3.764e+00          -1.138e+01              42.299          -4.590e+00             195.840           1.520e+01     
   0.000         336.000           -3.764e+00          -1.168e+01              43.307          -4.530e+00             196.043           1.520e+01     
   0.000         337.000           -3.764e+00          -1.199e+01              44.388          -4.472e+00             196.243           1.520e+01     
   0.000         338.000           -3.764e+00          -1.231e+01              45.551          -4.417e+00             196.440           1.520e+01     
   0.000         339.000           -3.764e+00          -1.265e+01              46.806          -4.365e+00             196.635           1.520e+01     
   0.000         340.000           -3.764e+00          -1.299e+01              48.163          -4.316e+00             196.827           1.520e+01     
   0.000         341.000           -3.764e+00          -1.335e+01              49.635          -4.270e+00             197.018           1.520e+01     
   0.000         342.000           -3.764e+00          -1.372e+01              51.234          -4.226e+00             197.207           1.520e+01     
   0.000         343.000           -3.764e+00          -1.410e+01              52.978          -4.186e+00             197.393           1.520e+01     
   0.000         344.000           -3.764e+00          -1.449e+01              54.885          -4.148e+00             197.578           1.520e+01     
   0.000         345.000           -3.764e+00          -1.489e+01              56.973          -4.112e+00             197.762           1.520e+01     
   0.000         346.000           -3.764e+00          -1.530e+01              59.266          -4.080e+00             197.944           1.520e+01     
   0.000         347.000           -3.764e+00          -1.572e+01              61.789          -4.050e+00             198.125           1.520e+01     
   0.000         348.000           -3.764e+00          -1.614e+01              64.568          -4.023e+00             198.304           1.520e+01     
   0.000         349.000           -3.764e+00          -1.656e+01              67.631          -3.998e+00             198.483           1.520e+01     
   0.000         350.000           -3.764e+00          -1.698e+01              71.006          -3.976e+00             198.660           1.520e+01     
   0.000         351.000           -3.764e+00          -1.739e+01              74.718          -3.956e+00             198.837           1.520e+01     
   0.000         352.000           -3.764e+00          -1.778e+01              78.786          -3.940e+00             199.013           1.520e+01     
   0.000         353.000           -3.764e+00          -1.814e+01              83.221          -3.925e+00             199.188           1.520e+01     
   0.000         354.000           -3.764e+00          -1.846e+01              88.016          -3.914e+00             199.363           1.520e+01     
   0.000         355.000           -3.764e+00          -1.872e+01              93.146          -3.905e+00             199.537           1.520e+01     
   0.000         356.000           -3.764e+00          -1.892e+01              98.561          -3.898e+00             199.711           1.520e+01     
   0.000         357.000           -3.764e+00          -1.905e+01             104.184          -3.894e+00             199.885           1.520e+01     
   0.000         358.000           -3.764e+00          -1.909e+01             109.919          -3.893e+00             200.059           1.520e+01     
   0.000         359.000           -3.764e+00          -1.905e+01             115.658          -3.894e+00             200.233           1.520e+01     
