Theta [deg.]  Phi   [deg.]  Abs(Dir.)[dBi   ]   Abs(Theta)[dBi   ]  Phase(Theta)[deg.]  Abs(Phi  )[dBi   ]  Phase(Phi  )[deg.]  Ax.Ratio[dB    ]    
------------------------------------------------------------------------------------------------------------------------------------------------------
  90.000           0.000            3.441e+00          -2.893e+01             117.400           3.439e+00             174.707           3.387e+01     
  90.000           1.000            3.440e+00          -2.891e+01             118.503           3.437e+00             174.677           3.396e+01     
  90.000           2.000            3.435e+00          -2.890e+01             119.612           3.432e+00             174.652           3.406e+01     
  90.000           3.000            3.426e+00          -2.888e+01             120.726           3.424e+00             174.633           3.415e+01     
  90.000           4.000            3.415e+00          -2.886e+01             121.845           3.412e+00             174.620           3.425e+01     
  90.000           5.000            3.400e+00          -2.884e+01             122.967           3.397e+00             174.611           3.435e+01     
  90.000           6.000            3.381e+00          -2.882e+01             124.092           3.379e+00             174.609           3.445e+01     
  90.000           7.000            3.360e+00          -2.879e+01             125.221           3.357e+00             174.611           3.455e+01     
  90.000           8.000            3.334e+00          -2.877e+01             126.351           3.332e+00             174.619           3.465e+01     
  90.000           9.000            3.306e+00          -2.875e+01             127.484           3.303e+00             174.632           3.475e+01     
  90.000          10.000            3.274e+00          -2.873e+01             128.618           3.271e+00             174.651           3.486e+01     
  90.000          11.000            3.238e+00          -2.870e+01             129.753           3.236e+00             174.675           3.496e+01     
  90.000          12.000            3.200e+00          -2.868e+01             130.889           3.197e+00             174.704           3.507e+01     
  90.000          13.000            3.157e+00          -2.865e+01             132.025           3.154e+00             174.738           3.518e+01     
  90.000          14.000            3.112e+00          -2.863e+01             133.161           3.109e+00             174.777           3.529e+01     
  90.000          15.000            3.062e+00          -2.860e+01             134.295           3.059e+00             174.821           3.541e+01     
  90.000          16.000            3.010e+00          -2.857e+01             135.429           3.007e+00             174.871           3.552e+01     
  90.000          17.000            2.954e+00          -2.855e+01             136.561           2.951e+00             174.925           3.564e+01     
  90.000          18.000            2.894e+00          -2.852e+01             137.692           2.891e+00             174.984           3.577e+01     
  90.000          19.000            2.831e+00          -2.849e+01             138.820           2.828e+00             175.047           3.589e+01     
  90.000          20.000            2.764e+00          -2.847e+01             139.945           2.761e+00             175.116           3.602e+01     
  90.000          21.000            2.694e+00          -2.844e+01             141.067           2.690e+00             175.189           3.615e+01     
  90.000          22.000            2.620e+00          -2.841e+01             142.186           2.617e+00             175.266           3.629e+01     
  90.000          23.000            2.543e+00          -2.838e+01             143.301           2.539e+00             175.348           3.643e+01     
  90.000          24.000            2.462e+00          -2.835e+01             144.412           2.458e+00             175.434           3.658e+01     
  90.000          25.000            2.377e+00          -2.833e+01             145.518           2.373e+00             175.525           3.672e+01     
  90.000          26.000            2.289e+00          -2.830e+01             146.619           2.285e+00             175.619           3.688e+01     
  90.000          27.000            2.197e+00          -2.827e+01             147.715           2.193e+00             175.718           3.704e+01     
  90.000          28.000            2.101e+00          -2.824e+01             148.806           2.097e+00             175.820           3.720e+01     
  90.000          29.000            2.001e+00          -2.822e+01             149.890           1.997e+00             175.926           3.737e+01     
  90.000          30.000            1.898e+00          -2.819e+01             150.968           1.894e+00             176.035           3.755e+01     
  90.000          31.000            1.791e+00          -2.816e+01             152.040           1.787e+00             176.148           3.773e+01     
  90.000          32.000            1.680e+00          -2.813e+01             153.105           1.676e+00             176.265           3.792e+01     
  90.000          33.000            1.566e+00          -2.811e+01             154.162           1.561e+00             176.384           3.812e+01     
  90.000          34.000            1.447e+00          -2.808e+01             155.212           1.442e+00             176.507           3.833e+01     
  90.000          35.000            1.325e+00          -2.805e+01             156.254           1.320e+00             176.632           3.854e+01     
  90.000          36.000            1.198e+00          -2.803e+01             157.287           1.193e+00             176.760           3.877e+01     
  90.000          37.000            1.068e+00          -2.800e+01             158.312           1.062e+00             176.890           3.901e+01     
  90.000          38.000            9.328e-01          -2.798e+01             159.329           9.272e-01             177.023           3.926e+01     
  90.000          39.000            7.940e-01          -2.795e+01             160.336           7.882e-01             177.158           3.952e+01     
  90.000          40.000            6.509e-01          -2.793e+01             161.334           6.449e-01             177.294           3.980e+01     
  90.000          41.000            5.036e-01          -2.790e+01             162.322           4.973e-01             177.432           4.000e+01     
  90.000          42.000            3.518e-01          -2.788e+01             163.300           3.453e-01             177.571           4.000e+01     
  90.000          43.000            1.957e-01          -2.786e+01             164.268           1.889e-01             177.711           4.000e+01     
  90.000          44.000            3.500e-02          -2.784e+01             165.225           2.790e-02             177.852           4.000e+01     
  90.000          45.000           -1.303e-01          -2.781e+01             166.170          -1.377e-01             177.994           4.000e+01     
  90.000          46.000           -3.003e-01          -2.779e+01             167.105          -3.081e-01             178.135           4.000e+01     
  90.000          47.000           -4.752e-01          -2.777e+01             168.029          -4.833e-01             178.277           4.000e+01     
  90.000          48.000           -6.550e-01          -2.775e+01             168.941          -6.635e-01             178.418           4.000e+01     
  90.000          49.000           -8.398e-01          -2.773e+01             169.841          -8.487e-01             178.558           4.000e+01     
  90.000          50.000           -1.030e+00          -2.771e+01             170.730          -1.039e+00             178.697           4.000e+01     
  90.000          51.000           -1.225e+00          -2.770e+01             171.605          -1.235e+00             178.834           4.000e+01     
  90.000          52.000           -1.426e+00          -2.768e+01             172.468          -1.437e+00             178.968           4.000e+01     
  90.000          53.000           -1.633e+00          -2.766e+01             173.319          -1.644e+00             179.100           4.000e+01     
  90.000          54.000           -1.845e+00          -2.765e+01             174.156          -1.857e+00             179.229           4.000e+01     
  90.000          55.000           -2.064e+00          -2.763e+01             174.979          -2.076e+00             179.354           4.000e+01     
  90.000          56.000           -2.289e+00          -2.762e+01             175.789          -2.301e+00             179.475           4.000e+01     
  90.000          57.000           -2.520e+00          -2.761e+01             176.585          -2.534e+00             179.590           4.000e+01     
  90.000          58.000           -2.758e+00          -2.760e+01             177.367          -2.773e+00             179.700           4.000e+01     
  90.000          59.000           -3.004e+00          -2.759e+01             178.135          -3.019e+00             179.803           4.000e+01     
  90.000          60.000           -3.256e+00          -2.758e+01             178.888          -3.272e+00             179.899           4.000e+01     
  90.000          61.000           -3.517e+00          -2.757e+01             179.626          -3.534e+00             179.986           4.000e+01     
  90.000          62.000           -3.785e+00          -2.756e+01             180.350          -3.803e+00             180.063           4.000e+01     
  90.000          63.000           -4.062e+00          -2.755e+01             181.058          -4.082e+00             180.130           4.000e+01     
  90.000          64.000           -4.348e+00          -2.755e+01             181.751          -4.369e+00             180.185           4.000e+01     
  90.000          65.000           -4.644e+00          -2.754e+01             182.428          -4.666e+00             180.227           4.000e+01     
  90.000          66.000           -4.949e+00          -2.754e+01             183.090          -4.973e+00             180.253           4.000e+01     
  90.000          67.000           -5.266e+00          -2.753e+01             183.736          -5.291e+00             180.262           4.000e+01     
  90.000          68.000           -5.593e+00          -2.753e+01             184.365          -5.621e+00             180.253           4.000e+01     
  90.000          69.000           -5.933e+00          -2.753e+01             184.979          -5.963e+00             180.222           4.000e+01     
  90.000          70.000           -6.285e+00          -2.753e+01             185.576          -6.318e+00             180.167           4.000e+01     
  90.000          71.000           -6.651e+00          -2.753e+01             186.156          -6.687e+00             180.084           4.000e+01     
  90.000          72.000           -7.032e+00          -2.753e+01             186.720          -7.071e+00             179.971           3.914e+01     
  90.000          73.000           -7.429e+00          -2.754e+01             187.266          -7.472e+00             179.822           3.790e+01     
  90.000          74.000           -7.844e+00          -2.754e+01             187.796          -7.891e+00             179.633           3.670e+01     
  90.000          75.000           -8.277e+00          -2.755e+01             188.308          -8.329e+00             179.397           3.552e+01     
  90.000          76.000           -8.730e+00          -2.755e+01             188.803          -8.788e+00             179.108           3.435e+01     
  90.000          77.000           -9.206e+00          -2.756e+01             189.281          -9.270e+00             178.757           3.318e+01     
  90.000          78.000           -9.706e+00          -2.757e+01             189.740          -9.778e+00             178.332           3.200e+01     
  90.000          79.000           -1.023e+01          -2.758e+01             190.183          -1.031e+01             177.821           3.081e+01     
  90.000          80.000           -1.079e+01          -2.759e+01             190.607          -1.088e+01             177.208           2.958e+01     
  90.000          81.000           -1.138e+01          -2.760e+01             191.013          -1.148e+01             176.470           2.832e+01     
  90.000          82.000           -1.201e+01          -2.761e+01             191.401          -1.213e+01             175.582           2.700e+01     
  90.000          83.000           -1.267e+01          -2.763e+01             191.771          -1.281e+01             174.509           2.563e+01     
  90.000          84.000           -1.338e+01          -2.764e+01             192.123          -1.355e+01             173.204           2.418e+01     
  90.000          85.000           -1.414e+01          -2.766e+01             192.457          -1.434e+01             171.605           2.264e+01     
  90.000          86.000           -1.496e+01          -2.768e+01             192.772          -1.520e+01             169.627           2.100e+01     
  90.000          87.000           -1.583e+01          -2.769e+01             193.068          -1.613e+01             167.150           1.924e+01     
  90.000          88.000           -1.677e+01          -2.771e+01             193.346          -1.714e+01             164.006           1.734e+01     
  90.000          89.000           -1.777e+01          -2.773e+01             193.605          -1.823e+01             159.952           1.530e+01     
  90.000          90.000           -1.881e+01          -2.776e+01             193.845          -1.940e+01             154.640           1.311e+01     
  90.000          91.000           -1.986e+01          -2.778e+01             194.067          -2.062e+01             147.590           1.078e+01     
  90.000          92.000           -2.085e+01          -2.780e+01             194.270          -2.182e+01             138.219           8.378e+00     
  90.000          93.000           -2.165e+01          -2.783e+01             194.453          -2.285e+01             126.067           6.104e+00     
  90.000          94.000           -2.210e+01          -2.785e+01             194.618          -2.345e+01             111.387           4.531e+00     
  90.000          95.000           -2.209e+01          -2.788e+01             194.764          -2.342e+01              95.731           4.677e+00     
  90.000          96.000           -2.163e+01          -2.790e+01             194.891          -2.279e+01              81.321           6.414e+00     
  90.000          97.000           -2.084e+01          -2.793e+01             194.999          -2.178e+01              69.533           8.728e+00     
  90.000          98.000           -1.988e+01          -2.796e+01             195.088          -2.061e+01              60.483           1.112e+01     
  90.000          99.000           -1.887e+01          -2.799e+01             195.158          -1.944e+01              53.666           1.342e+01     
  90.000         100.000           -1.788e+01          -2.802e+01             195.209          -1.832e+01              48.506           1.556e+01     
  90.000         101.000           -1.693e+01          -2.805e+01             195.241          -1.728e+01              44.543           1.752e+01     
  90.000         102.000           -1.605e+01          -2.808e+01             195.253          -1.633e+01              41.444           1.932e+01     
  90.000         103.000           -1.522e+01          -2.812e+01             195.247          -1.545e+01              38.979           2.096e+01     
  90.000         104.000           -1.446e+01          -2.815e+01             195.222          -1.465e+01              36.986           2.245e+01     
  90.000         105.000           -1.375e+01          -2.818e+01             195.178          -1.391e+01              35.351           2.381e+01     
  90.000         106.000           -1.309e+01          -2.822e+01             195.114          -1.322e+01              33.994           2.504e+01     
  90.000         107.000           -1.247e+01          -2.825e+01             195.032          -1.258e+01              32.854           2.617e+01     
  90.000         108.000           -1.189e+01          -2.829e+01             194.931          -1.199e+01              31.886           2.719e+01     
  90.000         109.000           -1.135e+01          -2.833e+01             194.811          -1.144e+01              31.058           2.811e+01     
  90.000         110.000           -1.084e+01          -2.837e+01             194.672          -1.092e+01              30.344           2.896e+01     
  90.000         111.000           -1.037e+01          -2.840e+01             194.515          -1.043e+01              29.723           2.972e+01     
  90.000         112.000           -9.913e+00          -2.844e+01             194.339          -9.975e+00              29.180           3.041e+01     
  90.000         113.000           -9.486e+00          -2.848e+01             194.144          -9.541e+00              28.701           3.104e+01     
  90.000         114.000           -9.081e+00          -2.852e+01             193.931          -9.131e+00              28.278           3.160e+01     
  90.000         115.000           -8.696e+00          -2.856e+01             193.699          -8.741e+00              27.900           3.211e+01     
  90.000         116.000           -8.330e+00          -2.860e+01             193.449          -8.371e+00              27.562           3.256e+01     
  90.000         117.000           -7.982e+00          -2.864e+01             193.180          -8.019e+00              27.258           3.297e+01     
  90.000         118.000           -7.649e+00          -2.868e+01             192.893          -7.683e+00              26.982           3.333e+01     
  90.000         119.000           -7.331e+00          -2.872e+01             192.588          -7.363e+00              26.732           3.366e+01     
  90.000         120.000           -7.028e+00          -2.876e+01             192.265          -7.057e+00              26.503           3.394e+01     
  90.000         121.000           -6.737e+00          -2.880e+01             191.923          -6.764e+00              26.292           3.420e+01     
  90.000         122.000           -6.459e+00          -2.885e+01             191.564          -6.484e+00              26.098           3.442e+01     
  90.000         123.000           -6.192e+00          -2.889e+01             191.187          -6.215e+00              25.917           3.461e+01     
  90.000         124.000           -5.936e+00          -2.893e+01             190.792          -5.957e+00              25.749           3.478e+01     
  90.000         125.000           -5.690e+00          -2.897e+01             190.379          -5.710e+00              25.591           3.492e+01     
  90.000         126.000           -5.453e+00          -2.902e+01             189.949          -5.472e+00              25.443           3.504e+01     
  90.000         127.000           -5.226e+00          -2.906e+01             189.501          -5.244e+00              25.302           3.515e+01     
  90.000         128.000           -5.008e+00          -2.910e+01             189.035          -5.025e+00              25.169           3.523e+01     
  90.000         129.000           -4.797e+00          -2.914e+01             188.553          -4.813e+00              25.041           3.530e+01     
  90.000         130.000           -4.595e+00          -2.919e+01             188.052          -4.610e+00              24.918           3.535e+01     
  90.000         131.000           -4.401e+00          -2.923e+01             187.534          -4.415e+00              24.800           3.539e+01     
  90.000         132.000           -4.213e+00          -2.927e+01             186.999          -4.227e+00              24.686           3.542e+01     
  90.000         133.000           -4.033e+00          -2.931e+01             186.447          -4.046e+00              24.575           3.543e+01     
  90.000         134.000           -3.859e+00          -2.935e+01             185.878          -3.871e+00              24.467           3.543e+01     
  90.000         135.000           -3.692e+00          -2.940e+01             185.291          -3.704e+00              24.361           3.543e+01     
  90.000         136.000           -3.531e+00          -2.944e+01             184.690          -3.542e+00              24.257           3.542e+01     
  90.000         137.000           -3.376e+00          -2.948e+01             184.069          -3.386e+00              24.155           3.539e+01     
  90.000         138.000           -3.227e+00          -2.952e+01             183.431          -3.237e+00              24.055           3.536e+01     
  90.000         139.000           -3.083e+00          -2.956e+01             182.776          -3.093e+00              23.955           3.533e+01     
  90.000         140.000           -2.945e+00          -2.960e+01             182.104          -2.954e+00              23.857           3.528e+01     
  90.000         141.000           -2.812e+00          -2.964e+01             181.415          -2.821e+00              23.759           3.523e+01     
  90.000         142.000           -2.685e+00          -2.968e+01             180.709          -2.693e+00              23.662           3.518e+01     
  90.000         143.000           -2.562e+00          -2.972e+01             179.986          -2.570e+00              23.566           3.512e+01     
  90.000         144.000           -2.444e+00          -2.976e+01             179.247          -2.452e+00              23.470           3.506e+01     
  90.000         145.000           -2.331e+00          -2.979e+01             178.491          -2.339e+00              23.374           3.499e+01     
  90.000         146.000           -2.223e+00          -2.983e+01             177.717          -2.231e+00              23.279           3.491e+01     
  90.000         147.000           -2.120e+00          -2.987e+01             176.927          -2.127e+00              23.184           3.484e+01     
  90.000         148.000           -2.020e+00          -2.990e+01             176.121          -2.028e+00              23.089           3.476e+01     
  90.000         149.000           -1.926e+00          -2.994e+01             175.297          -1.933e+00              22.994           3.467e+01     
  90.000         150.000           -1.835e+00          -2.997e+01             174.457          -1.842e+00              22.899           3.458e+01     
  90.000         151.000           -1.749e+00          -3.000e+01             173.601          -1.756e+00              22.804           3.449e+01     
  90.000         152.000           -1.667e+00          -3.004e+01             172.728          -1.674e+00              22.710           3.440e+01     
  90.000         153.000           -1.589e+00          -3.007e+01             171.839          -1.596e+00              22.616           3.430e+01     
  90.000         154.000           -1.516e+00          -3.010e+01             170.934          -1.522e+00              22.521           3.420e+01     
  90.000         155.000           -1.446e+00          -3.013e+01             170.012          -1.452e+00              22.427           3.410e+01     
  90.000         156.000           -1.380e+00          -3.015e+01             169.075          -1.386e+00              22.334           3.399e+01     
  90.000         157.000           -1.318e+00          -3.018e+01             168.122          -1.323e+00              22.240           3.389e+01     
  90.000         158.000           -1.260e+00          -3.021e+01             167.154          -1.265e+00              22.147           3.378e+01     
  90.000         159.000           -1.205e+00          -3.023e+01             166.171          -1.211e+00              22.054           3.367e+01     
  90.000         160.000           -1.155e+00          -3.025e+01             165.173          -1.160e+00              21.961           3.355e+01     
  90.000         161.000           -1.108e+00          -3.027e+01             164.160          -1.113e+00              21.869           3.344e+01     
  90.000         162.000           -1.065e+00          -3.029e+01             163.134          -1.070e+00              21.777           3.332e+01     
  90.000         163.000           -1.025e+00          -3.031e+01             162.093          -1.030e+00              21.686           3.320e+01     
  90.000         164.000           -9.895e-01          -3.032e+01             161.040          -9.946e-01              21.595           3.307e+01     
  90.000         165.000           -9.573e-01          -3.034e+01             159.974          -9.623e-01              21.504           3.295e+01     
  90.000         166.000           -9.287e-01          -3.035e+01             158.895          -9.337e-01              21.415           3.282e+01     
  90.000         167.000           -9.037e-01          -3.036e+01             157.805          -9.087e-01              21.326           3.269e+01     
  90.000         168.000           -8.823e-01          -3.037e+01             156.704          -8.872e-01              21.237           3.257e+01     
  90.000         169.000           -8.644e-01          -3.037e+01             155.593          -8.693e-01              21.149           3.243e+01     
  90.000         170.000           -8.500e-01          -3.037e+01             154.472          -8.549e-01              21.062           3.230e+01     
  90.000         171.000           -8.392e-01          -3.038e+01             153.342          -8.441e-01              20.976           3.216e+01     
  90.000         172.000           -8.319e-01          -3.037e+01             152.204          -8.368e-01              20.890           3.203e+01     
  90.000         173.000           -8.281e-01          -3.037e+01             151.058          -8.330e-01              20.805           3.189e+01     
  90.000         174.000           -8.279e-01          -3.037e+01             149.906          -8.327e-01              20.721           3.175e+01     
  90.000         175.000           -8.311e-01          -3.036e+01             148.748          -8.360e-01              20.638           3.161e+01     
  90.000         176.000           -8.379e-01          -3.035e+01             147.585          -8.427e-01              20.555           3.147e+01     
  90.000         177.000           -8.481e-01          -3.034e+01             146.418          -8.530e-01              20.473           3.132e+01     
  90.000         178.000           -8.619e-01          -3.032e+01             145.248          -8.668e-01              20.392           3.118e+01     
  90.000         179.000           -8.792e-01          -3.031e+01             144.076          -8.842e-01              20.312           3.103e+01     
  90.000         180.000           -9.000e-01          -3.029e+01             142.904          -9.050e-01              20.232           3.088e+01     
  90.000         181.000           -9.244e-01          -3.027e+01             141.730          -9.294e-01              20.153           3.073e+01     
  90.000         182.000           -9.523e-01          -3.024e+01             140.557          -9.574e-01              20.075           3.058e+01     
  90.000         183.000           -9.837e-01          -3.022e+01             139.385          -9.889e-01              19.998           3.043e+01     
  90.000         184.000           -1.019e+00          -3.019e+01             138.215          -1.024e+00              19.921           3.027e+01     
  90.000         185.000           -1.057e+00          -3.016e+01             137.049          -1.063e+00              19.844           3.012e+01     
  90.000         186.000           -1.100e+00          -3.013e+01             135.886          -1.105e+00              19.768           2.996e+01     
  90.000         187.000           -1.146e+00          -3.010e+01             134.729          -1.151e+00              19.692           2.980e+01     
  90.000         188.000           -1.195e+00          -3.006e+01             133.577          -1.201e+00              19.617           2.964e+01     
  90.000         189.000           -1.248e+00          -3.002e+01             132.431          -1.254e+00              19.542           2.948e+01     
  90.000         190.000           -1.305e+00          -2.999e+01             131.292          -1.311e+00              19.467           2.932e+01     
  90.000         191.000           -1.366e+00          -2.995e+01             130.161          -1.372e+00              19.392           2.916e+01     
  90.000         192.000           -1.430e+00          -2.991e+01             129.039          -1.436e+00              19.317           2.900e+01     
  90.000         193.000           -1.498e+00          -2.986e+01             127.925          -1.505e+00              19.242           2.883e+01     
  90.000         194.000           -1.570e+00          -2.982e+01             126.821          -1.577e+00              19.167           2.866e+01     
  90.000         195.000           -1.646e+00          -2.977e+01             125.727          -1.653e+00              19.091           2.849e+01     
  90.000         196.000           -1.726e+00          -2.973e+01             124.643          -1.733e+00              19.015           2.832e+01     
  90.000         197.000           -1.810e+00          -2.968e+01             123.570          -1.817e+00              18.939           2.815e+01     
  90.000         198.000           -1.898e+00          -2.964e+01             122.509          -1.905e+00              18.861           2.798e+01     
  90.000         199.000           -1.990e+00          -2.959e+01             121.459          -1.997e+00              18.783           2.781e+01     
  90.000         200.000           -2.086e+00          -2.954e+01             120.421          -2.093e+00              18.703           2.763e+01     
  90.000         201.000           -2.186e+00          -2.949e+01             119.395          -2.194e+00              18.622           2.745e+01     
  90.000         202.000           -2.290e+00          -2.944e+01             118.381          -2.298e+00              18.540           2.727e+01     
  90.000         203.000           -2.399e+00          -2.939e+01             117.380          -2.408e+00              18.456           2.709e+01     
  90.000         204.000           -2.512e+00          -2.935e+01             116.392          -2.521e+00              18.371           2.691e+01     
  90.000         205.000           -2.630e+00          -2.930e+01             115.416          -2.639e+00              18.283           2.673e+01     
  90.000         206.000           -2.752e+00          -2.925e+01             114.453          -2.761e+00              18.194           2.654e+01     
  90.000         207.000           -2.878e+00          -2.920e+01             113.503          -2.889e+00              18.102           2.635e+01     
  90.000         208.000           -3.010e+00          -2.915e+01             112.566          -3.020e+00              18.007           2.616e+01     
  90.000         209.000           -3.146e+00          -2.910e+01             111.643          -3.157e+00              17.910           2.597e+01     
  90.000         210.000           -3.288e+00          -2.906e+01             110.731          -3.299e+00              17.809           2.577e+01     
  90.000         211.000           -3.434e+00          -2.901e+01             109.833          -3.446e+00              17.706           2.557e+01     
  90.000         212.000           -3.586e+00          -2.896e+01             108.948          -3.598e+00              17.598           2.537e+01     
  90.000         213.000           -3.743e+00          -2.892e+01             108.075          -3.756e+00              17.487           2.516e+01     
  90.000         214.000           -3.905e+00          -2.887e+01             107.215          -3.919e+00              17.372           2.496e+01     
  90.000         215.000           -4.073e+00          -2.883e+01             106.368          -4.088e+00              17.252           2.474e+01     
  90.000         216.000           -4.247e+00          -2.879e+01             105.533          -4.263e+00              17.127           2.453e+01     
  90.000         217.000           -4.428e+00          -2.875e+01             104.710          -4.444e+00              16.998           2.431e+01     
  90.000         218.000           -4.614e+00          -2.871e+01             103.900          -4.631e+00              16.863           2.409e+01     
  90.000         219.000           -4.807e+00          -2.867e+01             103.102          -4.825e+00              16.722           2.386e+01     
  90.000         220.000           -5.006e+00          -2.863e+01             102.315          -5.025e+00              16.574           2.363e+01     
  90.000         221.000           -5.213e+00          -2.859e+01             101.541          -5.233e+00              16.420           2.339e+01     
  90.000         222.000           -5.427e+00          -2.855e+01             100.778          -5.448e+00              16.259           2.314e+01     
  90.000         223.000           -5.649e+00          -2.852e+01             100.027          -5.671e+00              16.090           2.290e+01     
  90.000         224.000           -5.878e+00          -2.848e+01              99.287          -5.902e+00              15.913           2.264e+01     
  90.000         225.000           -6.116e+00          -2.845e+01              98.556          -6.142e+00              15.727           2.238e+01     
  90.000         226.000           -6.363e+00          -2.842e+01              97.839          -6.390e+00              15.531           2.211e+01     
  90.000         227.000           -6.619e+00          -2.839e+01              97.132          -6.648e+00              15.325           2.183e+01     
  90.000         228.000           -6.885e+00          -2.836e+01              96.437          -6.916e+00              15.108           2.154e+01     
  90.000         229.000           -7.162e+00          -2.833e+01              95.752          -7.195e+00              14.879           2.125e+01     
  90.000         230.000           -7.449e+00          -2.831e+01              95.078          -7.485e+00              14.637           2.094e+01     
  90.000         231.000           -7.748e+00          -2.828e+01              94.415          -7.787e+00              14.380           2.063e+01     
  90.000         232.000           -8.060e+00          -2.826e+01              93.762          -8.101e+00              14.108           2.030e+01     
  90.000         233.000           -8.385e+00          -2.823e+01              93.119          -8.430e+00              13.819           1.996e+01     
  90.000         234.000           -8.724e+00          -2.821e+01              92.487          -8.773e+00              13.510           1.960e+01     
  90.000         235.000           -9.079e+00          -2.819e+01              91.865          -9.132e+00              13.181           1.923e+01     
  90.000         236.000           -9.450e+00          -2.817e+01              91.253          -9.509e+00              12.827           1.885e+01     
  90.000         237.000           -9.840e+00          -2.815e+01              90.651          -9.904e+00              12.448           1.844e+01     
  90.000         238.000           -1.025e+01          -2.814e+01              90.060          -1.032e+01              12.038           1.802e+01     
  90.000         239.000           -1.068e+01          -2.812e+01              89.478          -1.076e+01              11.594           1.757e+01     
  90.000         240.000           -1.114e+01          -2.811e+01              88.907          -1.122e+01              11.110           1.709e+01     
  90.000         241.000           -1.162e+01          -2.810e+01              88.345          -1.171e+01              10.581           1.659e+01     
  90.000         242.000           -1.213e+01          -2.808e+01              87.793          -1.224e+01               9.998           1.605e+01     
  90.000         243.000           -1.267e+01          -2.807e+01              87.252          -1.280e+01               9.351           1.548e+01     
  90.000         244.000           -1.325e+01          -2.806e+01              86.720          -1.339e+01               8.626           1.487e+01     
  90.000         245.000           -1.387e+01          -2.805e+01              86.198          -1.404e+01               7.808           1.421e+01     
  90.000         246.000           -1.453e+01          -2.805e+01              85.686          -1.473e+01               6.873           1.350e+01     
  90.000         247.000           -1.525e+01          -2.804e+01              85.184          -1.549e+01               5.789           1.272e+01     
  90.000         248.000           -1.604e+01          -2.803e+01              84.692          -1.632e+01               4.514           1.186e+01     
  90.000         249.000           -1.689e+01          -2.803e+01              84.210          -1.723e+01               2.984           1.092e+01     
  90.000         250.000           -1.782e+01          -2.803e+01              83.738          -1.825e+01               1.107           9.862e+00     
  90.000         251.000           -1.884e+01          -2.802e+01              83.277          -1.940e+01             358.736           8.674e+00     
  90.000         252.000           -1.997e+01          -2.802e+01              82.825          -2.071e+01             355.636           7.327e+00     
  90.000         253.000           -2.121e+01          -2.802e+01              82.384          -2.222e+01             351.402           5.804e+00     
  90.000         254.000           -2.253e+01          -2.802e+01              81.953          -2.397e+01             345.296           4.180e+00     
  90.000         255.000           -2.388e+01          -2.802e+01              81.532          -2.600e+01             335.913           3.154e+00     
  90.000         256.000           -2.508e+01          -2.802e+01              81.122          -2.816e+01             320.684           4.850e+00     
  90.000         257.000           -2.580e+01          -2.803e+01              80.723          -2.977e+01             296.796           9.961e+00     
  90.000         258.000           -2.573e+01          -2.803e+01              80.334          -2.960e+01             268.178           2.342e+01     
  90.000         259.000           -2.491e+01          -2.803e+01              79.956          -2.780e+01             245.610           1.801e+01     
  90.000         260.000           -2.365e+01          -2.804e+01              79.589          -2.561e+01             231.451           1.240e+01     
  90.000         261.000           -2.226e+01          -2.804e+01              79.233          -2.360e+01             222.664           1.094e+01     
  90.000         262.000           -2.092e+01          -2.805e+01              78.887          -2.186e+01             216.874           1.087e+01     
  90.000         263.000           -1.967e+01          -2.805e+01              78.553          -2.035e+01             212.808           1.135e+01     
  90.000         264.000           -1.853e+01          -2.806e+01              78.231          -1.904e+01             209.791           1.204e+01     
  90.000         265.000           -1.749e+01          -2.807e+01              77.919          -1.789e+01             207.453           1.279e+01     
  90.000         266.000           -1.654e+01          -2.808e+01              77.620          -1.686e+01             205.574           1.354e+01     
  90.000         267.000           -1.567e+01          -2.809e+01              77.332          -1.593e+01             204.019           1.427e+01     
  90.000         268.000           -1.487e+01          -2.809e+01              77.055          -1.508e+01             202.701           1.496e+01     
  90.000         269.000           -1.413e+01          -2.810e+01              76.791          -1.431e+01             201.560           1.562e+01     
  90.000         270.000           -1.344e+01          -2.811e+01              76.539          -1.359e+01             200.554           1.625e+01     
  90.000         271.000           -1.280e+01          -2.812e+01              76.299          -1.293e+01             199.655           1.684e+01     
  90.000         272.000           -1.219e+01          -2.813e+01              76.072          -1.231e+01             198.840           1.740e+01     
  90.000         273.000           -1.163e+01          -2.815e+01              75.857          -1.172e+01             198.094           1.793e+01     
  90.000         274.000           -1.109e+01          -2.816e+01              75.654          -1.118e+01             197.404           1.844e+01     
  90.000         275.000           -1.058e+01          -2.817e+01              75.465          -1.066e+01             196.760           1.892e+01     
  90.000         276.000           -1.010e+01          -2.818e+01              75.288          -1.017e+01             196.154           1.938e+01     
  90.000         277.000           -9.639e+00          -2.819e+01              75.124          -9.700e+00             195.581           1.982e+01     
  90.000         278.000           -9.200e+00          -2.821e+01              74.974          -9.255e+00             195.037           2.024e+01     
  90.000         279.000           -8.780e+00          -2.822e+01              74.837          -8.830e+00             194.516           2.064e+01     
  90.000         280.000           -8.378e+00          -2.823e+01              74.714          -8.423e+00             194.015           2.102e+01     
  90.000         281.000           -7.992e+00          -2.825e+01              74.604          -8.033e+00             193.533           2.139e+01     
  90.000         282.000           -7.621e+00          -2.826e+01              74.509          -7.658e+00             193.066           2.175e+01     
  90.000         283.000           -7.263e+00          -2.828e+01              74.427          -7.297e+00             192.614           2.209e+01     
  90.000         284.000           -6.918e+00          -2.829e+01              74.360          -6.950e+00             192.174           2.242e+01     
  90.000         285.000           -6.585e+00          -2.831e+01              74.307          -6.614e+00             191.745           2.274e+01     
  90.000         286.000           -6.263e+00          -2.832e+01              74.268          -6.290e+00             191.326           2.305e+01     
  90.000         287.000           -5.951e+00          -2.834e+01              74.244          -5.976e+00             190.916           2.335e+01     
  90.000         288.000           -5.649e+00          -2.835e+01              74.235          -5.673e+00             190.515           2.364e+01     
  90.000         289.000           -5.357e+00          -2.837e+01              74.241          -5.378e+00             190.121           2.392e+01     
  90.000         290.000           -5.072e+00          -2.838e+01              74.262          -5.093e+00             189.734           2.419e+01     
  90.000         291.000           -4.796e+00          -2.840e+01              74.299          -4.815e+00             189.354           2.445e+01     
  90.000         292.000           -4.528e+00          -2.842e+01              74.351          -4.546e+00             188.980           2.470e+01     
  90.000         293.000           -4.267e+00          -2.843e+01              74.418          -4.284e+00             188.612           2.495e+01     
  90.000         294.000           -4.013e+00          -2.845e+01              74.502          -4.029e+00             188.249           2.519e+01     
  90.000         295.000           -3.766e+00          -2.847e+01              74.601          -3.781e+00             187.892           2.543e+01     
  90.000         296.000           -3.525e+00          -2.848e+01              74.716          -3.539e+00             187.540           2.566e+01     
  90.000         297.000           -3.290e+00          -2.850e+01              74.848          -3.303e+00             187.192           2.588e+01     
  90.000         298.000           -3.061e+00          -2.852e+01              74.996          -3.074e+00             186.849           2.609e+01     
  90.000         299.000           -2.838e+00          -2.853e+01              75.161          -2.850e+00             186.511           2.630e+01     
  90.000         300.000           -2.620e+00          -2.855e+01              75.342          -2.631e+00             186.177           2.651e+01     
  90.000         301.000           -2.407e+00          -2.857e+01              75.540          -2.418e+00             185.847           2.671e+01     
  90.000         302.000           -2.200e+00          -2.858e+01              75.755          -2.210e+00             185.522           2.690e+01     
  90.000         303.000           -1.997e+00          -2.860e+01              75.988          -2.007e+00             185.201           2.710e+01     
  90.000         304.000           -1.799e+00          -2.862e+01              76.237          -1.808e+00             184.885           2.728e+01     
  90.000         305.000           -1.606e+00          -2.864e+01              76.504          -1.615e+00             184.572           2.746e+01     
  90.000         306.000           -1.417e+00          -2.865e+01              76.788          -1.425e+00             184.264           2.764e+01     
  90.000         307.000           -1.233e+00          -2.867e+01              77.091          -1.241e+00             183.960           2.781e+01     
  90.000         308.000           -1.053e+00          -2.869e+01              77.410          -1.060e+00             183.660           2.798e+01     
  90.000         309.000           -8.769e-01          -2.871e+01              77.748          -8.841e-01             183.365           2.815e+01     
  90.000         310.000           -7.051e-01          -2.872e+01              78.103          -7.120e-01             183.073           2.831e+01     
  90.000         311.000           -5.373e-01          -2.874e+01              78.477          -5.439e-01             182.786           2.847e+01     
  90.000         312.000           -3.735e-01          -2.876e+01              78.869          -3.798e-01             182.504           2.863e+01     
  90.000         313.000           -2.135e-01          -2.877e+01              79.278          -2.196e-01             182.225           2.878e+01     
  90.000         314.000           -5.740e-02          -2.879e+01              79.707          -6.322e-02             181.951           2.893e+01     
  90.000         315.000            9.499e-02          -2.881e+01              80.153           8.939e-02             181.681           2.907e+01     
  90.000         316.000            2.437e-01          -2.882e+01              80.619           2.383e-01             181.416           2.922e+01     
  90.000         317.000            3.887e-01          -2.884e+01              81.102           3.835e-01             181.155           2.936e+01     
  90.000         318.000            5.301e-01          -2.885e+01              81.604           5.251e-01             180.898           2.949e+01     
  90.000         319.000            6.680e-01          -2.887e+01              82.124           6.631e-01             180.646           2.963e+01     
  90.000         320.000            8.023e-01          -2.888e+01              82.662           7.976e-01             180.399           2.976e+01     
  90.000         321.000            9.331e-01          -2.890e+01              83.219           9.285e-01             180.156           2.989e+01     
  90.000         322.000            1.060e+00          -2.891e+01              83.795           1.056e+00             179.918           3.002e+01     
  90.000         323.000            1.184e+00          -2.893e+01              84.388           1.180e+00             179.685           3.015e+01     
  90.000         324.000            1.305e+00          -2.894e+01              85.000           1.301e+00             179.457           3.027e+01     
  90.000         325.000            1.422e+00          -2.895e+01              85.630           1.418e+00             179.233           3.039e+01     
  90.000         326.000            1.535e+00          -2.897e+01              86.279           1.532e+00             179.014           3.051e+01     
  90.000         327.000            1.646e+00          -2.898e+01              86.945           1.642e+00             178.800           3.063e+01     
  90.000         328.000            1.753e+00          -2.899e+01              87.630           1.749e+00             178.591           3.074e+01     
  90.000         329.000            1.856e+00          -2.900e+01              88.332           1.853e+00             178.387           3.085e+01     
  90.000         330.000            1.957e+00          -2.901e+01              89.051           1.953e+00             178.188           3.097e+01     
  90.000         331.000            2.054e+00          -2.902e+01              89.789           2.050e+00             177.994           3.108e+01     
  90.000         332.000            2.147e+00          -2.903e+01              90.543           2.144e+00             177.805           3.118e+01     
  90.000         333.000            2.238e+00          -2.904e+01              91.314           2.235e+00             177.621           3.129e+01     
  90.000         334.000            2.325e+00          -2.905e+01              92.103           2.322e+00             177.443           3.140e+01     
  90.000         335.000            2.409e+00          -2.905e+01              92.908           2.406e+00             177.269           3.150e+01     
  90.000         336.000            2.489e+00          -2.906e+01              93.729           2.486e+00             177.101           3.160e+01     
  90.000         337.000            2.567e+00          -2.906e+01              94.566           2.564e+00             176.939           3.171e+01     
  90.000         338.000            2.641e+00          -2.907e+01              95.419           2.638e+00             176.781           3.181e+01     
  90.000         339.000            2.712e+00          -2.907e+01              96.288           2.709e+00             176.629           3.191e+01     
  90.000         340.000            2.779e+00          -2.908e+01              97.172           2.776e+00             176.482           3.200e+01     
  90.000         341.000            2.843e+00          -2.908e+01              98.070           2.840e+00             176.341           3.210e+01     
  90.000         342.000            2.904e+00          -2.908e+01              98.983           2.902e+00             176.205           3.220e+01     
  90.000         343.000            2.962e+00          -2.908e+01              99.910           2.959e+00             176.075           3.229e+01     
  90.000         344.000            3.016e+00          -2.908e+01             100.851           3.014e+00             175.950           3.239e+01     
  90.000         345.000            3.068e+00          -2.907e+01             101.804           3.065e+00             175.830           3.248e+01     
  90.000         346.000            3.116e+00          -2.907e+01             102.771           3.113e+00             175.717           3.258e+01     
  90.000         347.000            3.160e+00          -2.907e+01             103.750           3.158e+00             175.608           3.267e+01     
  90.000         348.000            3.202e+00          -2.906e+01             104.741           3.199e+00             175.505           3.276e+01     
  90.000         349.000            3.240e+00          -2.906e+01             105.744           3.237e+00             175.408           3.285e+01     
  90.000         350.000            3.274e+00          -2.905e+01             106.758           3.272e+00             175.316           3.295e+01     
  90.000         351.000            3.306e+00          -2.904e+01             107.782           3.303e+00             175.230           3.304e+01     
  90.000         352.000            3.334e+00          -2.903e+01             108.817           3.332e+00             175.150           3.313e+01     
  90.000         353.000            3.359e+00          -2.902e+01             109.861           3.357e+00             175.075           3.322e+01     
  90.000         354.000            3.381e+00          -2.901e+01             110.914           3.378e+00             175.006           3.331e+01     
  90.000         355.000            3.399e+00          -2.900e+01             111.976           3.397e+00             174.942           3.340e+01     
  90.000         356.000            3.414e+00          -2.899e+01             113.047           3.412e+00             174.884           3.350e+01     
  90.000         357.000            3.426e+00          -2.898e+01             114.125           3.423e+00             174.831           3.359e+01     
  90.000         358.000            3.434e+00          -2.896e+01             115.210           3.432e+00             174.785           3.368e+01     
  90.000         359.000            3.439e+00          -2.895e+01             116.302           3.437e+00             174.743           3.377e+01     
