Theta [deg.]  Phi   [deg.]  Abs(Dir.)[dBi   ]   Abs(Theta)[dBi   ]  Phase(Theta)[deg.]  Abs(Phi  )[dBi   ]  Phase(Phi  )[deg.]  Ax.Ratio[dB    ]    
------------------------------------------------------------------------------------------------------------------------------------------------------
  45.000           0.000            3.652e+00          -2.472e+01             243.448           3.646e+00             175.218           2.901e+01     
  45.000           1.000            3.653e+00          -2.354e+01             229.523           3.645e+00             175.179           2.900e+01     
  45.000           2.000            3.652e+00          -2.217e+01             219.191           3.641e+00             175.144           2.897e+01     
  45.000           3.000            3.649e+00          -2.080e+01             211.678           3.634e+00             175.113           2.895e+01     
  45.000           4.000            3.644e+00          -1.952e+01             206.146           3.624e+00             175.085           2.892e+01     
  45.000           5.000            3.638e+00          -1.836e+01             201.980           3.611e+00             175.061           2.890e+01     
  45.000           6.000            3.630e+00          -1.730e+01             198.763           3.595e+00             175.040           2.886e+01     
  45.000           7.000            3.620e+00          -1.634e+01             196.223           3.576e+00             175.023           2.883e+01     
  45.000           8.000            3.608e+00          -1.547e+01             194.176           3.554e+00             175.009           2.879e+01     
  45.000           9.000            3.594e+00          -1.466e+01             192.500           3.529e+00             174.998           2.875e+01     
  45.000          10.000            3.579e+00          -1.393e+01             191.106           3.501e+00             174.990           2.871e+01     
  45.000          11.000            3.562e+00          -1.325e+01             189.933           3.470e+00             174.986           2.866e+01     
  45.000          12.000            3.543e+00          -1.262e+01             188.936           3.436e+00             174.985           2.861e+01     
  45.000          13.000            3.522e+00          -1.203e+01             188.081           3.399e+00             174.986           2.856e+01     
  45.000          14.000            3.500e+00          -1.148e+01             187.341           3.359e+00             174.991           2.850e+01     
  45.000          15.000            3.475e+00          -1.096e+01             186.699           3.316e+00             174.999           2.844e+01     
  45.000          16.000            3.450e+00          -1.048e+01             186.138           3.270e+00             175.010           2.838e+01     
  45.000          17.000            3.422e+00          -1.002e+01             185.645           3.221e+00             175.023           2.832e+01     
  45.000          18.000            3.393e+00          -9.590e+00             185.212           3.168e+00             175.039           2.825e+01     
  45.000          19.000            3.362e+00          -9.182e+00             184.829           3.113e+00             175.058           2.818e+01     
  45.000          20.000            3.329e+00          -8.794e+00             184.491           3.054e+00             175.079           2.811e+01     
  45.000          21.000            3.295e+00          -8.426e+00             184.192           2.992e+00             175.103           2.804e+01     
  45.000          22.000            3.259e+00          -8.076e+00             183.927           2.927e+00             175.129           2.796e+01     
  45.000          23.000            3.221e+00          -7.743e+00             183.693           2.859e+00             175.158           2.788e+01     
  45.000          24.000            3.182e+00          -7.425e+00             183.487           2.787e+00             175.188           2.780e+01     
  45.000          25.000            3.141e+00          -7.121e+00             183.305           2.712e+00             175.221           2.772e+01     
  45.000          26.000            3.099e+00          -6.831e+00             183.145           2.633e+00             175.256           2.763e+01     
  45.000          27.000            3.055e+00          -6.553e+00             183.006           2.552e+00             175.292           2.754e+01     
  45.000          28.000            3.010e+00          -6.287e+00             182.885           2.466e+00             175.331           2.745e+01     
  45.000          29.000            2.963e+00          -6.032e+00             182.781           2.378e+00             175.371           2.735e+01     
  45.000          30.000            2.914e+00          -5.788e+00             182.692           2.285e+00             175.412           2.726e+01     
  45.000          31.000            2.865e+00          -5.553e+00             182.618           2.190e+00             175.455           2.716e+01     
  45.000          32.000            2.813e+00          -5.328e+00             182.557           2.090e+00             175.499           2.706e+01     
  45.000          33.000            2.761e+00          -5.112e+00             182.508           1.987e+00             175.544           2.696e+01     
  45.000          34.000            2.707e+00          -4.904e+00             182.470           1.880e+00             175.589           2.685e+01     
  45.000          35.000            2.652e+00          -4.705e+00             182.443           1.770e+00             175.636           2.674e+01     
  45.000          36.000            2.595e+00          -4.513e+00             182.425           1.655e+00             175.683           2.664e+01     
  45.000          37.000            2.537e+00          -4.328e+00             182.417           1.537e+00             175.730           2.652e+01     
  45.000          38.000            2.478e+00          -4.151e+00             182.418           1.414e+00             175.778           2.641e+01     
  45.000          39.000            2.418e+00          -3.980e+00             182.426           1.288e+00             175.825           2.630e+01     
  45.000          40.000            2.357e+00          -3.816e+00             182.442           1.157e+00             175.873           2.618e+01     
  45.000          41.000            2.295e+00          -3.658e+00             182.465           1.022e+00             175.919           2.607e+01     
  45.000          42.000            2.231e+00          -3.506e+00             182.495           8.832e-01             175.965           2.595e+01     
  45.000          43.000            2.167e+00          -3.360e+00             182.531           7.395e-01             176.010           2.583e+01     
  45.000          44.000            2.102e+00          -3.219e+00             182.573           5.912e-01             176.054           2.570e+01     
  45.000          45.000            2.035e+00          -3.083e+00             182.620           4.383e-01             176.096           2.558e+01     
  45.000          46.000            1.968e+00          -2.953e+00             182.673           2.805e-01             176.136           2.546e+01     
  45.000          47.000            1.900e+00          -2.828e+00             182.731           1.179e-01             176.174           2.533e+01     
  45.000          48.000            1.832e+00          -2.708e+00             182.793          -4.993e-02             176.210           2.521e+01     
  45.000          49.000            1.762e+00          -2.592e+00             182.860          -2.230e-01             176.242           2.508e+01     
  45.000          50.000            1.693e+00          -2.481e+00             182.931          -4.014e-01             176.271           2.495e+01     
  45.000          51.000            1.622e+00          -2.374e+00             183.006          -5.855e-01             176.297           2.482e+01     
  45.000          52.000            1.551e+00          -2.271e+00             183.084          -7.753e-01             176.318           2.470e+01     
  45.000          53.000            1.480e+00          -2.173e+00             183.165          -9.711e-01             176.334           2.457e+01     
  45.000          54.000            1.408e+00          -2.078e+00             183.250          -1.173e+00             176.345           2.444e+01     
  45.000          55.000            1.336e+00          -1.988e+00             183.338          -1.382e+00             176.350           2.431e+01     
  45.000          56.000            1.264e+00          -1.901e+00             183.429          -1.597e+00             176.348           2.418e+01     
  45.000          57.000            1.191e+00          -1.818e+00             183.522          -1.819e+00             176.339           2.405e+01     
  45.000          58.000            1.119e+00          -1.739e+00             183.617          -2.049e+00             176.321           2.392e+01     
  45.000          59.000            1.047e+00          -1.663e+00             183.715          -2.287e+00             176.295           2.379e+01     
  45.000          60.000            9.744e-01          -1.591e+00             183.815          -2.532e+00             176.259           2.366e+01     
  45.000          61.000            9.024e-01          -1.522e+00             183.916          -2.786e+00             176.211           2.353e+01     
  45.000          62.000            8.306e-01          -1.456e+00             184.019          -3.049e+00             176.151           2.340e+01     
  45.000          63.000            7.592e-01          -1.393e+00             184.124          -3.321e+00             176.077           2.327e+01     
  45.000          64.000            6.883e-01          -1.334e+00             184.230          -3.603e+00             175.988           2.314e+01     
  45.000          65.000            6.179e-01          -1.278e+00             184.337          -3.896e+00             175.883           2.302e+01     
  45.000          66.000            5.482e-01          -1.224e+00             184.445          -4.200e+00             175.758           2.289e+01     
  45.000          67.000            4.792e-01          -1.174e+00             184.555          -4.516e+00             175.612           2.277e+01     
  45.000          68.000            4.111e-01          -1.126e+00             184.664          -4.845e+00             175.442           2.265e+01     
  45.000          69.000            3.439e-01          -1.082e+00             184.775          -5.187e+00             175.245           2.253e+01     
  45.000          70.000            2.778e-01          -1.040e+00             184.885          -5.544e+00             175.018           2.241e+01     
  45.000          71.000            2.128e-01          -1.001e+00             184.996          -5.916e+00             174.757           2.230e+01     
  45.000          72.000            1.491e-01          -9.646e-01             185.107          -6.306e+00             174.457           2.218e+01     
  45.000          73.000            8.670e-02          -9.310e-01             185.219          -6.714e+00             174.112           2.207e+01     
  45.000          74.000            2.578e-02          -9.000e-01             185.330          -7.142e+00             173.716           2.196e+01     
  45.000          75.000           -3.359e-02          -8.715e-01             185.440          -7.592e+00             173.260           2.185e+01     
  45.000          76.000           -9.131e-02          -8.457e-01             185.551          -8.065e+00             172.735           2.175e+01     
  45.000          77.000           -1.473e-01          -8.223e-01             185.661          -8.565e+00             172.129           2.165e+01     
  45.000          78.000           -2.014e-01          -8.015e-01             185.770          -9.094e+00             171.427           2.155e+01     
  45.000          79.000           -2.536e-01          -7.831e-01             185.878          -9.655e+00             170.610           2.146e+01     
  45.000          80.000           -3.038e-01          -7.672e-01             185.986          -1.025e+01             169.653           2.137e+01     
  45.000          81.000           -3.518e-01          -7.537e-01             186.092          -1.089e+01             168.529           2.128e+01     
  45.000          82.000           -3.977e-01          -7.427e-01             186.197          -1.157e+01             167.195           2.120e+01     
  45.000          83.000           -4.413e-01          -7.340e-01             186.302          -1.230e+01             165.600           2.112e+01     
  45.000          84.000           -4.825e-01          -7.277e-01             186.404          -1.309e+01             163.673           2.104e+01     
  45.000          85.000           -5.213e-01          -7.238e-01             186.506          -1.394e+01             161.319           2.097e+01     
  45.000          86.000           -5.576e-01          -7.222e-01             186.605          -1.485e+01             158.403           2.090e+01     
  45.000          87.000           -5.914e-01          -7.230e-01             186.703          -1.584e+01             154.740           2.084e+01     
  45.000          88.000           -6.226e-01          -7.261e-01             186.800          -1.690e+01             150.068           2.078e+01     
  45.000          89.000           -6.512e-01          -7.315e-01             186.894          -1.802e+01             144.033           2.072e+01     
  45.000          90.000           -6.770e-01          -7.392e-01             186.986          -1.915e+01             136.185           2.067e+01     
  45.000          91.000           -7.002e-01          -7.493e-01             187.076          -2.019e+01             126.074           2.063e+01     
  45.000          92.000           -7.206e-01          -7.617e-01             187.164          -2.098e+01             113.550           2.059e+01     
  45.000          93.000           -7.383e-01          -7.765e-01             187.250          -2.132e+01              99.271           2.055e+01     
  45.000          94.000           -7.533e-01          -7.936e-01             187.333          -2.110e+01              84.834           2.052e+01     
  45.000          95.000           -7.654e-01          -8.130e-01             187.413          -2.040e+01              71.936           2.049e+01     
  45.000          96.000           -7.749e-01          -8.348e-01             187.491          -1.941e+01              61.405           2.047e+01     
  45.000          97.000           -7.815e-01          -8.589e-01             187.567          -1.831e+01              53.193           2.045e+01     
  45.000          98.000           -7.855e-01          -8.854e-01             187.639          -1.722e+01              46.870           2.043e+01     
  45.000          99.000           -7.868e-01          -9.143e-01             187.709          -1.617e+01              41.977           2.042e+01     
  45.000         100.000           -7.854e-01          -9.456e-01             187.776          -1.520e+01              38.141           2.042e+01     
  45.000         101.000           -7.815e-01          -9.794e-01             187.840          -1.429e+01              35.086           2.042e+01     
  45.000         102.000           -7.750e-01          -1.016e+00             187.900          -1.346e+01              32.616           2.042e+01     
  45.000         103.000           -7.659e-01          -1.054e+00             187.957          -1.269e+01              30.589           2.043e+01     
  45.000         104.000           -7.545e-01          -1.095e+00             188.011          -1.198e+01              28.905           2.044e+01     
  45.000         105.000           -7.407e-01          -1.139e+00             188.062          -1.131e+01              27.489           2.045e+01     
  45.000         106.000           -7.246e-01          -1.185e+00             188.108          -1.070e+01              26.286           2.047e+01     
  45.000         107.000           -7.062e-01          -1.234e+00             188.152          -1.012e+01              25.255           2.049e+01     
  45.000         108.000           -6.858e-01          -1.286e+00             188.191          -9.579e+00              24.363           2.052e+01     
  45.000         109.000           -6.633e-01          -1.340e+00             188.227          -9.072e+00              23.587           2.055e+01     
  45.000         110.000           -6.388e-01          -1.397e+00             188.259          -8.594e+00              22.906           2.058e+01     
  45.000         111.000           -6.125e-01          -1.456e+00             188.287          -8.142e+00              22.305           2.061e+01     
  45.000         112.000           -5.844e-01          -1.519e+00             188.311          -7.716e+00              21.773           2.065e+01     
  45.000         113.000           -5.546e-01          -1.584e+00             188.331          -7.311e+00              21.298           2.069e+01     
  45.000         114.000           -5.233e-01          -1.652e+00             188.346          -6.927e+00              20.873           2.073e+01     
  45.000         115.000           -4.905e-01          -1.723e+00             188.357          -6.561e+00              20.491           2.078e+01     
  45.000         116.000           -4.563e-01          -1.798e+00             188.364          -6.212e+00              20.145           2.083e+01     
  45.000         117.000           -4.208e-01          -1.875e+00             188.366          -5.880e+00              19.832           2.087e+01     
  45.000         118.000           -3.842e-01          -1.955e+00             188.363          -5.562e+00              19.547           2.092e+01     
  45.000         119.000           -3.465e-01          -2.039e+00             188.356          -5.258e+00              19.287           2.098e+01     
  45.000         120.000           -3.078e-01          -2.126e+00             188.343          -4.968e+00              19.048           2.103e+01     
  45.000         121.000           -2.683e-01          -2.216e+00             188.326          -4.689e+00              18.829           2.109e+01     
  45.000         122.000           -2.280e-01          -2.310e+00             188.303          -4.421e+00              18.626           2.114e+01     
  45.000         123.000           -1.870e-01          -2.407e+00             188.276          -4.164e+00              18.439           2.120e+01     
  45.000         124.000           -1.454e-01          -2.508e+00             188.242          -3.918e+00              18.265           2.126e+01     
  45.000         125.000           -1.034e-01          -2.612e+00             188.203          -3.681e+00              18.103           2.132e+01     
  45.000         126.000           -6.090e-02          -2.721e+00             188.159          -3.453e+00              17.952           2.137e+01     
  45.000         127.000           -1.813e-02          -2.833e+00             188.108          -3.233e+00              17.810           2.143e+01     
  45.000         128.000            2.487e-02          -2.949e+00             188.051          -3.022e+00              17.677           2.149e+01     
  45.000         129.000            6.801e-02          -3.070e+00             187.988          -2.818e+00              17.551           2.155e+01     
  45.000         130.000            1.112e-01          -3.195e+00             187.918          -2.622e+00              17.432           2.161e+01     
  45.000         131.000            1.544e-01          -3.324e+00             187.841          -2.433e+00              17.319           2.168e+01     
  45.000         132.000            1.974e-01          -3.458e+00             187.757          -2.251e+00              17.212           2.174e+01     
  45.000         133.000            2.403e-01          -3.596e+00             187.666          -2.076e+00              17.109           2.180e+01     
  45.000         134.000            2.830e-01          -3.740e+00             187.567          -1.907e+00              17.011           2.186e+01     
  45.000         135.000            3.253e-01          -3.888e+00             187.460          -1.744e+00              16.917           2.191e+01     
  45.000         136.000            3.673e-01          -4.042e+00             187.345          -1.586e+00              16.826           2.197e+01     
  45.000         137.000            4.088e-01          -4.201e+00             187.220          -1.435e+00              16.738           2.203e+01     
  45.000         138.000            4.498e-01          -4.366e+00             187.087          -1.289e+00              16.654           2.209e+01     
  45.000         139.000            4.902e-01          -4.537e+00             186.944          -1.148e+00              16.572           2.215e+01     
  45.000         140.000            5.301e-01          -4.714e+00             186.790          -1.013e+00              16.492           2.220e+01     
  45.000         141.000            5.692e-01          -4.897e+00             186.625          -8.820e-01              16.414           2.226e+01     
  45.000         142.000            6.076e-01          -5.087e+00             186.449          -7.562e-01              16.337           2.231e+01     
  45.000         143.000            6.452e-01          -5.284e+00             186.260          -6.353e-01              16.263           2.236e+01     
  45.000         144.000            6.820e-01          -5.488e+00             186.058          -5.189e-01              16.189           2.242e+01     
  45.000         145.000            7.179e-01          -5.699e+00             185.842          -4.070e-01              16.117           2.247e+01     
  45.000         146.000            7.529e-01          -5.919e+00             185.611          -2.995e-01              16.046           2.252e+01     
  45.000         147.000            7.869e-01          -6.147e+00             185.364          -1.964e-01              15.976           2.257e+01     
  45.000         148.000            8.199e-01          -6.383e+00             185.098          -9.741e-02              15.906           2.261e+01     
  45.000         149.000            8.519e-01          -6.629e+00             184.814          -2.575e-03              15.837           2.266e+01     
  45.000         150.000            8.827e-01          -6.885e+00             184.509           8.822e-02              15.769           2.270e+01     
  45.000         151.000            9.125e-01          -7.151e+00             184.181           1.750e-01              15.701           2.275e+01     
  45.000         152.000            9.412e-01          -7.428e+00             183.827           2.580e-01              15.634           2.279e+01     
  45.000         153.000            9.686e-01          -7.717e+00             183.447           3.371e-01              15.566           2.283e+01     
  45.000         154.000            9.949e-01          -8.018e+00             183.036           4.124e-01              15.499           2.287e+01     
  45.000         155.000            1.020e+00          -8.332e+00             182.591           4.840e-01              15.432           2.291e+01     
  45.000         156.000            1.044e+00          -8.661e+00             182.108           5.519e-01              15.366           2.294e+01     
  45.000         157.000            1.066e+00          -9.004e+00             181.584           6.163e-01              15.299           2.298e+01     
  45.000         158.000            1.087e+00          -9.364e+00             181.011           6.770e-01              15.232           2.301e+01     
  45.000         159.000            1.107e+00          -9.740e+00             180.385           7.343e-01              15.165           2.304e+01     
  45.000         160.000            1.126e+00          -1.014e+01             179.698           7.880e-01              15.098           2.307e+01     
  45.000         161.000            1.143e+00          -1.055e+01             178.940           8.383e-01              15.030           2.310e+01     
  45.000         162.000            1.158e+00          -1.099e+01             178.100           8.852e-01              14.962           2.313e+01     
  45.000         163.000            1.173e+00          -1.145e+01             177.167           9.287e-01              14.895           2.316e+01     
  45.000         164.000            1.186e+00          -1.194e+01             176.123           9.689e-01              14.826           2.318e+01     
  45.000         165.000            1.197e+00          -1.246e+01             174.948           1.006e+00              14.758           2.320e+01     
  45.000         166.000            1.207e+00          -1.300e+01             173.618           1.039e+00              14.688           2.322e+01     
  45.000         167.000            1.216e+00          -1.358e+01             172.102           1.069e+00              14.619           2.324e+01     
  45.000         168.000            1.223e+00          -1.420e+01             170.360           1.096e+00              14.549           2.326e+01     
  45.000         169.000            1.228e+00          -1.486e+01             168.341           1.120e+00              14.478           2.328e+01     
  45.000         170.000            1.232e+00          -1.556e+01             165.979           1.141e+00              14.407           2.329e+01     
  45.000         171.000            1.235e+00          -1.631e+01             163.189           1.158e+00              14.336           2.330e+01     
  45.000         172.000            1.236e+00          -1.710e+01             159.858           1.172e+00              14.263           2.332e+01     
  45.000         173.000            1.236e+00          -1.793e+01             155.843           1.183e+00              14.190           2.333e+01     
  45.000         174.000            1.234e+00          -1.880e+01             150.960           1.191e+00              14.117           2.333e+01     
  45.000         175.000            1.230e+00          -1.968e+01             144.990           1.195e+00              14.042           2.334e+01     
  45.000         176.000            1.226e+00          -2.053e+01             137.702           1.196e+00              13.967           2.335e+01     
  45.000         177.000            1.219e+00          -2.129e+01             128.925           1.195e+00              13.891           2.335e+01     
  45.000         178.000            1.211e+00          -2.186e+01             118.688           1.190e+00              13.814           2.335e+01     
  45.000         179.000            1.202e+00          -2.215e+01             107.379           1.181e+00              13.736           2.335e+01     
  45.000         180.000            1.191e+00          -2.210e+01              95.769           1.170e+00              13.657           2.335e+01     
  45.000         181.000            1.178e+00          -2.171e+01              84.755           1.156e+00              13.577           2.335e+01     
  45.000         182.000            1.164e+00          -2.107e+01              74.990           1.138e+00              13.496           2.335e+01     
  45.000         183.000            1.148e+00          -2.028e+01              66.726           1.117e+00              13.414           2.334e+01     
  45.000         184.000            1.131e+00          -1.943e+01              59.904           1.093e+00              13.331           2.333e+01     
  45.000         185.000            1.113e+00          -1.856e+01              54.321           1.066e+00              13.247           2.333e+01     
  45.000         186.000            1.093e+00          -1.771e+01              49.745           1.035e+00              13.161           2.332e+01     
  45.000         187.000            1.071e+00          -1.690e+01              45.966           1.002e+00              13.074           2.331e+01     
  45.000         188.000            1.048e+00          -1.614e+01              42.817           9.647e-01              12.986           2.329e+01     
  45.000         189.000            1.024e+00          -1.542e+01              40.164           9.244e-01              12.896           2.328e+01     
  45.000         190.000            9.983e-01          -1.474e+01              37.905           8.809e-01              12.805           2.327e+01     
  45.000         191.000            9.710e-01          -1.411e+01              35.962           8.341e-01              12.712           2.325e+01     
  45.000         192.000            9.424e-01          -1.352e+01              34.275           7.840e-01              12.617           2.323e+01     
  45.000         193.000            9.124e-01          -1.296e+01              32.796           7.305e-01              12.521           2.322e+01     
  45.000         194.000            8.810e-01          -1.243e+01              31.490           6.736e-01              12.423           2.320e+01     
  45.000         195.000            8.482e-01          -1.194e+01              30.328           6.133e-01              12.323           2.318e+01     
  45.000         196.000            8.142e-01          -1.147e+01              29.286           5.495e-01              12.221           2.315e+01     
  45.000         197.000            7.788e-01          -1.103e+01              28.346           4.823e-01              12.116           2.313e+01     
  45.000         198.000            7.422e-01          -1.061e+01              27.493           4.116e-01              12.010           2.311e+01     
  45.000         199.000            7.043e-01          -1.021e+01              26.714           3.372e-01              11.901           2.308e+01     
  45.000         200.000            6.652e-01          -9.830e+00              26.000           2.593e-01              11.790           2.306e+01     
  45.000         201.000            6.249e-01          -9.469e+00              25.342           1.777e-01              11.677           2.303e+01     
  45.000         202.000            5.835e-01          -9.126e+00              24.732           9.242e-02              11.561           2.300e+01     
  45.000         203.000            5.409e-01          -8.798e+00              24.165           3.354e-03              11.442           2.298e+01     
  45.000         204.000            4.973e-01          -8.486e+00              23.635          -8.953e-02              11.320           2.295e+01     
  45.000         205.000            4.526e-01          -8.187e+00              23.139          -1.863e-01              11.196           2.292e+01     
  45.000         206.000            4.069e-01          -7.900e+00              22.672          -2.870e-01              11.068           2.289e+01     
  45.000         207.000            3.602e-01          -7.626e+00              22.231          -3.918e-01              10.937           2.285e+01     
  45.000         208.000            3.126e-01          -7.363e+00              21.814          -5.007e-01              10.802           2.282e+01     
  45.000         209.000            2.641e-01          -7.111e+00              21.417          -6.137e-01              10.664           2.279e+01     
  45.000         210.000            2.148e-01          -6.869e+00              21.039          -7.311e-01              10.522           2.276e+01     
  45.000         211.000            1.647e-01          -6.637e+00              20.678          -8.528e-01              10.377           2.272e+01     
  45.000         212.000            1.138e-01          -6.414e+00              20.332          -9.790e-01              10.227           2.269e+01     
  45.000         213.000            6.234e-02          -6.199e+00              20.000          -1.110e+00              10.073           2.266e+01     
  45.000         214.000            1.022e-02          -5.992e+00              19.679          -1.245e+00               9.914           2.262e+01     
  45.000         215.000           -4.244e-02          -5.793e+00              19.370          -1.386e+00               9.750           2.259e+01     
  45.000         216.000           -9.561e-02          -5.602e+00              19.071          -1.531e+00               9.582           2.255e+01     
  45.000         217.000           -1.492e-01          -5.418e+00              18.781          -1.681e+00               9.408           2.252e+01     
  45.000         218.000           -2.031e-01          -5.240e+00              18.499          -1.837e+00               9.229           2.248e+01     
  45.000         219.000           -2.574e-01          -5.069e+00              18.224          -1.998e+00               9.044           2.245e+01     
  45.000         220.000           -3.118e-01          -4.905e+00              17.956          -2.165e+00               8.853           2.241e+01     
  45.000         221.000           -3.664e-01          -4.746e+00              17.694          -2.337e+00               8.655           2.238e+01     
  45.000         222.000           -4.211e-01          -4.593e+00              17.437          -2.516e+00               8.450           2.234e+01     
  45.000         223.000           -4.757e-01          -4.445e+00              17.185          -2.701e+00               8.239           2.231e+01     
  45.000         224.000           -5.302e-01          -4.303e+00              16.938          -2.892e+00               8.019           2.227e+01     
  45.000         225.000           -5.845e-01          -4.166e+00              16.694          -3.090e+00               7.791           2.224e+01     
  45.000         226.000           -6.386e-01          -4.033e+00              16.454          -3.296e+00               7.554           2.221e+01     
  45.000         227.000           -6.922e-01          -3.906e+00              16.217          -3.508e+00               7.307           2.218e+01     
  45.000         228.000           -7.454e-01          -3.783e+00              15.983          -3.729e+00               7.051           2.215e+01     
  45.000         229.000           -7.981e-01          -3.664e+00              15.751          -3.958e+00               6.784           2.212e+01     
  45.000         230.000           -8.500e-01          -3.550e+00              15.522          -4.195e+00               6.505           2.209e+01     
  45.000         231.000           -9.012e-01          -3.440e+00              15.294          -4.441e+00               6.213           2.206e+01     
  45.000         232.000           -9.516e-01          -3.334e+00              15.068          -4.696e+00               5.907           2.203e+01     
  45.000         233.000           -1.001e+00          -3.232e+00              14.843          -4.962e+00               5.587           2.201e+01     
  45.000         234.000           -1.049e+00          -3.133e+00              14.620          -5.239e+00               5.250           2.199e+01     
  45.000         235.000           -1.096e+00          -3.038e+00              14.398          -5.526e+00               4.896           2.196e+01     
  45.000         236.000           -1.142e+00          -2.947e+00              14.176          -5.826e+00               4.521           2.194e+01     
  45.000         237.000           -1.187e+00          -2.859e+00              13.955          -6.139e+00               4.125           2.192e+01     
  45.000         238.000           -1.229e+00          -2.775e+00              13.734          -6.466e+00               3.705           2.191e+01     
  45.000         239.000           -1.271e+00          -2.694e+00              13.514          -6.808e+00               3.258           2.189e+01     
  45.000         240.000           -1.310e+00          -2.616e+00              13.294          -7.166e+00               2.781           2.188e+01     
  45.000         241.000           -1.348e+00          -2.541e+00              13.074          -7.541e+00               2.269           2.187e+01     
  45.000         242.000           -1.384e+00          -2.470e+00              12.854          -7.935e+00               1.719           2.186e+01     
  45.000         243.000           -1.418e+00          -2.401e+00              12.634          -8.350e+00               1.124           2.186e+01     
  45.000         244.000           -1.449e+00          -2.335e+00              12.413          -8.788e+00               0.478           2.186e+01     
  45.000         245.000           -1.478e+00          -2.272e+00              12.193          -9.251e+00             359.773           2.186e+01     
  45.000         246.000           -1.505e+00          -2.212e+00              11.972          -9.741e+00             358.998           2.186e+01     
  45.000         247.000           -1.530e+00          -2.154e+00              11.750          -1.026e+01             358.140           2.187e+01     
  45.000         248.000           -1.552e+00          -2.100e+00              11.528          -1.082e+01             357.184           2.188e+01     
  45.000         249.000           -1.572e+00          -2.047e+00              11.305          -1.141e+01             356.108           2.189e+01     
  45.000         250.000           -1.588e+00          -1.998e+00              11.082          -1.205e+01             354.886           2.190e+01     
  45.000         251.000           -1.603e+00          -1.951e+00              10.858          -1.274e+01             353.481           2.192e+01     
  45.000         252.000           -1.614e+00          -1.906e+00              10.633          -1.348e+01             351.845           2.195e+01     
  45.000         253.000           -1.622e+00          -1.864e+00              10.408          -1.429e+01             349.913           2.197e+01     
  45.000         254.000           -1.628e+00          -1.824e+00              10.181          -1.518e+01             347.589           2.200e+01     
  45.000         255.000           -1.630e+00          -1.786e+00               9.954          -1.615e+01             344.740           2.203e+01     
  45.000         256.000           -1.630e+00          -1.751e+00               9.726          -1.722e+01             341.166           2.207e+01     
  45.000         257.000           -1.626e+00          -1.719e+00               9.497          -1.840e+01             336.568           2.211e+01     
  45.000         258.000           -1.620e+00          -1.688e+00               9.268          -1.969e+01             330.491           2.215e+01     
  45.000         259.000           -1.610e+00          -1.660e+00               9.037          -2.106e+01             322.261           2.219e+01     
  45.000         260.000           -1.597e+00          -1.634e+00               8.806          -2.241e+01             311.011           2.224e+01     
  45.000         261.000           -1.582e+00          -1.610e+00               8.573          -2.349e+01             296.073           2.230e+01     
  45.000         262.000           -1.563e+00          -1.588e+00               8.340          -2.394e+01             278.150           2.235e+01     
  45.000         263.000           -1.541e+00          -1.569e+00               8.106          -2.354e+01             260.081           2.241e+01     
  45.000         264.000           -1.516e+00          -1.551e+00               7.871          -2.247e+01             244.833           2.247e+01     
  45.000         265.000           -1.488e+00          -1.536e+00               7.636          -2.112e+01             233.284           2.254e+01     
  45.000         266.000           -1.458e+00          -1.523e+00               7.399          -1.972e+01             224.828           2.261e+01     
  45.000         267.000           -1.424e+00          -1.512e+00               7.162          -1.840e+01             218.587           2.268e+01     
  45.000         268.000           -1.388e+00          -1.503e+00               6.924          -1.720e+01             213.869           2.275e+01     
  45.000         269.000           -1.349e+00          -1.497e+00               6.685          -1.610e+01             210.204           2.283e+01     
  45.000         270.000           -1.307e+00          -1.492e+00               6.446          -1.510e+01             207.281           2.291e+01     
  45.000         271.000           -1.262e+00          -1.490e+00               6.206          -1.418e+01             204.896           2.299e+01     
  45.000         272.000           -1.215e+00          -1.489e+00               5.965          -1.335e+01             202.907           2.308e+01     
  45.000         273.000           -1.166e+00          -1.491e+00               5.724          -1.258e+01             201.219           2.316e+01     
  45.000         274.000           -1.114e+00          -1.495e+00               5.481          -1.187e+01             199.764           2.325e+01     
  45.000         275.000           -1.060e+00          -1.501e+00               5.239          -1.121e+01             198.492           2.334e+01     
  45.000         276.000           -1.003e+00          -1.510e+00               4.995          -1.059e+01             197.366           2.343e+01     
  45.000         277.000           -9.450e-01          -1.520e+00               4.752          -1.001e+01             196.359           2.353e+01     
  45.000         278.000           -8.846e-01          -1.533e+00               4.507          -9.464e+00             195.450           2.362e+01     
  45.000         279.000           -8.223e-01          -1.548e+00               4.263          -8.951e+00             194.622           2.372e+01     
  45.000         280.000           -7.582e-01          -1.565e+00               4.018          -8.465e+00             193.863           2.382e+01     
  45.000         281.000           -6.925e-01          -1.585e+00               3.772          -8.004e+00             193.161           2.392e+01     
  45.000         282.000           -6.251e-01          -1.606e+00               3.527          -7.567e+00             192.509           2.402e+01     
  45.000         283.000           -5.563e-01          -1.631e+00               3.280          -7.149e+00             191.899           2.412e+01     
  45.000         284.000           -4.861e-01          -1.657e+00               3.034          -6.751e+00             191.326           2.422e+01     
  45.000         285.000           -4.146e-01          -1.686e+00               2.787          -6.370e+00             190.786           2.433e+01     
  45.000         286.000           -3.419e-01          -1.717e+00               2.541          -6.005e+00             190.274           2.443e+01     
  45.000         287.000           -2.682e-01          -1.751e+00               2.294          -5.656e+00             189.788           2.453e+01     
  45.000         288.000           -1.934e-01          -1.787e+00               2.046          -5.319e+00             189.324           2.464e+01     
  45.000         289.000           -1.178e-01          -1.826e+00               1.799          -4.996e+00             188.880           2.474e+01     
  45.000         290.000           -4.139e-02          -1.868e+00               1.552          -4.685e+00             188.454           2.485e+01     
  45.000         291.000            3.571e-02          -1.912e+00               1.304          -4.385e+00             188.044           2.495e+01     
  45.000         292.000            1.134e-01          -1.959e+00               1.057          -4.096e+00             187.650           2.505e+01     
  45.000         293.000            1.916e-01          -2.008e+00               0.809          -3.816e+00             187.269           2.516e+01     
  45.000         294.000            2.703e-01          -2.061e+00               0.562          -3.546e+00             186.900           2.526e+01     
  45.000         295.000            3.493e-01          -2.116e+00               0.314          -3.285e+00             186.543           2.537e+01     
  45.000         296.000            4.285e-01          -2.174e+00               0.066          -3.032e+00             186.196           2.547e+01     
  45.000         297.000            5.079e-01          -2.236e+00             359.819          -2.787e+00             185.860           2.557e+01     
  45.000         298.000            5.874e-01          -2.300e+00             359.571          -2.549e+00             185.532           2.567e+01     
  45.000         299.000            6.669e-01          -2.368e+00             359.324          -2.319e+00             185.213           2.577e+01     
  45.000         300.000            7.464e-01          -2.439e+00             359.076          -2.096e+00             184.902           2.587e+01     
  45.000         301.000            8.257e-01          -2.513e+00             358.829          -1.879e+00             184.599           2.597e+01     
  45.000         302.000            9.049e-01          -2.591e+00             358.581          -1.669e+00             184.303           2.607e+01     
  45.000         303.000            9.837e-01          -2.672e+00             358.333          -1.465e+00             184.014           2.617e+01     
  45.000         304.000            1.062e+00          -2.757e+00             358.085          -1.266e+00             183.732           2.627e+01     
  45.000         305.000            1.140e+00          -2.846e+00             357.837          -1.073e+00             183.455           2.637e+01     
  45.000         306.000            1.218e+00          -2.939e+00             357.589          -8.861e-01             183.185           2.646e+01     
  45.000         307.000            1.295e+00          -3.035e+00             357.341          -7.039e-01             182.920           2.655e+01     
  45.000         308.000            1.372e+00          -3.136e+00             357.092          -5.269e-01             182.661           2.665e+01     
  45.000         309.000            1.448e+00          -3.241e+00             356.842          -3.547e-01             182.408           2.674e+01     
  45.000         310.000            1.523e+00          -3.351e+00             356.592          -1.873e-01             182.160           2.683e+01     
  45.000         311.000            1.598e+00          -3.465e+00             356.342          -2.456e-02             181.916           2.692e+01     
  45.000         312.000            1.672e+00          -3.584e+00             356.091           1.337e-01             181.678           2.701e+01     
  45.000         313.000            1.744e+00          -3.707e+00             355.838           2.876e-01             181.445           2.709e+01     
  45.000         314.000            1.817e+00          -3.836e+00             355.585           4.372e-01             181.216           2.718e+01     
  45.000         315.000            1.888e+00          -3.970e+00             355.330           5.826e-01             180.992           2.726e+01     
  45.000         316.000            1.958e+00          -4.110e+00             355.074           7.240e-01             180.773           2.735e+01     
  45.000         317.000            2.027e+00          -4.255e+00             354.815           8.614e-01             180.558           2.743e+01     
  45.000         318.000            2.095e+00          -4.406e+00             354.555           9.949e-01             180.348           2.751e+01     
  45.000         319.000            2.162e+00          -4.564e+00             354.293           1.125e+00             180.142           2.758e+01     
  45.000         320.000            2.228e+00          -4.727e+00             354.027           1.250e+00             179.940           2.766e+01     
  45.000         321.000            2.293e+00          -4.898e+00             353.759           1.373e+00             179.743           2.773e+01     
  45.000         322.000            2.356e+00          -5.076e+00             353.487           1.491e+00             179.550           2.781e+01     
  45.000         323.000            2.419e+00          -5.261e+00             353.211           1.606e+00             179.361           2.788e+01     
  45.000         324.000            2.480e+00          -5.454e+00             352.931           1.718e+00             179.177           2.795e+01     
  45.000         325.000            2.540e+00          -5.655e+00             352.645           1.826e+00             178.997           2.802e+01     
  45.000         326.000            2.598e+00          -5.864e+00             352.353           1.931e+00             178.820           2.808e+01     
  45.000         327.000            2.655e+00          -6.083e+00             352.055           2.032e+00             178.648           2.815e+01     
  45.000         328.000            2.711e+00          -6.311e+00             351.748           2.130e+00             178.480           2.821e+01     
  45.000         329.000            2.765e+00          -6.549e+00             351.433           2.225e+00             178.317           2.827e+01     
  45.000         330.000            2.818e+00          -6.798e+00             351.109           2.316e+00             178.157           2.833e+01     
  45.000         331.000            2.870e+00          -7.058e+00             350.772           2.404e+00             178.001           2.839e+01     
  45.000         332.000            2.920e+00          -7.330e+00             350.423           2.489e+00             177.850           2.844e+01     
  45.000         333.000            2.968e+00          -7.615e+00             350.059           2.571e+00             177.702           2.849e+01     
  45.000         334.000            3.015e+00          -7.914e+00             349.679           2.650e+00             177.559           2.854e+01     
  45.000         335.000            3.061e+00          -8.228e+00             349.279           2.725e+00             177.419           2.859e+01     
  45.000         336.000            3.105e+00          -8.558e+00             348.856           2.798e+00             177.284           2.864e+01     
  45.000         337.000            3.147e+00          -8.904e+00             348.408           2.867e+00             177.152           2.868e+01     
  45.000         338.000            3.188e+00          -9.270e+00             347.930           2.934e+00             177.025           2.872e+01     
  45.000         339.000            3.227e+00          -9.655e+00             347.418           2.997e+00             176.902           2.876e+01     
  45.000         340.000            3.264e+00          -1.006e+01             346.865           3.057e+00             176.782           2.880e+01     
  45.000         341.000            3.300e+00          -1.049e+01             346.264           3.115e+00             176.667           2.883e+01     
  45.000         342.000            3.334e+00          -1.095e+01             345.606           3.169e+00             176.556           2.887e+01     
  45.000         343.000            3.367e+00          -1.144e+01             344.880           3.221e+00             176.448           2.890e+01     
  45.000         344.000            3.397e+00          -1.196e+01             344.074           3.269e+00             176.345           2.892e+01     
  45.000         345.000            3.427e+00          -1.252e+01             343.168           3.315e+00             176.245           2.895e+01     
  45.000         346.000            3.454e+00          -1.311e+01             342.141           3.357e+00             176.150           2.897e+01     
  45.000         347.000            3.480e+00          -1.376e+01             340.963           3.397e+00             176.058           2.899e+01     
  45.000         348.000            3.503e+00          -1.445e+01             339.595           3.433e+00             175.970           2.901e+01     
  45.000         349.000            3.526e+00          -1.521e+01             337.983           3.467e+00             175.887           2.903e+01     
  45.000         350.000            3.546e+00          -1.603e+01             336.055           3.498e+00             175.807           2.904e+01     
  45.000         351.000            3.565e+00          -1.694e+01             333.705           3.526e+00             175.731           2.905e+01     
  45.000         352.000            3.582e+00          -1.793e+01             330.782           3.551e+00             175.659           2.906e+01     
  45.000         353.000            3.597e+00          -1.903e+01             327.062           3.573e+00             175.590           2.906e+01     
  45.000         354.000            3.610e+00          -2.024e+01             322.204           3.592e+00             175.526           2.906e+01     
  45.000         355.000            3.622e+00          -2.156e+01             315.694           3.608e+00             175.465           2.906e+01     
  45.000         356.000            3.631e+00          -2.293e+01             306.794           3.622e+00             175.408           2.906e+01     
  45.000         357.000            3.639e+00          -2.423e+01             294.628           3.632e+00             175.355           2.905e+01     
  45.000         358.000            3.645e+00          -2.516e+01             278.801           3.640e+00             175.306           2.904e+01     
  45.000         359.000            3.650e+00          -2.536e+01             260.680           3.644e+00             175.260           2.903e+01     
