Theta [deg.]  Phi   [deg.]  Abs(Dir.)[dBi   ]   Abs(Theta)[dBi   ]  Phase(Theta)[deg.]  Abs(Phi  )[dBi   ]  Phase(Phi  )[deg.]  Ax.Ratio[dB    ]    
------------------------------------------------------------------------------------------------------------------------------------------------------
 135.000           0.000            2.603e+00          -1.545e+01              84.968           2.534e+00             224.059           2.174e+01     
 135.000           1.000            2.592e+00          -1.484e+01              82.329           2.513e+00             224.053           2.161e+01     
 135.000           2.000            2.579e+00          -1.426e+01              80.044           2.489e+00             224.047           2.149e+01     
 135.000           3.000            2.565e+00          -1.371e+01              78.053           2.461e+00             224.042           2.136e+01     
 135.000           4.000            2.549e+00          -1.318e+01              76.310           2.431e+00             224.038           2.124e+01     
 135.000           5.000            2.531e+00          -1.268e+01              74.776           2.398e+00             224.034           2.111e+01     
 135.000           6.000            2.511e+00          -1.221e+01              73.420           2.362e+00             224.031           2.098e+01     
 135.000           7.000            2.490e+00          -1.176e+01              72.215           2.323e+00             224.027           2.086e+01     
 135.000           8.000            2.467e+00          -1.133e+01              71.140           2.281e+00             224.024           2.073e+01     
 135.000           9.000            2.442e+00          -1.092e+01              70.177           2.237e+00             224.021           2.060e+01     
 135.000          10.000            2.415e+00          -1.053e+01              69.312           2.189e+00             224.018           2.048e+01     
 135.000          11.000            2.387e+00          -1.016e+01              68.532           2.138e+00             224.015           2.035e+01     
 135.000          12.000            2.357e+00          -9.802e+00              67.828           2.084e+00             224.012           2.023e+01     
 135.000          13.000            2.325e+00          -9.463e+00              67.189           2.027e+00             224.008           2.010e+01     
 135.000          14.000            2.292e+00          -9.139e+00              66.610           1.967e+00             224.005           1.997e+01     
 135.000          15.000            2.257e+00          -8.829e+00              66.083           1.904e+00             224.000           1.985e+01     
 135.000          16.000            2.220e+00          -8.532e+00              65.602           1.838e+00             223.995           1.972e+01     
 135.000          17.000            2.182e+00          -8.248e+00              65.164           1.769e+00             223.989           1.959e+01     
 135.000          18.000            2.142e+00          -7.976e+00              64.764           1.697e+00             223.982           1.946e+01     
 135.000          19.000            2.100e+00          -7.715e+00              64.398           1.621e+00             223.974           1.934e+01     
 135.000          20.000            2.057e+00          -7.464e+00              64.064           1.543e+00             223.965           1.921e+01     
 135.000          21.000            2.012e+00          -7.224e+00              63.758           1.461e+00             223.954           1.908e+01     
 135.000          22.000            1.966e+00          -6.992e+00              63.478           1.376e+00             223.941           1.895e+01     
 135.000          23.000            1.918e+00          -6.770e+00              63.222           1.287e+00             223.927           1.883e+01     
 135.000          24.000            1.869e+00          -6.557e+00              62.988           1.195e+00             223.911           1.870e+01     
 135.000          25.000            1.818e+00          -6.352e+00              62.774           1.100e+00             223.893           1.857e+01     
 135.000          26.000            1.766e+00          -6.154e+00              62.578           1.002e+00             223.872           1.844e+01     
 135.000          27.000            1.713e+00          -5.964e+00              62.400           8.996e-01             223.849           1.831e+01     
 135.000          28.000            1.658e+00          -5.782e+00              62.238           7.941e-01             223.822           1.818e+01     
 135.000          29.000            1.601e+00          -5.606e+00              62.091           6.851e-01             223.793           1.805e+01     
 135.000          30.000            1.544e+00          -5.437e+00              61.957           5.724e-01             223.760           1.792e+01     
 135.000          31.000            1.485e+00          -5.274e+00              61.837           4.561e-01             223.723           1.779e+01     
 135.000          32.000            1.425e+00          -5.117e+00              61.728           3.360e-01             223.682           1.766e+01     
 135.000          33.000            1.363e+00          -4.966e+00              61.631           2.122e-01             223.636           1.753e+01     
 135.000          34.000            1.301e+00          -4.821e+00              61.544           8.452e-02             223.586           1.740e+01     
 135.000          35.000            1.237e+00          -4.681e+00              61.467          -4.709e-02             223.531           1.727e+01     
 135.000          36.000            1.172e+00          -4.547e+00              61.400          -1.827e-01             223.470           1.714e+01     
 135.000          37.000            1.106e+00          -4.418e+00              61.341          -3.224e-01             223.403           1.701e+01     
 135.000          38.000            1.039e+00          -4.293e+00              61.290          -4.663e-01             223.329           1.688e+01     
 135.000          39.000            9.712e-01          -4.173e+00              61.247          -6.144e-01             223.248           1.675e+01     
 135.000          40.000            9.023e-01          -4.058e+00              61.211          -7.670e-01             223.160           1.662e+01     
 135.000          41.000            8.325e-01          -3.948e+00              61.182          -9.240e-01             223.063           1.649e+01     
 135.000          42.000            7.619e-01          -3.841e+00              61.159          -1.086e+00             222.958           1.636e+01     
 135.000          43.000            6.904e-01          -3.739e+00              61.142          -1.252e+00             222.843           1.623e+01     
 135.000          44.000            6.183e-01          -3.641e+00              61.131          -1.423e+00             222.718           1.610e+01     
 135.000          45.000            5.455e-01          -3.547e+00              61.126          -1.599e+00             222.582           1.597e+01     
 135.000          46.000            4.721e-01          -3.457e+00              61.125          -1.780e+00             222.434           1.584e+01     
 135.000          47.000            3.981e-01          -3.371e+00              61.129          -1.967e+00             222.272           1.571e+01     
 135.000          48.000            3.236e-01          -3.288e+00              61.138          -2.159e+00             222.097           1.559e+01     
 135.000          49.000            2.487e-01          -3.208e+00              61.150          -2.356e+00             221.907           1.546e+01     
 135.000          50.000            1.735e-01          -3.133e+00              61.167          -2.560e+00             221.701           1.533e+01     
 135.000          51.000            9.799e-02          -3.060e+00              61.187          -2.769e+00             221.477           1.521e+01     
 135.000          52.000            2.229e-02          -2.991e+00              61.211          -2.985e+00             221.234           1.508e+01     
 135.000          53.000           -5.355e-02          -2.925e+00              61.238          -3.207e+00             220.970           1.496e+01     
 135.000          54.000           -1.294e-01          -2.863e+00              61.268          -3.436e+00             220.684           1.484e+01     
 135.000          55.000           -2.053e-01          -2.803e+00              61.301          -3.672e+00             220.373           1.472e+01     
 135.000          56.000           -2.810e-01          -2.746e+00              61.336          -3.915e+00             220.035           1.460e+01     
 135.000          57.000           -3.565e-01          -2.693e+00              61.374          -4.165e+00             219.669           1.448e+01     
 135.000          58.000           -4.317e-01          -2.642e+00              61.414          -4.424e+00             219.270           1.436e+01     
 135.000          59.000           -5.065e-01          -2.594e+00              61.456          -4.690e+00             218.837           1.425e+01     
 135.000          60.000           -5.808e-01          -2.549e+00              61.500          -4.965e+00             218.365           1.414e+01     
 135.000          61.000           -6.545e-01          -2.506e+00              61.546          -5.249e+00             217.852           1.403e+01     
 135.000          62.000           -7.275e-01          -2.467e+00              61.593          -5.543e+00             217.292           1.392e+01     
 135.000          63.000           -7.998e-01          -2.429e+00              61.641          -5.846e+00             216.681           1.382e+01     
 135.000          64.000           -8.711e-01          -2.395e+00              61.691          -6.159e+00             216.013           1.371e+01     
 135.000          65.000           -9.414e-01          -2.363e+00              61.742          -6.483e+00             215.283           1.362e+01     
 135.000          66.000           -1.011e+00          -2.334e+00              61.794          -6.818e+00             214.483           1.352e+01     
 135.000          67.000           -1.079e+00          -2.307e+00              61.846          -7.164e+00             213.605           1.343e+01     
 135.000          68.000           -1.145e+00          -2.282e+00              61.899          -7.522e+00             212.640           1.334e+01     
 135.000          69.000           -1.211e+00          -2.260e+00              61.953          -7.893e+00             211.577           1.325e+01     
 135.000          70.000           -1.274e+00          -2.240e+00              62.007          -8.276e+00             210.404           1.317e+01     
 135.000          71.000           -1.336e+00          -2.223e+00              62.061          -8.672e+00             209.108           1.310e+01     
 135.000          72.000           -1.397e+00          -2.208e+00              62.115          -9.081e+00             207.672           1.302e+01     
 135.000          73.000           -1.455e+00          -2.195e+00              62.170          -9.503e+00             206.078           1.296e+01     
 135.000          74.000           -1.511e+00          -2.185e+00              62.224          -9.938e+00             204.304           1.289e+01     
 135.000          75.000           -1.566e+00          -2.177e+00              62.277          -1.038e+01             202.327           1.284e+01     
 135.000          76.000           -1.618e+00          -2.171e+00              62.331          -1.084e+01             200.120           1.278e+01     
 135.000          77.000           -1.668e+00          -2.168e+00              62.384          -1.131e+01             197.652           1.274e+01     
 135.000          78.000           -1.715e+00          -2.166e+00              62.436          -1.178e+01             194.890           1.270e+01     
 135.000          79.000           -1.760e+00          -2.167e+00              62.488          -1.225e+01             191.801           1.266e+01     
 135.000          80.000           -1.803e+00          -2.170e+00              62.538          -1.271e+01             188.348           1.264e+01     
 135.000          81.000           -1.843e+00          -2.176e+00              62.588          -1.316e+01             184.502           1.261e+01     
 135.000          82.000           -1.880e+00          -2.183e+00              62.637          -1.359e+01             180.238           1.260e+01     
 135.000          83.000           -1.914e+00          -2.193e+00              62.684          -1.398e+01             175.548           1.259e+01     
 135.000          84.000           -1.946e+00          -2.205e+00              62.730          -1.432e+01             170.445           1.259e+01     
 135.000          85.000           -1.975e+00          -2.219e+00              62.775          -1.459e+01             164.972           1.259e+01     
 135.000          86.000           -2.000e+00          -2.236e+00              62.818          -1.478e+01             159.204           1.260e+01     
 135.000          87.000           -2.023e+00          -2.254e+00              62.860          -1.488e+01             153.250           1.262e+01     
 135.000          88.000           -2.043e+00          -2.275e+00              62.900          -1.488e+01             147.242           1.265e+01     
 135.000          89.000           -2.060e+00          -2.298e+00              62.938          -1.478e+01             141.316           1.268e+01     
 135.000          90.000           -2.074e+00          -2.324e+00              62.975          -1.459e+01             135.599           1.272e+01     
 135.000          91.000           -2.084e+00          -2.351e+00              63.009          -1.433e+01             130.194           1.277e+01     
 135.000          92.000           -2.092e+00          -2.381e+00              63.041          -1.400e+01             125.168           1.283e+01     
 135.000          93.000           -2.097e+00          -2.414e+00              63.072          -1.362e+01             120.557           1.289e+01     
 135.000          94.000           -2.099e+00          -2.448e+00              63.100          -1.321e+01             116.367           1.296e+01     
 135.000          95.000           -2.097e+00          -2.485e+00              63.125          -1.278e+01             112.587           1.303e+01     
 135.000          96.000           -2.093e+00          -2.525e+00              63.149          -1.234e+01             109.189           1.312e+01     
 135.000          97.000           -2.086e+00          -2.566e+00              63.169          -1.189e+01             106.143           1.321e+01     
 135.000          98.000           -2.077e+00          -2.611e+00              63.188          -1.144e+01             103.412           1.330e+01     
 135.000          99.000           -2.064e+00          -2.657e+00              63.203          -1.100e+01             100.963           1.340e+01     
 135.000         100.000           -2.049e+00          -2.706e+00              63.216          -1.057e+01              98.764           1.351e+01     
 135.000         101.000           -2.031e+00          -2.758e+00              63.226          -1.015e+01              96.785           1.363e+01     
 135.000         102.000           -2.011e+00          -2.812e+00              63.233          -9.744e+00              94.999           1.375e+01     
 135.000         103.000           -1.988e+00          -2.869e+00              63.237          -9.348e+00              93.384           1.387e+01     
 135.000         104.000           -1.963e+00          -2.929e+00              63.238          -8.966e+00              91.918           1.401e+01     
 135.000         105.000           -1.936e+00          -2.991e+00              63.236          -8.597e+00              90.585           1.414e+01     
 135.000         106.000           -1.906e+00          -3.056e+00              63.231          -8.240e+00              89.368           1.429e+01     
 135.000         107.000           -1.875e+00          -3.124e+00              63.222          -7.896e+00              88.255           1.443e+01     
 135.000         108.000           -1.842e+00          -3.195e+00              63.210          -7.565e+00              87.233           1.459e+01     
 135.000         109.000           -1.807e+00          -3.269e+00              63.195          -7.245e+00              86.292           1.474e+01     
 135.000         110.000           -1.770e+00          -3.345e+00              63.176          -6.937e+00              85.424           1.490e+01     
 135.000         111.000           -1.731e+00          -3.425e+00              63.154          -6.640e+00              84.620           1.507e+01     
 135.000         112.000           -1.691e+00          -3.508e+00              63.128          -6.353e+00              83.875           1.524e+01     
 135.000         113.000           -1.650e+00          -3.594e+00              63.098          -6.076e+00              83.181           1.541e+01     
 135.000         114.000           -1.608e+00          -3.684e+00              63.064          -5.810e+00              82.534           1.558e+01     
 135.000         115.000           -1.564e+00          -3.777e+00              63.026          -5.552e+00              81.929           1.576e+01     
 135.000         116.000           -1.519e+00          -3.873e+00              62.984          -5.303e+00              81.362           1.595e+01     
 135.000         117.000           -1.474e+00          -3.973e+00              62.938          -5.063e+00              80.830           1.613e+01     
 135.000         118.000           -1.427e+00          -4.076e+00              62.888          -4.831e+00              80.328           1.632e+01     
 135.000         119.000           -1.380e+00          -4.184e+00              62.834          -4.607e+00              79.855           1.651e+01     
 135.000         120.000           -1.332e+00          -4.295e+00              62.775          -4.390e+00              79.407           1.670e+01     
 135.000         121.000           -1.284e+00          -4.410e+00              62.712          -4.181e+00              78.983           1.690e+01     
 135.000         122.000           -1.235e+00          -4.530e+00              62.644          -3.979e+00              78.580           1.710e+01     
 135.000         123.000           -1.186e+00          -4.653e+00              62.571          -3.783e+00              78.197           1.730e+01     
 135.000         124.000           -1.137e+00          -4.781e+00              62.493          -3.594e+00              77.831           1.750e+01     
 135.000         125.000           -1.087e+00          -4.914e+00              62.410          -3.411e+00              77.482           1.770e+01     
 135.000         126.000           -1.038e+00          -5.051e+00              62.323          -3.234e+00              77.148           1.791e+01     
 135.000         127.000           -9.882e-01          -5.193e+00              62.229          -3.063e+00              76.827           1.812e+01     
 135.000         128.000           -9.388e-01          -5.340e+00              62.130          -2.897e+00              76.519           1.833e+01     
 135.000         129.000           -8.897e-01          -5.492e+00              62.026          -2.737e+00              76.222           1.854e+01     
 135.000         130.000           -8.408e-01          -5.650e+00              61.916          -2.583e+00              75.936           1.875e+01     
 135.000         131.000           -7.922e-01          -5.814e+00              61.799          -2.433e+00              75.659           1.896e+01     
 135.000         132.000           -7.440e-01          -5.983e+00              61.676          -2.289e+00              75.392           1.918e+01     
 135.000         133.000           -6.963e-01          -6.158e+00              61.547          -2.149e+00              75.133           1.940e+01     
 135.000         134.000           -6.491e-01          -6.340e+00              61.410          -2.014e+00              74.881           1.962e+01     
 135.000         135.000           -6.025e-01          -6.529e+00              61.266          -1.884e+00              74.637           1.984e+01     
 135.000         136.000           -5.566e-01          -6.724e+00              61.115          -1.758e+00              74.399           2.006e+01     
 135.000         137.000           -5.113e-01          -6.927e+00              60.955          -1.637e+00              74.167           2.028e+01     
 135.000         138.000           -4.669e-01          -7.138e+00              60.787          -1.519e+00              73.941           2.050e+01     
 135.000         139.000           -4.232e-01          -7.357e+00              60.610          -1.406e+00              73.719           2.073e+01     
 135.000         140.000           -3.804e-01          -7.584e+00              60.423          -1.298e+00              73.503           2.096e+01     
 135.000         141.000           -3.385e-01          -7.820e+00              60.226          -1.193e+00              73.290           2.119e+01     
 135.000         142.000           -2.975e-01          -8.066e+00              60.018          -1.092e+00              73.082           2.142e+01     
 135.000         143.000           -2.576e-01          -8.322e+00              59.798          -9.949e-01              72.878           2.165e+01     
 135.000         144.000           -2.186e-01          -8.589e+00              59.566          -9.017e-01              72.677           2.188e+01     
 135.000         145.000           -1.807e-01          -8.867e+00              59.319          -8.123e-01              72.479           2.212e+01     
 135.000         146.000           -1.439e-01          -9.157e+00              59.057          -7.265e-01              72.285           2.235e+01     
 135.000         147.000           -1.083e-01          -9.460e+00              58.778          -6.443e-01              72.093           2.259e+01     
 135.000         148.000           -7.381e-02          -9.777e+00              58.481          -5.657e-01              71.903           2.284e+01     
 135.000         149.000           -4.052e-02          -1.011e+01              58.164          -4.906e-01              71.717           2.308e+01     
 135.000         150.000           -8.458e-03          -1.046e+01              57.823          -4.190e-01              71.532           2.332e+01     
 135.000         151.000            2.236e-02          -1.082e+01              57.457          -3.508e-01              71.349           2.357e+01     
 135.000         152.000            5.190e-02          -1.121e+01              57.062          -2.860e-01              71.169           2.382e+01     
 135.000         153.000            8.015e-02          -1.161e+01              56.634          -2.245e-01              70.990           2.408e+01     
 135.000         154.000            1.071e-01          -1.204e+01              56.168          -1.663e-01              70.813           2.433e+01     
 135.000         155.000            1.327e-01          -1.249e+01              55.658          -1.114e-01              70.638           2.459e+01     
 135.000         156.000            1.569e-01          -1.297e+01              55.097          -5.973e-02              70.464           2.485e+01     
 135.000         157.000            1.797e-01          -1.348e+01              54.475          -1.127e-02              70.292           2.512e+01     
 135.000         158.000            2.012e-01          -1.403e+01              53.781           3.399e-02              70.121           2.539e+01     
 135.000         159.000            2.212e-01          -1.461e+01              52.999           7.609e-02              69.951           2.566e+01     
 135.000         160.000            2.398e-01          -1.524e+01              52.111           1.151e-01              69.783           2.594e+01     
 135.000         161.000            2.570e-01          -1.592e+01              51.090           1.509e-01              69.616           2.622e+01     
 135.000         162.000            2.727e-01          -1.665e+01              49.902           1.836e-01              69.450           2.651e+01     
 135.000         163.000            2.869e-01          -1.746e+01              48.498           2.133e-01              69.285           2.680e+01     
 135.000         164.000            2.997e-01          -1.834e+01              46.810           2.399e-01              69.121           2.709e+01     
 135.000         165.000            3.110e-01          -1.932e+01              44.738           2.634e-01              68.958           2.740e+01     
 135.000         166.000            3.208e-01          -2.040e+01              42.132           2.838e-01              68.796           2.771e+01     
 135.000         167.000            3.290e-01          -2.163e+01              38.755           3.013e-01              68.635           2.802e+01     
 135.000         168.000            3.358e-01          -2.301e+01              34.225           3.157e-01              68.475           2.835e+01     
 135.000         169.000            3.411e-01          -2.457e+01              27.897           3.270e-01              68.316           2.868e+01     
 135.000         170.000            3.448e-01          -2.629e+01              18.682           3.354e-01              68.158           2.902e+01     
 135.000         171.000            3.470e-01          -2.803e+01               4.937           3.407e-01              68.000           2.937e+01     
 135.000         172.000            3.477e-01          -2.931e+01             345.328           3.430e-01              67.844           2.973e+01     
 135.000         173.000            3.468e-01          -2.943e+01             322.115           3.423e-01              67.688           3.010e+01     
 135.000         174.000            3.445e-01          -2.830e+01             301.560           3.385e-01              67.534           3.048e+01     
 135.000         175.000            3.405e-01          -2.660e+01             286.849           3.317e-01              67.380           3.087e+01     
 135.000         176.000            3.351e-01          -2.486e+01             276.978           3.219e-01              67.227           3.128e+01     
 135.000         177.000            3.281e-01          -2.326e+01             270.237           3.091e-01              67.074           3.171e+01     
 135.000         178.000            3.196e-01          -2.185e+01             265.444           2.932e-01              66.923           3.215e+01     
 135.000         179.000            3.095e-01          -2.060e+01             261.891           2.742e-01              66.772           3.262e+01     
 135.000         180.000            2.980e-01          -1.949e+01             259.160           2.521e-01              66.623           3.310e+01     
 135.000         181.000            2.849e-01          -1.850e+01             256.994           2.270e-01              66.474           3.361e+01     
 135.000         182.000            2.703e-01          -1.760e+01             255.232           1.988e-01              66.326           3.414e+01     
 135.000         183.000            2.542e-01          -1.678e+01             253.767           1.674e-01              66.179           3.471e+01     
 135.000         184.000            2.365e-01          -1.604e+01             252.526           1.329e-01              66.033           3.531e+01     
 135.000         185.000            2.174e-01          -1.535e+01             251.457           9.517e-02              65.887           3.595e+01     
 135.000         186.000            1.968e-01          -1.471e+01             250.525           5.428e-02              65.743           3.663e+01     
 135.000         187.000            1.748e-01          -1.412e+01             249.701           1.018e-02              65.599           3.737e+01     
 135.000         188.000            1.512e-01          -1.357e+01             248.966          -3.716e-02              65.457           3.817e+01     
 135.000         189.000            1.263e-01          -1.305e+01             248.303          -8.779e-02              65.315           3.905e+01     
 135.000         190.000            9.985e-02          -1.257e+01             247.701          -1.417e-01              65.174           4.000e+01     
 135.000         191.000            7.202e-02          -1.211e+01             247.149          -1.990e-01              65.035           4.000e+01     
 135.000         192.000            4.279e-02          -1.168e+01             246.640          -2.597e-01              64.896           4.000e+01     
 135.000         193.000            1.217e-02          -1.127e+01             246.168          -3.238e-01              64.758           4.000e+01     
 135.000         194.000           -1.981e-02          -1.088e+01             245.728          -3.913e-01              64.621           4.000e+01     
 135.000         195.000           -5.313e-02          -1.051e+01             245.315          -4.624e-01              64.486           4.000e+01     
 135.000         196.000           -8.777e-02          -1.016e+01             244.926          -5.371e-01              64.351           4.000e+01     
 135.000         197.000           -1.237e-01          -9.829e+00             244.559          -6.153e-01              64.218           4.000e+01     
 135.000         198.000           -1.609e-01          -9.510e+00             244.209          -6.973e-01              64.085           4.000e+01     
 135.000         199.000           -1.994e-01          -9.205e+00             243.876          -7.830e-01              63.954           4.000e+01     
 135.000         200.000           -2.391e-01          -8.913e+00             243.558          -8.725e-01              63.824           4.000e+01     
 135.000         201.000           -2.799e-01          -8.634e+00             243.253          -9.658e-01              63.695           4.000e+01     
 135.000         202.000           -3.219e-01          -8.366e+00             242.959          -1.063e+00              63.567           4.000e+01     
 135.000         203.000           -3.651e-01          -8.109e+00             242.676          -1.164e+00              63.441           4.000e+01     
 135.000         204.000           -4.093e-01          -7.862e+00             242.403          -1.270e+00              63.316           4.000e+01     
 135.000         205.000           -4.545e-01          -7.625e+00             242.138          -1.380e+00              63.192           4.000e+01     
 135.000         206.000           -5.008e-01          -7.397e+00             241.881          -1.494e+00              63.070           4.000e+01     
 135.000         207.000           -5.480e-01          -7.178e+00             241.631          -1.612e+00              62.949           4.000e+01     
 135.000         208.000           -5.961e-01          -6.967e+00             241.387          -1.735e+00              62.830           3.949e+01     
 135.000         209.000           -6.451e-01          -6.764e+00             241.149          -1.862e+00              62.712           3.862e+01     
 135.000         210.000           -6.949e-01          -6.568e+00             240.916          -1.995e+00              62.596           3.783e+01     
 135.000         211.000           -7.454e-01          -6.380e+00             240.689          -2.132e+00              62.482           3.711e+01     
 135.000         212.000           -7.967e-01          -6.198e+00             240.466          -2.274e+00              62.369           3.645e+01     
 135.000         213.000           -8.486e-01          -6.023e+00             240.247          -2.421e+00              62.259           3.584e+01     
 135.000         214.000           -9.011e-01          -5.854e+00             240.032          -2.574e+00              62.150           3.527e+01     
 135.000         215.000           -9.541e-01          -5.691e+00             239.820          -2.732e+00              62.044           3.473e+01     
 135.000         216.000           -1.008e+00          -5.534e+00             239.612          -2.896e+00              61.940           3.423e+01     
 135.000         217.000           -1.061e+00          -5.382e+00             239.406          -3.066e+00              61.839           3.377e+01     
 135.000         218.000           -1.115e+00          -5.236e+00             239.203          -3.243e+00              61.740           3.332e+01     
 135.000         219.000           -1.170e+00          -5.094e+00             239.003          -3.425e+00              61.644           3.291e+01     
 135.000         220.000           -1.224e+00          -4.958e+00             238.805          -3.615e+00              61.550           3.251e+01     
 135.000         221.000           -1.279e+00          -4.827e+00             238.610          -3.811e+00              61.461           3.214e+01     
 135.000         222.000           -1.334e+00          -4.700e+00             238.416          -4.015e+00              61.374           3.179e+01     
 135.000         223.000           -1.388e+00          -4.578e+00             238.224          -4.226e+00              61.291           3.145e+01     
 135.000         224.000           -1.442e+00          -4.460e+00             238.033          -4.445e+00              61.212           3.113e+01     
 135.000         225.000           -1.496e+00          -4.346e+00             237.845          -4.673e+00              61.138           3.083e+01     
 135.000         226.000           -1.550e+00          -4.237e+00             237.657          -4.909e+00              61.068           3.055e+01     
 135.000         227.000           -1.603e+00          -4.131e+00             237.471          -5.155e+00              61.004           3.028e+01     
 135.000         228.000           -1.655e+00          -4.029e+00             237.286          -5.411e+00              60.946           3.002e+01     
 135.000         229.000           -1.707e+00          -3.931e+00             237.102          -5.678e+00              60.893           2.978e+01     
 135.000         230.000           -1.758e+00          -3.837e+00             236.920          -5.955e+00              60.848           2.955e+01     
 135.000         231.000           -1.808e+00          -3.746e+00             236.738          -6.245e+00              60.811           2.934e+01     
 135.000         232.000           -1.857e+00          -3.659e+00             236.557          -6.547e+00              60.782           2.914e+01     
 135.000         233.000           -1.905e+00          -3.575e+00             236.377          -6.863e+00              60.763           2.895e+01     
 135.000         234.000           -1.951e+00          -3.494e+00             236.197          -7.194e+00              60.754           2.877e+01     
 135.000         235.000           -1.996e+00          -3.417e+00             236.018          -7.540e+00              60.758           2.861e+01     
 135.000         236.000           -2.040e+00          -3.342e+00             235.840          -7.904e+00              60.777           2.846e+01     
 135.000         237.000           -2.082e+00          -3.271e+00             235.662          -8.287e+00              60.811           2.832e+01     
 135.000         238.000           -2.122e+00          -3.203e+00             235.484          -8.690e+00              60.863           2.820e+01     
 135.000         239.000           -2.160e+00          -3.138e+00             235.307          -9.115e+00              60.937           2.809e+01     
 135.000         240.000           -2.196e+00          -3.076e+00             235.131          -9.565e+00              61.036           2.799e+01     
 135.000         241.000           -2.231e+00          -3.016e+00             234.954          -1.004e+01              61.163           2.790e+01     
 135.000         242.000           -2.263e+00          -2.960e+00             234.778          -1.055e+01              61.326           2.783e+01     
 135.000         243.000           -2.292e+00          -2.906e+00             234.602          -1.110e+01              61.530           2.777e+01     
 135.000         244.000           -2.320e+00          -2.855e+00             234.427          -1.168e+01              61.785           2.773e+01     
 135.000         245.000           -2.344e+00          -2.806e+00             234.251          -1.230e+01              62.102           2.770e+01     
 135.000         246.000           -2.366e+00          -2.760e+00             234.076          -1.298e+01              62.497           2.768e+01     
 135.000         247.000           -2.386e+00          -2.717e+00             233.900          -1.372e+01              62.991           2.768e+01     
 135.000         248.000           -2.402e+00          -2.676e+00             233.725          -1.453e+01              63.613           2.769e+01     
 135.000         249.000           -2.416e+00          -2.638e+00             233.550          -1.543e+01              64.406           2.772e+01     
 135.000         250.000           -2.426e+00          -2.603e+00             233.375          -1.643e+01              65.432           2.777e+01     
 135.000         251.000           -2.434e+00          -2.569e+00             233.200          -1.756e+01              66.790           2.783e+01     
 135.000         252.000           -2.438e+00          -2.539e+00             233.025          -1.886e+01              68.640           2.790e+01     
 135.000         253.000           -2.440e+00          -2.510e+00             232.849          -2.037e+01              71.261           2.800e+01     
 135.000         254.000           -2.438e+00          -2.484e+00             232.674          -2.217e+01              75.182           2.811e+01     
 135.000         255.000           -2.433e+00          -2.461e+00             232.499          -2.437e+01              81.508           2.823e+01     
 135.000         256.000           -2.425e+00          -2.440e+00             232.323          -2.705e+01              92.792           2.838e+01     
 135.000         257.000           -2.413e+00          -2.421e+00             232.148          -2.993e+01             114.805           2.854e+01     
 135.000         258.000           -2.398e+00          -2.404e+00             231.972          -3.102e+01             151.327           2.873e+01     
 135.000         259.000           -2.380e+00          -2.390e+00             231.796          -2.884e+01             183.034           2.893e+01     
 135.000         260.000           -2.359e+00          -2.378e+00             231.620          -2.591e+01             199.971           2.916e+01     
 135.000         261.000           -2.335e+00          -2.369e+00             231.444          -2.339e+01             208.878           2.940e+01     
 135.000         262.000           -2.307e+00          -2.362e+00             231.268          -2.134e+01             214.085           2.967e+01     
 135.000         263.000           -2.277e+00          -2.357e+00             231.091          -1.964e+01             217.419           2.996e+01     
 135.000         264.000           -2.243e+00          -2.354e+00             230.914          -1.820e+01             219.701           3.028e+01     
 135.000         265.000           -2.206e+00          -2.354e+00             230.737          -1.695e+01             221.341           3.063e+01     
 135.000         266.000           -2.166e+00          -2.356e+00             230.559          -1.585e+01             222.562           3.100e+01     
 135.000         267.000           -2.124e+00          -2.361e+00             230.382          -1.487e+01             223.495           3.140e+01     
 135.000         268.000           -2.079e+00          -2.368e+00             230.204          -1.399e+01             224.223           3.184e+01     
 135.000         269.000           -2.031e+00          -2.377e+00             230.025          -1.318e+01             224.799           3.231e+01     
 135.000         270.000           -1.980e+00          -2.389e+00             229.846          -1.245e+01             225.260           3.282e+01     
 135.000         271.000           -1.927e+00          -2.403e+00             229.667          -1.177e+01             225.632           3.336e+01     
 135.000         272.000           -1.872e+00          -2.419e+00             229.488          -1.114e+01             225.934           3.396e+01     
 135.000         273.000           -1.814e+00          -2.438e+00             229.308          -1.055e+01             226.180           3.462e+01     
 135.000         274.000           -1.754e+00          -2.459e+00             229.127          -9.996e+00             226.379           3.533e+01     
 135.000         275.000           -1.692e+00          -2.483e+00             228.946          -9.477e+00             226.541           3.612e+01     
 135.000         276.000           -1.628e+00          -2.510e+00             228.764          -8.988e+00             226.671           3.699e+01     
 135.000         277.000           -1.563e+00          -2.538e+00             228.582          -8.525e+00             226.775           3.796e+01     
 135.000         278.000           -1.495e+00          -2.570e+00             228.399          -8.086e+00             226.856           3.906e+01     
 135.000         279.000           -1.426e+00          -2.604e+00             228.216          -7.668e+00             226.918           4.000e+01     
 135.000         280.000           -1.356e+00          -2.641e+00             228.031          -7.271e+00             226.963           4.000e+01     
 135.000         281.000           -1.284e+00          -2.680e+00             227.846          -6.891e+00             226.995           4.000e+01     
 135.000         282.000           -1.211e+00          -2.722e+00             227.660          -6.527e+00             227.014           4.000e+01     
 135.000         283.000           -1.136e+00          -2.767e+00             227.473          -6.180e+00             227.022           4.000e+01     
 135.000         284.000           -1.061e+00          -2.815e+00             227.285          -5.846e+00             227.022           4.000e+01     
 135.000         285.000           -9.848e-01          -2.866e+00             227.097          -5.525e+00             227.013           4.000e+01     
 135.000         286.000           -9.078e-01          -2.919e+00             226.906          -5.217e+00             226.996           4.000e+01     
 135.000         287.000           -8.301e-01          -2.976e+00             226.715          -4.921e+00             226.974           4.000e+01     
 135.000         288.000           -7.518e-01          -3.036e+00             226.522          -4.635e+00             226.946           4.000e+01     
 135.000         289.000           -6.730e-01          -3.099e+00             226.328          -4.359e+00             226.913           4.000e+01     
 135.000         290.000           -5.938e-01          -3.165e+00             226.132          -4.093e+00             226.876           4.000e+01     
 135.000         291.000           -5.143e-01          -3.234e+00             225.935          -3.836e+00             226.835           4.000e+01     
 135.000         292.000           -4.346e-01          -3.307e+00             225.736          -3.588e+00             226.791           4.000e+01     
 135.000         293.000           -3.547e-01          -3.383e+00             225.535          -3.347e+00             226.744           3.953e+01     
 135.000         294.000           -2.749e-01          -3.462e+00             225.331          -3.115e+00             226.695           3.850e+01     
 135.000         295.000           -1.951e-01          -3.546e+00             225.126          -2.890e+00             226.643           3.758e+01     
 135.000         296.000           -1.154e-01          -3.632e+00             224.917          -2.672e+00             226.590           3.677e+01     
 135.000         297.000           -3.593e-02          -3.723e+00             224.707          -2.461e+00             226.534           3.604e+01     
 135.000         298.000            4.325e-02          -3.818e+00             224.493          -2.256e+00             226.478           3.537e+01     
 135.000         299.000            1.221e-01          -3.916e+00             224.276          -2.057e+00             226.420           3.476e+01     
 135.000         300.000            2.004e-01          -4.019e+00             224.056          -1.865e+00             226.361           3.419e+01     
 135.000         301.000            2.783e-01          -4.126e+00             223.832          -1.678e+00             226.302           3.367e+01     
 135.000         302.000            3.557e-01          -4.238e+00             223.604          -1.497e+00             226.242           3.318e+01     
 135.000         303.000            4.323e-01          -4.354e+00             223.372          -1.321e+00             226.181           3.273e+01     
 135.000         304.000            5.084e-01          -4.474e+00             223.135          -1.151e+00             226.120           3.230e+01     
 135.000         305.000            5.836e-01          -4.600e+00             222.893          -9.851e-01             226.059           3.190e+01     
 135.000         306.000            6.581e-01          -4.730e+00             222.645          -8.244e-01             225.998           3.152e+01     
 135.000         307.000            7.317e-01          -4.866e+00             222.392          -6.684e-01             225.937           3.116e+01     
 135.000         308.000            8.044e-01          -5.007e+00             222.132          -5.171e-01             225.877           3.082e+01     
 135.000         309.000            8.762e-01          -5.153e+00             221.864          -3.703e-01             225.816           3.050e+01     
 135.000         310.000            9.469e-01          -5.305e+00             221.590          -2.279e-01             225.756           3.019e+01     
 135.000         311.000            1.017e+00          -5.464e+00             221.306          -8.968e-02             225.696           2.990e+01     
 135.000         312.000            1.085e+00          -5.628e+00             221.014           4.432e-02             225.637           2.962e+01     
 135.000         313.000            1.153e+00          -5.799e+00             220.711           1.742e-01             225.579           2.935e+01     
 135.000         314.000            1.219e+00          -5.977e+00             220.398           3.002e-01             225.521           2.909e+01     
 135.000         315.000            1.284e+00          -6.162e+00             220.073           4.222e-01             225.463           2.884e+01     
 135.000         316.000            1.348e+00          -6.354e+00             219.735           5.403e-01             225.407           2.860e+01     
 135.000         317.000            1.411e+00          -6.553e+00             219.382           6.547e-01             225.351           2.837e+01     
 135.000         318.000            1.472e+00          -6.761e+00             219.013           7.654e-01             225.297           2.814e+01     
 135.000         319.000            1.532e+00          -6.977e+00             218.627           8.724e-01             225.243           2.793e+01     
 135.000         320.000            1.591e+00          -7.202e+00             218.222           9.759e-01             225.190           2.772e+01     
 135.000         321.000            1.648e+00          -7.437e+00             217.796           1.076e+00             225.138           2.751e+01     
 135.000         322.000            1.704e+00          -7.681e+00             217.346           1.172e+00             225.087           2.731e+01     
 135.000         323.000            1.758e+00          -7.935e+00             216.870           1.265e+00             225.038           2.712e+01     
 135.000         324.000            1.811e+00          -8.200e+00             216.365           1.355e+00             224.989           2.693e+01     
 135.000         325.000            1.863e+00          -8.477e+00             215.828           1.441e+00             224.942           2.675e+01     
 135.000         326.000            1.912e+00          -8.766e+00             215.254           1.524e+00             224.896           2.657e+01     
 135.000         327.000            1.961e+00          -9.068e+00             214.640           1.604e+00             224.851           2.639e+01     
 135.000         328.000            2.008e+00          -9.383e+00             213.980           1.680e+00             224.807           2.622e+01     
 135.000         329.000            2.053e+00          -9.713e+00             213.268           1.754e+00             224.764           2.605e+01     
 135.000         330.000            2.096e+00          -1.006e+01             212.498           1.824e+00             224.723           2.589e+01     
 135.000         331.000            2.138e+00          -1.042e+01             211.660           1.891e+00             224.683           2.573e+01     
 135.000         332.000            2.179e+00          -1.080e+01             210.746           1.954e+00             224.644           2.557e+01     
 135.000         333.000            2.217e+00          -1.120e+01             209.744           2.015e+00             224.606           2.541e+01     
 135.000         334.000            2.254e+00          -1.162e+01             208.641           2.073e+00             224.570           2.526e+01     
 135.000         335.000            2.290e+00          -1.206e+01             207.420           2.127e+00             224.535           2.511e+01     
 135.000         336.000            2.323e+00          -1.252e+01             206.061           2.179e+00             224.501           2.496e+01     
 135.000         337.000            2.355e+00          -1.301e+01             204.541           2.227e+00             224.469           2.481e+01     
 135.000         338.000            2.386e+00          -1.352e+01             202.831           2.273e+00             224.438           2.466e+01     
 135.000         339.000            2.414e+00          -1.406e+01             200.895           2.315e+00             224.408           2.452e+01     
 135.000         340.000            2.441e+00          -1.462e+01             198.689           2.355e+00             224.380           2.438e+01     
 135.000         341.000            2.466e+00          -1.522e+01             196.161           2.391e+00             224.353           2.424e+01     
 135.000         342.000            2.489e+00          -1.584e+01             193.245           2.425e+00             224.327           2.410e+01     
 135.000         343.000            2.511e+00          -1.648e+01             189.864           2.456e+00             224.302           2.396e+01     
 135.000         344.000            2.531e+00          -1.714e+01             185.925           2.483e+00             224.279           2.382e+01     
 135.000         345.000            2.549e+00          -1.780e+01             181.326           2.508e+00             224.257           2.369e+01     
 135.000         346.000            2.565e+00          -1.845e+01             175.963           2.530e+00             224.236           2.355e+01     
 135.000         347.000            2.579e+00          -1.906e+01             169.748           2.549e+00             224.217           2.342e+01     
 135.000         348.000            2.592e+00          -1.959e+01             162.645           2.565e+00             224.198           2.329e+01     
 135.000         349.000            2.603e+00          -2.000e+01             154.716           2.579e+00             224.181           2.316e+01     
 135.000         350.000            2.612e+00          -2.024e+01             146.160           2.589e+00             224.165           2.303e+01     
 135.000         351.000            2.619e+00          -2.028e+01             137.315           2.597e+00             224.150           2.289e+01     
 135.000         352.000            2.624e+00          -2.012e+01             128.593           2.601e+00             224.136           2.276e+01     
 135.000         353.000            2.628e+00          -1.978e+01             120.375           2.603e+00             224.123           2.264e+01     
 135.000         354.000            2.630e+00          -1.929e+01             112.921           2.602e+00             224.111           2.251e+01     
 135.000         355.000            2.630e+00          -1.870e+01             106.348           2.598e+00             224.100           2.238e+01     
 135.000         356.000            2.628e+00          -1.807e+01             100.655           2.591e+00             224.090           2.225e+01     
 135.000         357.000            2.624e+00          -1.740e+01              95.772           2.581e+00             224.081           2.212e+01     
 135.000         358.000            2.619e+00          -1.674e+01              91.599           2.568e+00             224.073           2.199e+01     
 135.000         359.000            2.612e+00          -1.608e+01              88.030           2.553e+00             224.065           2.187e+01     
