Theta [deg.]  Phi   [deg.]  Abs(Dir.)[dBi   ]   Abs(Theta)[dBi   ]  Phase(Theta)[deg.]  Abs(Phi  )[dBi   ]  Phase(Phi  )[deg.]  Ax.Ratio[dB    ]    
------------------------------------------------------------------------------------------------------------------------------------------------------
  90.000           0.000            3.977e+00          -3.099e+01             189.082           3.975e+00             175.237           4.000e+01     
  90.000           1.000            3.971e+00          -3.072e+01             187.871           3.970e+00             175.093           4.000e+01     
  90.000           2.000            3.962e+00          -3.045e+01             186.722           3.960e+00             174.954           4.000e+01     
  90.000           3.000            3.949e+00          -3.018e+01             185.633           3.947e+00             174.820           4.000e+01     
  90.000           4.000            3.931e+00          -2.991e+01             184.603           3.929e+00             174.691           4.000e+01     
  90.000           5.000            3.910e+00          -2.965e+01             183.630           3.908e+00             174.567           4.000e+01     
  90.000           6.000            3.885e+00          -2.939e+01             182.711           3.883e+00             174.449           4.000e+01     
  90.000           7.000            3.855e+00          -2.913e+01             181.844           3.853e+00             174.336           4.000e+01     
  90.000           8.000            3.822e+00          -2.888e+01             181.027           3.820e+00             174.227           4.000e+01     
  90.000           9.000            3.785e+00          -2.863e+01             180.259           3.783e+00             174.124           4.000e+01     
  90.000          10.000            3.744e+00          -2.839e+01             179.536           3.741e+00             174.026           4.000e+01     
  90.000          11.000            3.699e+00          -2.815e+01             178.857           3.696e+00             173.932           4.000e+01     
  90.000          12.000            3.650e+00          -2.791e+01             178.220           3.647e+00             173.844           4.000e+01     
  90.000          13.000            3.597e+00          -2.768e+01             177.623           3.593e+00             173.760           4.000e+01     
  90.000          14.000            3.540e+00          -2.745e+01             177.064           3.536e+00             173.681           4.000e+01     
  90.000          15.000            3.479e+00          -2.723e+01             176.542           3.475e+00             173.607           4.000e+01     
  90.000          16.000            3.414e+00          -2.701e+01             176.054           3.410e+00             173.537           4.000e+01     
  90.000          17.000            3.345e+00          -2.680e+01             175.599           3.341e+00             173.472           4.000e+01     
  90.000          18.000            3.273e+00          -2.659e+01             175.175           3.268e+00             173.412           4.000e+01     
  90.000          19.000            3.196e+00          -2.639e+01             174.781           3.192e+00             173.356           4.000e+01     
  90.000          20.000            3.116e+00          -2.619e+01             174.416           3.111e+00             173.305           4.000e+01     
  90.000          21.000            3.032e+00          -2.600e+01             174.078           3.027e+00             173.257           4.000e+01     
  90.000          22.000            2.944e+00          -2.581e+01             173.765           2.938e+00             173.214           4.000e+01     
  90.000          23.000            2.853e+00          -2.563e+01             173.477           2.846e+00             173.176           4.000e+01     
  90.000          24.000            2.757e+00          -2.545e+01             173.213           2.750e+00             173.141           4.000e+01     
  90.000          25.000            2.658e+00          -2.528e+01             172.971           2.651e+00             173.110           4.000e+01     
  90.000          26.000            2.555e+00          -2.511e+01             172.750           2.547e+00             173.083           4.000e+01     
  90.000          27.000            2.448e+00          -2.495e+01             172.550           2.440e+00             173.060           4.000e+01     
  90.000          28.000            2.338e+00          -2.479e+01             172.369           2.329e+00             173.040           4.000e+01     
  90.000          29.000            2.224e+00          -2.463e+01             172.207           2.215e+00             173.023           4.000e+01     
  90.000          30.000            2.106e+00          -2.448e+01             172.062           2.097e+00             173.010           4.000e+01     
  90.000          31.000            1.985e+00          -2.434e+01             171.934           1.975e+00             173.001           4.000e+01     
  90.000          32.000            1.860e+00          -2.420e+01             171.823           1.849e+00             172.994           4.000e+01     
  90.000          33.000            1.731e+00          -2.406e+01             171.727           1.720e+00             172.990           4.000e+01     
  90.000          34.000            1.599e+00          -2.393e+01             171.647           1.587e+00             172.989           4.000e+01     
  90.000          35.000            1.464e+00          -2.381e+01             171.580           1.451e+00             172.990           4.000e+01     
  90.000          36.000            1.325e+00          -2.368e+01             171.527           1.311e+00             172.993           4.000e+01     
  90.000          37.000            1.182e+00          -2.357e+01             171.488           1.168e+00             172.999           4.000e+01     
  90.000          38.000            1.036e+00          -2.345e+01             171.461           1.021e+00             173.006           4.000e+01     
  90.000          39.000            8.870e-01          -2.334e+01             171.446           8.705e-01             173.016           4.000e+01     
  90.000          40.000            7.342e-01          -2.324e+01             171.444           7.167e-01             173.026           4.000e+01     
  90.000          41.000            5.780e-01          -2.313e+01             171.452           5.595e-01             173.038           4.000e+01     
  90.000          42.000            4.185e-01          -2.304e+01             171.472           3.988e-01             173.051           4.000e+01     
  90.000          43.000            2.556e-01          -2.294e+01             171.503           2.348e-01             173.064           4.000e+01     
  90.000          44.000            8.941e-02          -2.285e+01             171.543           6.729e-02             173.078           4.000e+01     
  90.000          45.000           -8.006e-02          -2.276e+01             171.594          -1.035e-01             173.092           4.000e+01     
  90.000          46.000           -2.529e-01          -2.268e+01             171.654          -2.778e-01             173.105           4.000e+01     
  90.000          47.000           -4.289e-01          -2.260e+01             171.724          -4.553e-01             173.118           4.000e+01     
  90.000          48.000           -6.083e-01          -2.253e+01             171.803          -6.363e-01             173.130           4.000e+01     
  90.000          49.000           -7.908e-01          -2.245e+01             171.891          -8.206e-01             173.141           4.000e+01     
  90.000          50.000           -9.767e-01          -2.238e+01             171.987          -1.008e+00             173.150           4.000e+01     
  90.000          51.000           -1.166e+00          -2.232e+01             172.092          -1.199e+00             173.157           4.000e+01     
  90.000          52.000           -1.358e+00          -2.225e+01             172.206          -1.394e+00             173.161           4.000e+01     
  90.000          53.000           -1.554e+00          -2.219e+01             172.327          -1.591e+00             173.162           4.000e+01     
  90.000          54.000           -1.752e+00          -2.213e+01             172.457          -1.792e+00             173.160           4.000e+01     
  90.000          55.000           -1.955e+00          -2.208e+01             172.595          -1.997e+00             173.154           4.000e+01     
  90.000          56.000           -2.160e+00          -2.203e+01             172.740          -2.205e+00             173.143           4.000e+01     
  90.000          57.000           -2.369e+00          -2.198e+01             172.893          -2.416e+00             173.127           4.000e+01     
  90.000          58.000           -2.581e+00          -2.193e+01             173.053          -2.631e+00             173.106           4.000e+01     
  90.000          59.000           -2.796e+00          -2.189e+01             173.221          -2.850e+00             173.078           4.000e+01     
  90.000          60.000           -3.015e+00          -2.185e+01             173.397          -3.072e+00             173.043           4.000e+01     
  90.000          61.000           -3.237e+00          -2.181e+01             173.579          -3.298e+00             173.000           4.000e+01     
  90.000          62.000           -3.462e+00          -2.178e+01             173.769          -3.527e+00             172.950           4.000e+01     
  90.000          63.000           -3.692e+00          -2.174e+01             173.967          -3.760e+00             172.890           4.000e+01     
  90.000          64.000           -3.924e+00          -2.171e+01             174.171          -3.997e+00             172.820           4.000e+01     
  90.000          65.000           -4.161e+00          -2.168e+01             174.383          -4.238e+00             172.739           4.000e+01     
  90.000          66.000           -4.401e+00          -2.165e+01             174.601          -4.484e+00             172.647           4.000e+01     
  90.000          67.000           -4.645e+00          -2.163e+01             174.828          -4.733e+00             172.542           4.000e+01     
  90.000          68.000           -4.893e+00          -2.161e+01             175.061          -4.987e+00             172.423           4.000e+01     
  90.000          69.000           -5.145e+00          -2.158e+01             175.301          -5.245e+00             172.289           4.000e+01     
  90.000          70.000           -5.402e+00          -2.157e+01             175.549          -5.508e+00             172.140           4.000e+01     
  90.000          71.000           -5.663e+00          -2.155e+01             175.804          -5.776e+00             171.973           3.950e+01     
  90.000          72.000           -5.928e+00          -2.153e+01             176.067          -6.049e+00             171.787           3.827e+01     
  90.000          73.000           -6.198e+00          -2.152e+01             176.336          -6.327e+00             171.581           3.708e+01     
  90.000          74.000           -6.473e+00          -2.151e+01             176.614          -6.611e+00             171.353           3.593e+01     
  90.000          75.000           -6.752e+00          -2.150e+01             176.899          -6.901e+00             171.102           3.480e+01     
  90.000          76.000           -7.038e+00          -2.149e+01             177.191          -7.196e+00             170.825           3.371e+01     
  90.000          77.000           -7.328e+00          -2.148e+01             177.491          -7.499e+00             170.521           3.264e+01     
  90.000          78.000           -7.625e+00          -2.148e+01             177.800          -7.808e+00             170.186           3.158e+01     
  90.000          79.000           -7.928e+00          -2.147e+01             178.116          -8.124e+00             169.819           3.055e+01     
  90.000          80.000           -8.237e+00          -2.147e+01             178.440          -8.448e+00             169.416           2.952e+01     
  90.000          81.000           -8.552e+00          -2.147e+01             178.772          -8.780e+00             168.974           2.851e+01     
  90.000          82.000           -8.875e+00          -2.147e+01             179.113          -9.121e+00             168.490           2.751e+01     
  90.000          83.000           -9.206e+00          -2.147e+01             179.462          -9.472e+00             167.960           2.651e+01     
  90.000          84.000           -9.544e+00          -2.147e+01             179.819          -9.832e+00             167.377           2.552e+01     
  90.000          85.000           -9.890e+00          -2.147e+01             180.185          -1.020e+01             166.738           2.454e+01     
  90.000          86.000           -1.025e+01          -2.148e+01             180.560          -1.059e+01             166.036           2.355e+01     
  90.000          87.000           -1.061e+01          -2.148e+01             180.945          -1.098e+01             165.264           2.256e+01     
  90.000          88.000           -1.098e+01          -2.149e+01             181.338          -1.139e+01             164.412           2.157e+01     
  90.000          89.000           -1.137e+01          -2.150e+01             181.741          -1.181e+01             163.473           2.058e+01     
  90.000          90.000           -1.176e+01          -2.151e+01             182.152          -1.225e+01             162.432           1.958e+01     
  90.000          91.000           -1.217e+01          -2.152e+01             182.574          -1.270e+01             161.278           1.857e+01     
  90.000          92.000           -1.258e+01          -2.153e+01             183.006          -1.317e+01             159.994           1.755e+01     
  90.000          93.000           -1.301e+01          -2.155e+01             183.447          -1.366e+01             158.559           1.652e+01     
  90.000          94.000           -1.344e+01          -2.156e+01             183.899          -1.417e+01             156.950           1.548e+01     
  90.000          95.000           -1.389e+01          -2.157e+01             184.362          -1.470e+01             155.139           1.442e+01     
  90.000          96.000           -1.435e+01          -2.159e+01             184.834          -1.525e+01             153.091           1.334e+01     
  90.000          97.000           -1.481e+01          -2.161e+01             185.318          -1.583e+01             150.764           1.224e+01     
  90.000          98.000           -1.528e+01          -2.163e+01             185.813          -1.642e+01             148.107           1.112e+01     
  90.000          99.000           -1.575e+01          -2.164e+01             186.319          -1.704e+01             145.058           9.972e+00     
  90.000         100.000           -1.621e+01          -2.166e+01             186.836          -1.767e+01             141.547           8.801e+00     
  90.000         101.000           -1.667e+01          -2.169e+01             187.364          -1.831e+01             137.489           7.602e+00     
  90.000         102.000           -1.710e+01          -2.171e+01             187.905          -1.894e+01             132.796           6.373e+00     
  90.000         103.000           -1.750e+01          -2.173e+01             188.457          -1.956e+01             127.380           5.115e+00     
  90.000         104.000           -1.785e+01          -2.176e+01             189.021          -2.012e+01             121.175           3.830e+00     
  90.000         105.000           -1.815e+01          -2.178e+01             189.598          -2.061e+01             114.163           2.525e+00     
  90.000         106.000           -1.836e+01          -2.181e+01             190.187          -2.098e+01             106.416           1.257e+00     
  90.000         107.000           -1.849e+01          -2.183e+01             190.789          -2.119e+01              98.117           7.597e-01     
  90.000         108.000           -1.852e+01          -2.186e+01             191.403          -2.122e+01              89.562           1.920e+00     
  90.000         109.000           -1.845e+01          -2.189e+01             192.030          -2.106e+01              81.107           3.354e+00     
  90.000         110.000           -1.828e+01          -2.192e+01             192.671          -2.073e+01              73.081           4.861e+00     
  90.000         111.000           -1.802e+01          -2.195e+01             193.325          -2.027e+01              65.718           6.422e+00     
  90.000         112.000           -1.769e+01          -2.198e+01             193.992          -1.971e+01              59.137           8.035e+00     
  90.000         113.000           -1.730e+01          -2.202e+01             194.672          -1.909e+01              53.351           9.705e+00     
  90.000         114.000           -1.687e+01          -2.205e+01             195.367          -1.844e+01              48.313           1.144e+01     
  90.000         115.000           -1.641e+01          -2.209e+01             196.075          -1.778e+01              43.940           1.325e+01     
  90.000         116.000           -1.593e+01          -2.212e+01             196.797          -1.712e+01              40.143           1.517e+01     
  90.000         117.000           -1.544e+01          -2.216e+01             197.532          -1.648e+01              36.835           1.721e+01     
  90.000         118.000           -1.495e+01          -2.220e+01             198.282          -1.586e+01              33.941           1.943e+01     
  90.000         119.000           -1.447e+01          -2.224e+01             199.046          -1.526e+01              31.393           2.191e+01     
  90.000         120.000           -1.399e+01          -2.228e+01             199.823          -1.468e+01              29.139           2.477e+01     
  90.000         121.000           -1.352e+01          -2.232e+01             200.615          -1.413e+01              27.132           2.830e+01     
  90.000         122.000           -1.305e+01          -2.236e+01             201.421          -1.360e+01              25.335           3.316e+01     
  90.000         123.000           -1.261e+01          -2.240e+01             202.241          -1.309e+01              23.717           4.000e+01     
  90.000         124.000           -1.217e+01          -2.245e+01             203.075          -1.260e+01              22.253           4.000e+01     
  90.000         125.000           -1.174e+01          -2.249e+01             203.923          -1.213e+01              20.922           3.675e+01     
  90.000         126.000           -1.133e+01          -2.254e+01             204.784          -1.167e+01              19.707           3.260e+01     
  90.000         127.000           -1.093e+01          -2.258e+01             205.660          -1.124e+01              18.592           3.015e+01     
  90.000         128.000           -1.054e+01          -2.263e+01             206.549          -1.082e+01              17.567           2.848e+01     
  90.000         129.000           -1.017e+01          -2.268e+01             207.451          -1.042e+01              16.621           2.727e+01     
  90.000         130.000           -9.800e+00          -2.273e+01             208.367          -1.003e+01              15.746           2.635e+01     
  90.000         131.000           -9.446e+00          -2.278e+01             209.295          -9.653e+00              14.933           2.562e+01     
  90.000         132.000           -9.103e+00          -2.283e+01             210.236          -9.291e+00              14.177           2.505e+01     
  90.000         133.000           -8.769e+00          -2.288e+01             211.190          -8.941e+00              13.473           2.459e+01     
  90.000         134.000           -8.446e+00          -2.293e+01             212.156          -8.603e+00              12.816           2.421e+01     
  90.000         135.000           -8.132e+00          -2.299e+01             213.134          -8.276e+00              12.201           2.390e+01     
  90.000         136.000           -7.828e+00          -2.304e+01             214.123          -7.960e+00              11.627           2.365e+01     
  90.000         137.000           -7.532e+00          -2.310e+01             215.123          -7.655e+00              11.089           2.345e+01     
  90.000         138.000           -7.246e+00          -2.315e+01             216.134          -7.359e+00              10.584           2.328e+01     
  90.000         139.000           -6.968e+00          -2.321e+01             217.156          -7.072e+00              10.112           2.315e+01     
  90.000         140.000           -6.698e+00          -2.327e+01             218.186          -6.794e+00               9.669           2.305e+01     
  90.000         141.000           -6.436e+00          -2.333e+01             219.227          -6.526e+00               9.254           2.296e+01     
  90.000         142.000           -6.182e+00          -2.339e+01             220.276          -6.266e+00               8.865           2.290e+01     
  90.000         143.000           -5.936e+00          -2.345e+01             221.333          -6.014e+00               8.502           2.286e+01     
  90.000         144.000           -5.697e+00          -2.351e+01             222.398          -5.770e+00               8.162           2.283e+01     
  90.000         145.000           -5.466e+00          -2.357e+01             223.470          -5.534e+00               7.844           2.282e+01     
  90.000         146.000           -5.242e+00          -2.364e+01             224.549          -5.305e+00               7.549           2.282e+01     
  90.000         147.000           -5.025e+00          -2.370e+01             225.634          -5.084e+00               7.274           2.283e+01     
  90.000         148.000           -4.815e+00          -2.377e+01             226.724          -4.870e+00               7.019           2.285e+01     
  90.000         149.000           -4.611e+00          -2.383e+01             227.819          -4.664e+00               6.783           2.288e+01     
  90.000         150.000           -4.415e+00          -2.390e+01             228.918          -4.464e+00               6.566           2.292e+01     
  90.000         151.000           -4.225e+00          -2.397e+01             230.021          -4.272e+00               6.367           2.297e+01     
  90.000         152.000           -4.042e+00          -2.404e+01             231.127          -4.086e+00               6.185           2.302e+01     
  90.000         153.000           -3.866e+00          -2.411e+01             232.236          -3.907e+00               6.020           2.308e+01     
  90.000         154.000           -3.695e+00          -2.419e+01             233.346          -3.734e+00               5.872           2.314e+01     
  90.000         155.000           -3.532e+00          -2.426e+01             234.458          -3.568e+00               5.740           2.321e+01     
  90.000         156.000           -3.374e+00          -2.434e+01             235.570          -3.409e+00               5.623           2.328e+01     
  90.000         157.000           -3.223e+00          -2.442e+01             236.683          -3.256e+00               5.522           2.336e+01     
  90.000         158.000           -3.078e+00          -2.450e+01             237.795          -3.109e+00               5.435           2.344e+01     
  90.000         159.000           -2.939e+00          -2.458e+01             238.907          -2.969e+00               5.364           2.353e+01     
  90.000         160.000           -2.806e+00          -2.467e+01             240.018          -2.835e+00               5.307           2.362e+01     
  90.000         161.000           -2.680e+00          -2.476e+01             241.127          -2.707e+00               5.264           2.371e+01     
  90.000         162.000           -2.559e+00          -2.485e+01             242.234          -2.585e+00               5.235           2.381e+01     
  90.000         163.000           -2.444e+00          -2.494e+01             243.339          -2.469e+00               5.220           2.390e+01     
  90.000         164.000           -2.336e+00          -2.503e+01             244.441          -2.359e+00               5.218           2.401e+01     
  90.000         165.000           -2.233e+00          -2.513e+01             245.541          -2.255e+00               5.230           2.411e+01     
  90.000         166.000           -2.136e+00          -2.523e+01             246.637          -2.158e+00               5.254           2.422e+01     
  90.000         167.000           -2.045e+00          -2.534e+01             247.731          -2.066e+00               5.292           2.433e+01     
  90.000         168.000           -1.960e+00          -2.544e+01             248.821          -1.980e+00               5.343           2.444e+01     
  90.000         169.000           -1.881e+00          -2.555e+01             249.907          -1.900e+00               5.406           2.455e+01     
  90.000         170.000           -1.808e+00          -2.567e+01             250.991          -1.826e+00               5.482           2.467e+01     
  90.000         171.000           -1.740e+00          -2.578e+01             252.071          -1.757e+00               5.570           2.478e+01     
  90.000         172.000           -1.678e+00          -2.591e+01             253.147          -1.695e+00               5.670           2.491e+01     
  90.000         173.000           -1.622e+00          -2.603e+01             254.221          -1.638e+00               5.783           2.503e+01     
  90.000         174.000           -1.572e+00          -2.616e+01             255.292          -1.587e+00               5.908           2.515e+01     
  90.000         175.000           -1.527e+00          -2.630e+01             256.360          -1.542e+00               6.045           2.528e+01     
  90.000         176.000           -1.488e+00          -2.643e+01             257.427          -1.502e+00               6.193           2.541e+01     
  90.000         177.000           -1.455e+00          -2.658e+01             258.491          -1.468e+00               6.353           2.554e+01     
  90.000         178.000           -1.427e+00          -2.672e+01             259.555          -1.440e+00               6.525           2.567e+01     
  90.000         179.000           -1.405e+00          -2.688e+01             260.617          -1.418e+00               6.709           2.581e+01     
  90.000         180.000           -1.389e+00          -2.704e+01             261.680          -1.401e+00               6.904           2.595e+01     
  90.000         181.000           -1.378e+00          -2.720e+01             262.744          -1.390e+00               7.111           2.609e+01     
  90.000         182.000           -1.373e+00          -2.737e+01             263.809          -1.384e+00               7.328           2.623e+01     
  90.000         183.000           -1.373e+00          -2.754e+01             264.877          -1.384e+00               7.558           2.637e+01     
  90.000         184.000           -1.379e+00          -2.772e+01             265.948          -1.389e+00               7.798           2.652e+01     
  90.000         185.000           -1.390e+00          -2.791e+01             267.024          -1.400e+00               8.049           2.667e+01     
  90.000         186.000           -1.407e+00          -2.810e+01             268.105          -1.416e+00               8.312           2.683e+01     
  90.000         187.000           -1.429e+00          -2.830e+01             269.194          -1.438e+00               8.585           2.698e+01     
  90.000         188.000           -1.457e+00          -2.851e+01             270.292          -1.466e+00               8.870           2.714e+01     
  90.000         189.000           -1.491e+00          -2.872e+01             271.400          -1.499e+00               9.165           2.730e+01     
  90.000         190.000           -1.529e+00          -2.894e+01             272.520          -1.537e+00               9.471           2.747e+01     
  90.000         191.000           -1.573e+00          -2.917e+01             273.653          -1.581e+00               9.788           2.763e+01     
  90.000         192.000           -1.623e+00          -2.940e+01             274.803          -1.630e+00              10.115           2.781e+01     
  90.000         193.000           -1.678e+00          -2.964e+01             275.971          -1.685e+00              10.453           2.798e+01     
  90.000         194.000           -1.739e+00          -2.989e+01             277.160          -1.745e+00              10.802           2.816e+01     
  90.000         195.000           -1.804e+00          -3.014e+01             278.372          -1.811e+00              11.161           2.834e+01     
  90.000         196.000           -1.876e+00          -3.041e+01             279.611          -1.882e+00              11.530           2.853e+01     
  90.000         197.000           -1.952e+00          -3.068e+01             280.879          -1.958e+00              11.910           2.872e+01     
  90.000         198.000           -2.034e+00          -3.096e+01             282.179          -2.040e+00              12.300           2.892e+01     
  90.000         199.000           -2.122e+00          -3.124e+01             283.517          -2.127e+00              12.700           2.912e+01     
  90.000         200.000           -2.215e+00          -3.154e+01             284.894          -2.220e+00              13.111           2.932e+01     
  90.000         201.000           -2.313e+00          -3.184e+01             286.317          -2.318e+00              13.531           2.953e+01     
  90.000         202.000           -2.417e+00          -3.215e+01             287.790          -2.422e+00              13.962           2.975e+01     
  90.000         203.000           -2.526e+00          -3.247e+01             289.317          -2.531e+00              14.403           2.997e+01     
  90.000         204.000           -2.641e+00          -3.279e+01             290.904          -2.645e+00              14.853           3.020e+01     
  90.000         205.000           -2.762e+00          -3.312e+01             292.557          -2.766e+00              15.314           3.043e+01     
  90.000         206.000           -2.888e+00          -3.346e+01             294.282          -2.891e+00              15.784           3.067e+01     
  90.000         207.000           -3.019e+00          -3.381e+01             296.086          -3.023e+00              16.265           3.091e+01     
  90.000         208.000           -3.157e+00          -3.416e+01             297.975          -3.160e+00              16.756           3.117e+01     
  90.000         209.000           -3.300e+00          -3.451e+01             299.957          -3.303e+00              17.256           3.143e+01     
  90.000         210.000           -3.448e+00          -3.487e+01             302.039          -3.452e+00              17.767           3.169e+01     
  90.000         211.000           -3.603e+00          -3.523e+01             304.227          -3.606e+00              18.288           3.197e+01     
  90.000         212.000           -3.764e+00          -3.560e+01             306.529          -3.767e+00              18.819           3.225e+01     
  90.000         213.000           -3.931e+00          -3.596e+01             308.951          -3.933e+00              19.360           3.254e+01     
  90.000         214.000           -4.104e+00          -3.632e+01             311.498          -4.106e+00              19.912           3.284e+01     
  90.000         215.000           -4.283e+00          -3.667e+01             314.175          -4.286e+00              20.475           3.315e+01     
  90.000         216.000           -4.469e+00          -3.702e+01             316.984          -4.471e+00              21.049           3.347e+01     
  90.000         217.000           -4.661e+00          -3.735e+01             319.925          -4.664e+00              21.634           3.380e+01     
  90.000         218.000           -4.860e+00          -3.768e+01             322.996          -4.863e+00              22.231           3.413e+01     
  90.000         219.000           -5.067e+00          -3.799e+01             326.189          -5.069e+00              22.840           3.448e+01     
  90.000         220.000           -5.280e+00          -3.827e+01             329.496          -5.282e+00              23.461           3.484e+01     
  90.000         221.000           -5.501e+00          -3.854e+01             332.901          -5.503e+00              24.097           3.520e+01     
  90.000         222.000           -5.730e+00          -3.878e+01             336.386          -5.732e+00              24.746           3.558e+01     
  90.000         223.000           -5.966e+00          -3.900e+01             339.929          -5.968e+00              25.410           3.597e+01     
  90.000         224.000           -6.211e+00          -3.918e+01             343.505          -6.213e+00              26.090           3.636e+01     
  90.000         225.000           -6.465e+00          -3.933e+01             347.082          -6.467e+00              26.787           3.676e+01     
  90.000         226.000           -6.727e+00          -3.946e+01             350.638          -6.730e+00              27.504           3.717e+01     
  90.000         227.000           -6.999e+00          -3.955e+01             354.142          -7.002e+00              28.240           3.758e+01     
  90.000         228.000           -7.282e+00          -3.962e+01             357.567          -7.284e+00              29.000           3.799e+01     
  90.000         229.000           -7.574e+00          -3.966e+01               0.890          -7.577e+00              29.783           3.841e+01     
  90.000         230.000           -7.878e+00          -3.968e+01               4.090          -7.881e+00              30.594           3.881e+01     
  90.000         231.000           -8.194e+00          -3.968e+01               7.150          -8.197e+00              31.436           3.920e+01     
  90.000         232.000           -8.522e+00          -3.966e+01              10.059          -8.525e+00              32.312           3.957e+01     
  90.000         233.000           -8.863e+00          -3.962e+01              12.808          -8.867e+00              33.226           3.991e+01     
  90.000         234.000           -9.218e+00          -3.958e+01              15.392          -9.222e+00              34.184           4.000e+01     
  90.000         235.000           -9.589e+00          -3.953e+01              17.810          -9.593e+00              35.192           4.000e+01     
  90.000         236.000           -9.976e+00          -3.947e+01              20.063          -9.981e+00              36.256           4.000e+01     
  90.000         237.000           -1.038e+01          -3.941e+01              22.154          -1.039e+01              37.387           4.000e+01     
  90.000         238.000           -1.080e+01          -3.935e+01              24.088          -1.081e+01              38.594           4.000e+01     
  90.000         239.000           -1.125e+01          -3.929e+01              25.869          -1.125e+01              39.890           4.000e+01     
  90.000         240.000           -1.171e+01          -3.923e+01              27.504          -1.172e+01              41.290           3.998e+01     
  90.000         241.000           -1.220e+01          -3.918e+01              28.999          -1.221e+01              42.813           3.943e+01     
  90.000         242.000           -1.271e+01          -3.913e+01              30.361          -1.272e+01              44.482           3.868e+01     
  90.000         243.000           -1.325e+01          -3.909e+01              31.595          -1.326e+01              46.325           3.774e+01     
  90.000         244.000           -1.382e+01          -3.906e+01              32.709          -1.383e+01              48.378           3.662e+01     
  90.000         245.000           -1.442e+01          -3.903e+01              33.707          -1.443e+01              50.685           3.532e+01     
  90.000         246.000           -1.505e+01          -3.901e+01              34.594          -1.507e+01              53.301           3.386e+01     
  90.000         247.000           -1.571e+01          -3.900e+01              35.376          -1.573e+01              56.296           3.226e+01     
  90.000         248.000           -1.640e+01          -3.901e+01              36.057          -1.642e+01              59.756           3.054e+01     
  90.000         249.000           -1.711e+01          -3.902e+01              36.640          -1.714e+01              63.787           2.874e+01     
  90.000         250.000           -1.784e+01          -3.904e+01              37.130          -1.788e+01              68.515           2.688e+01     
  90.000         251.000           -1.857e+01          -3.907e+01              37.527          -1.861e+01              74.081           2.501e+01     
  90.000         252.000           -1.927e+01          -3.911e+01              37.836          -1.931e+01              80.619           2.321e+01     
  90.000         253.000           -1.989e+01          -3.917e+01              38.058          -1.994e+01              88.221           2.156e+01     
  90.000         254.000           -2.038e+01          -3.923e+01              38.193          -2.044e+01              96.865           2.019e+01     
  90.000         255.000           -2.068e+01          -3.930e+01              38.243          -2.074e+01             106.344           1.923e+01     
  90.000         256.000           -2.075e+01          -3.939e+01              38.208          -2.081e+01             116.242           1.877e+01     
  90.000         257.000           -2.057e+01          -3.948e+01              38.088          -2.062e+01             126.009           1.886e+01     
  90.000         258.000           -2.016e+01          -3.959e+01              37.883          -2.021e+01             135.137           1.945e+01     
  90.000         259.000           -1.959e+01          -3.971e+01              37.589          -1.964e+01             143.292           2.040e+01     
  90.000         260.000           -1.892e+01          -3.983e+01              37.207          -1.895e+01             150.352           2.162e+01     
  90.000         261.000           -1.819e+01          -3.997e+01              36.734          -1.822e+01             156.352           2.298e+01     
  90.000         262.000           -1.744e+01          -4.012e+01              36.166          -1.746e+01             161.409           2.443e+01     
  90.000         263.000           -1.670e+01          -4.028e+01              35.500          -1.671e+01             165.663           2.592e+01     
  90.000         264.000           -1.597e+01          -4.045e+01              34.732          -1.599e+01             169.250           2.742e+01     
  90.000         265.000           -1.527e+01          -4.063e+01              33.857          -1.529e+01             172.289           2.892e+01     
  90.000         266.000           -1.461e+01          -4.082e+01              32.870          -1.462e+01             174.877           3.043e+01     
  90.000         267.000           -1.397e+01          -4.102e+01              31.763          -1.398e+01             177.094           3.196e+01     
  90.000         268.000           -1.336e+01          -4.123e+01              30.531          -1.337e+01             179.003           3.350e+01     
  90.000         269.000           -1.279e+01          -4.145e+01              29.165          -1.279e+01             180.655           3.509e+01     
  90.000         270.000           -1.224e+01          -4.168e+01              27.658          -1.224e+01             182.090           3.674e+01     
  90.000         271.000           -1.172e+01          -4.191e+01              26.002          -1.172e+01             183.341           3.848e+01     
  90.000         272.000           -1.122e+01          -4.214e+01              24.183          -1.122e+01             184.436           4.000e+01     
  90.000         273.000           -1.074e+01          -4.238e+01              22.195          -1.074e+01             185.394           4.000e+01     
  90.000         274.000           -1.028e+01          -4.262e+01              20.028          -1.029e+01             186.235           4.000e+01     
  90.000         275.000           -9.845e+00          -4.286e+01              17.674          -9.847e+00             186.973           4.000e+01     
  90.000         276.000           -9.424e+00          -4.310e+01              15.124          -9.426e+00             187.619           4.000e+01     
  90.000         277.000           -9.020e+00          -4.333e+01              12.375          -9.021e+00             188.185           4.000e+01     
  90.000         278.000           -8.630e+00          -4.355e+01               9.422          -8.632e+00             188.678           4.000e+01     
  90.000         279.000           -8.255e+00          -4.375e+01               6.267          -8.256e+00             189.107           4.000e+01     
  90.000         280.000           -7.893e+00          -4.394e+01               2.915          -7.894e+00             189.477           4.000e+01     
  90.000         281.000           -7.542e+00          -4.410e+01             359.379          -7.543e+00             189.795           4.000e+01     
  90.000         282.000           -7.203e+00          -4.423e+01             355.676          -7.204e+00             190.064           4.000e+01     
  90.000         283.000           -6.875e+00          -4.433e+01             351.832          -6.875e+00             190.289           4.000e+01     
  90.000         284.000           -6.556e+00          -4.439e+01             347.876          -6.557e+00             190.474           4.000e+01     
  90.000         285.000           -6.247e+00          -4.442e+01             343.845          -6.247e+00             190.621           4.000e+01     
  90.000         286.000           -5.946e+00          -4.440e+01             339.779          -5.947e+00             190.734           4.000e+01     
  90.000         287.000           -5.654e+00          -4.435e+01             335.718          -5.654e+00             190.815           4.000e+01     
  90.000         288.000           -5.369e+00          -4.426e+01             331.702          -5.370e+00             190.867           4.000e+01     
  90.000         289.000           -5.092e+00          -4.413e+01             327.767          -5.092e+00             190.892           4.000e+01     
  90.000         290.000           -4.821e+00          -4.397e+01             323.942          -4.822e+00             190.891           4.000e+01     
  90.000         291.000           -4.558e+00          -4.378e+01             320.254          -4.558e+00             190.867           4.000e+01     
  90.000         292.000           -4.300e+00          -4.357e+01             316.720          -4.301e+00             190.820           4.000e+01     
  90.000         293.000           -4.049e+00          -4.333e+01             313.350          -4.049e+00             190.753           4.000e+01     
  90.000         294.000           -3.803e+00          -4.308e+01             310.151          -3.803e+00             190.666           4.000e+01     
  90.000         295.000           -3.562e+00          -4.283e+01             307.122          -3.563e+00             190.562           4.000e+01     
  90.000         296.000           -3.327e+00          -4.256e+01             304.260          -3.328e+00             190.441           4.000e+01     
  90.000         297.000           -3.097e+00          -4.229e+01             301.559          -3.098e+00             190.304           3.980e+01     
  90.000         298.000           -2.872e+00          -4.201e+01             299.009          -2.872e+00             190.152           3.962e+01     
  90.000         299.000           -2.651e+00          -4.174e+01             296.602          -2.651e+00             189.987           3.946e+01     
  90.000         300.000           -2.435e+00          -4.147e+01             294.325          -2.435e+00             189.809           3.932e+01     
  90.000         301.000           -2.223e+00          -4.121e+01             292.169          -2.223e+00             189.619           3.919e+01     
  90.000         302.000           -2.015e+00          -4.095e+01             290.123          -2.016e+00             189.418           3.909e+01     
  90.000         303.000           -1.812e+00          -4.070e+01             288.176          -1.812e+00             189.207           3.899e+01     
  90.000         304.000           -1.612e+00          -4.045e+01             286.317          -1.612e+00             188.987           3.891e+01     
  90.000         305.000           -1.416e+00          -4.021e+01             284.536          -1.417e+00             188.757           3.884e+01     
  90.000         306.000           -1.224e+00          -3.998e+01             282.826          -1.225e+00             188.520           3.878e+01     
  90.000         307.000           -1.036e+00          -3.976e+01             281.176          -1.037e+00             188.275           3.874e+01     
  90.000         308.000           -8.513e-01          -3.955e+01             279.579          -8.519e-01             188.024           3.870e+01     
  90.000         309.000           -6.703e-01          -3.935e+01             278.026          -6.709e-01             187.766           3.868e+01     
  90.000         310.000           -4.928e-01          -3.916e+01             276.512          -4.934e-01             187.503           3.866e+01     
  90.000         311.000           -3.188e-01          -3.897e+01             275.028          -3.194e-01             187.235           3.866e+01     
  90.000         312.000           -1.482e-01          -3.879e+01             273.568          -1.488e-01             186.963           3.866e+01     
  90.000         313.000            1.894e-02          -3.863e+01             272.127           1.835e-02             186.687           3.867e+01     
  90.000         314.000            1.827e-01          -3.847e+01             270.698           1.822e-01             186.407           3.869e+01     
  90.000         315.000            3.432e-01          -3.832e+01             269.277           3.426e-01             186.124           3.872e+01     
  90.000         316.000            5.003e-01          -3.817e+01             267.852           4.997e-01             185.840           3.876e+01     
  90.000         317.000            6.541e-01          -3.804e+01             266.429           6.535e-01             185.553           3.880e+01     
  90.000         318.000            8.046e-01          -3.791e+01             264.999           8.040e-01             185.264           3.885e+01     
  90.000         319.000            9.518e-01          -3.779e+01             263.556           9.513e-01             184.974           3.891e+01     
  90.000         320.000            1.096e+00          -3.767e+01             262.097           1.095e+00             184.684           3.898e+01     
  90.000         321.000            1.236e+00          -3.756e+01             260.617           1.236e+00             184.393           3.905e+01     
  90.000         322.000            1.374e+00          -3.745e+01             259.113           1.373e+00             184.102           3.913e+01     
  90.000         323.000            1.508e+00          -3.735e+01             257.580           1.507e+00             183.811           3.921e+01     
  90.000         324.000            1.638e+00          -3.726e+01             256.016           1.638e+00             183.521           3.931e+01     
  90.000         325.000            1.766e+00          -3.716e+01             254.417           1.765e+00             183.232           3.941e+01     
  90.000         326.000            1.890e+00          -3.707e+01             252.781           1.889e+00             182.944           3.951e+01     
  90.000         327.000            2.011e+00          -3.698e+01             251.105           2.010e+00             182.658           3.962e+01     
  90.000         328.000            2.128e+00          -3.690e+01             249.387           2.127e+00             182.373           3.974e+01     
  90.000         329.000            2.242e+00          -3.681e+01             247.626           2.241e+00             182.091           3.987e+01     
  90.000         330.000            2.352e+00          -3.672e+01             245.820           2.352e+00             181.810           4.000e+01     
  90.000         331.000            2.459e+00          -3.663e+01             243.969           2.459e+00             181.533           4.000e+01     
  90.000         332.000            2.563e+00          -3.654e+01             242.074           2.563e+00             181.258           4.000e+01     
  90.000         333.000            2.663e+00          -3.645e+01             240.136           2.663e+00             180.986           4.000e+01     
  90.000         334.000            2.760e+00          -3.635e+01             238.156           2.759e+00             180.717           4.000e+01     
  90.000         335.000            2.853e+00          -3.624e+01             236.136           2.853e+00             180.451           4.000e+01     
  90.000         336.000            2.943e+00          -3.613e+01             234.080           2.942e+00             180.189           4.000e+01     
  90.000         337.000            3.029e+00          -3.601e+01             231.993           3.028e+00             179.931           4.000e+01     
  90.000         338.000            3.111e+00          -3.588e+01             229.878           3.111e+00             179.677           4.000e+01     
  90.000         339.000            3.190e+00          -3.575e+01             227.743           3.190e+00             179.426           4.000e+01     
  90.000         340.000            3.266e+00          -3.561e+01             225.591           3.265e+00             179.179           4.000e+01     
  90.000         341.000            3.337e+00          -3.545e+01             223.432           3.337e+00             178.937           4.000e+01     
  90.000         342.000            3.405e+00          -3.529e+01             221.271           3.405e+00             178.699           4.000e+01     
  90.000         343.000            3.469e+00          -3.511e+01             219.116           3.469e+00             178.465           4.000e+01     
  90.000         344.000            3.530e+00          -3.493e+01             216.975           3.529e+00             178.236           4.000e+01     
  90.000         345.000            3.587e+00          -3.473e+01             214.854           3.586e+00             178.012           4.000e+01     
  90.000         346.000            3.640e+00          -3.453e+01             212.762           3.639e+00             177.792           4.000e+01     
  90.000         347.000            3.689e+00          -3.432e+01             210.704           3.688e+00             177.577           4.000e+01     
  90.000         348.000            3.734e+00          -3.409e+01             208.688           3.734e+00             177.367           4.000e+01     
  90.000         349.000            3.776e+00          -3.386e+01             206.719           3.775e+00             177.162           4.000e+01     
  90.000         350.000            3.814e+00          -3.362e+01             204.802           3.813e+00             176.961           4.000e+01     
  90.000         351.000            3.848e+00          -3.338e+01             202.941           3.847e+00             176.766           4.000e+01     
  90.000         352.000            3.878e+00          -3.312e+01             201.139           3.877e+00             176.575           4.000e+01     
  90.000         353.000            3.904e+00          -3.287e+01             199.401           3.903e+00             176.390           4.000e+01     
  90.000         354.000            3.926e+00          -3.261e+01             197.727           3.925e+00             176.210           4.000e+01     
  90.000         355.000            3.944e+00          -3.234e+01             196.119           3.943e+00             176.035           4.000e+01     
  90.000         356.000            3.959e+00          -3.207e+01             194.578           3.957e+00             175.865           4.000e+01     
  90.000         357.000            3.969e+00          -3.180e+01             193.105           3.968e+00             175.700           4.000e+01     
  90.000         358.000            3.975e+00          -3.153e+01             191.698           3.974e+00             175.540           4.000e+01     
  90.000         359.000            3.978e+00          -3.126e+01             190.357           3.977e+00             175.386           4.000e+01     
