Theta [deg.]  Phi   [deg.]  Abs(Dir.)[dBi   ]   Abs(Theta)[dBi   ]  Phase(Theta)[deg.]  Abs(Phi  )[dBi   ]  Phase(Phi  )[deg.]  Ax.Ratio[dB    ]    
------------------------------------------------------------------------------------------------------------------------------------------------------
  90.000           0.000           -5.676e+00          -3.275e+01             111.292          -5.685e+00             261.214           3.308e+01     
  90.000           1.000           -5.700e+00          -3.248e+01             113.463          -5.710e+00             261.378           3.228e+01     
  90.000           2.000           -5.727e+00          -3.221e+01             115.472          -5.737e+00             261.531           3.155e+01     
  90.000           3.000           -5.756e+00          -3.194e+01             117.335          -5.767e+00             261.673           3.088e+01     
  90.000           4.000           -5.788e+00          -3.168e+01             119.066          -5.799e+00             261.804           3.026e+01     
  90.000           5.000           -5.822e+00          -3.143e+01             120.676          -5.834e+00             261.924           2.968e+01     
  90.000           6.000           -5.859e+00          -3.119e+01             122.177          -5.872e+00             262.032           2.915e+01     
  90.000           7.000           -5.898e+00          -3.096e+01             123.580          -5.912e+00             262.129           2.864e+01     
  90.000           8.000           -5.940e+00          -3.073e+01             124.895          -5.954e+00             262.215           2.817e+01     
  90.000           9.000           -5.984e+00          -3.052e+01             126.129          -5.999e+00             262.289           2.772e+01     
  90.000          10.000           -6.031e+00          -3.031e+01             127.292          -6.047e+00             262.351           2.730e+01     
  90.000          11.000           -6.081e+00          -3.011e+01             128.390          -6.098e+00             262.402           2.690e+01     
  90.000          12.000           -6.133e+00          -2.993e+01             129.431          -6.152e+00             262.442           2.651e+01     
  90.000          13.000           -6.189e+00          -2.975e+01             130.419          -6.208e+00             262.471           2.614e+01     
  90.000          14.000           -6.247e+00          -2.958e+01             131.360          -6.267e+00             262.488           2.579e+01     
  90.000          15.000           -6.308e+00          -2.942e+01             132.260          -6.329e+00             262.494           2.545e+01     
  90.000          16.000           -6.372e+00          -2.926e+01             133.122          -6.394e+00             262.489           2.512e+01     
  90.000          17.000           -6.439e+00          -2.912e+01             133.950          -6.463e+00             262.473           2.481e+01     
  90.000          18.000           -6.509e+00          -2.898e+01             134.748          -6.534e+00             262.446           2.450e+01     
  90.000          19.000           -6.582e+00          -2.885e+01             135.519          -6.608e+00             262.408           2.420e+01     
  90.000          20.000           -6.659e+00          -2.873e+01             136.267          -6.686e+00             262.359           2.392e+01     
  90.000          21.000           -6.738e+00          -2.862e+01             136.994          -6.767e+00             262.299           2.363e+01     
  90.000          22.000           -6.821e+00          -2.851e+01             137.702          -6.851e+00             262.228           2.336e+01     
  90.000          23.000           -6.908e+00          -2.841e+01             138.393          -6.938e+00             262.146           2.309e+01     
  90.000          24.000           -6.997e+00          -2.832e+01             139.071          -7.030e+00             262.053           2.283e+01     
  90.000          25.000           -7.091e+00          -2.823e+01             139.736          -7.124e+00             261.949           2.258e+01     
  90.000          26.000           -7.188e+00          -2.815e+01             140.390          -7.223e+00             261.835           2.233e+01     
  90.000          27.000           -7.289e+00          -2.807e+01             141.035          -7.325e+00             261.709           2.208e+01     
  90.000          28.000           -7.393e+00          -2.801e+01             141.673          -7.431e+00             261.572           2.183e+01     
  90.000          29.000           -7.502e+00          -2.794e+01             142.305          -7.541e+00             261.424           2.159e+01     
  90.000          30.000           -7.614e+00          -2.789e+01             142.932          -7.655e+00             261.265           2.136e+01     
  90.000          31.000           -7.731e+00          -2.783e+01             143.555          -7.774e+00             261.093           2.112e+01     
  90.000          32.000           -7.852e+00          -2.779e+01             144.175          -7.896e+00             260.909           2.089e+01     
  90.000          33.000           -7.977e+00          -2.774e+01             144.794          -8.023e+00             260.713           2.066e+01     
  90.000          34.000           -8.107e+00          -2.771e+01             145.412          -8.155e+00             260.504           2.043e+01     
  90.000          35.000           -8.242e+00          -2.767e+01             146.031          -8.292e+00             260.281           2.020e+01     
  90.000          36.000           -8.382e+00          -2.764e+01             146.650          -8.433e+00             260.044           1.997e+01     
  90.000          37.000           -8.526e+00          -2.762e+01             147.271          -8.580e+00             259.791           1.974e+01     
  90.000          38.000           -8.676e+00          -2.760e+01             147.895          -8.732e+00             259.523           1.951e+01     
  90.000          39.000           -8.831e+00          -2.758e+01             148.521          -8.890e+00             259.238           1.928e+01     
  90.000          40.000           -8.992e+00          -2.756e+01             149.152          -9.053e+00             258.935           1.905e+01     
  90.000          41.000           -9.159e+00          -2.755e+01             149.786          -9.222e+00             258.612           1.882e+01     
  90.000          42.000           -9.332e+00          -2.755e+01             150.425          -9.398e+00             258.268           1.859e+01     
  90.000          43.000           -9.511e+00          -2.754e+01             151.069          -9.580e+00             257.901           1.835e+01     
  90.000          44.000           -9.697e+00          -2.754e+01             151.719          -9.768e+00             257.510           1.812e+01     
  90.000          45.000           -9.889e+00          -2.754e+01             152.374          -9.964e+00             257.091           1.788e+01     
  90.000          46.000           -1.009e+01          -2.754e+01             153.036          -1.017e+01             256.642           1.763e+01     
  90.000          47.000           -1.030e+01          -2.755e+01             153.704          -1.038e+01             256.161           1.739e+01     
  90.000          48.000           -1.051e+01          -2.756e+01             154.379          -1.060e+01             255.643           1.714e+01     
  90.000          49.000           -1.073e+01          -2.757e+01             155.061          -1.082e+01             255.085           1.688e+01     
  90.000          50.000           -1.096e+01          -2.758e+01             155.750          -1.106e+01             254.482           1.663e+01     
  90.000          51.000           -1.120e+01          -2.759e+01             156.445          -1.130e+01             253.829           1.636e+01     
  90.000          52.000           -1.145e+01          -2.761e+01             157.149          -1.156e+01             253.122           1.610e+01     
  90.000          53.000           -1.171e+01          -2.762e+01             157.859          -1.182e+01             252.352           1.583e+01     
  90.000          54.000           -1.198e+01          -2.764e+01             158.576          -1.210e+01             251.512           1.555e+01     
  90.000          55.000           -1.226e+01          -2.766e+01             159.301          -1.238e+01             250.595           1.528e+01     
  90.000          56.000           -1.254e+01          -2.767e+01             160.032          -1.268e+01             249.589           1.500e+01     
  90.000          57.000           -1.284e+01          -2.769e+01             160.771          -1.298e+01             248.483           1.471e+01     
  90.000          58.000           -1.315e+01          -2.771e+01             161.516          -1.330e+01             247.265           1.443e+01     
  90.000          59.000           -1.347e+01          -2.773e+01             162.268          -1.363e+01             245.920           1.415e+01     
  90.000          60.000           -1.379e+01          -2.775e+01             163.026          -1.397e+01             244.430           1.388e+01     
  90.000          61.000           -1.413e+01          -2.777e+01             163.789          -1.432e+01             242.777           1.362e+01     
  90.000          62.000           -1.448e+01          -2.778e+01             164.559          -1.468e+01             240.938           1.337e+01     
  90.000          63.000           -1.483e+01          -2.780e+01             165.333          -1.505e+01             238.889           1.315e+01     
  90.000          64.000           -1.518e+01          -2.782e+01             166.112          -1.543e+01             236.603           1.296e+01     
  90.000          65.000           -1.554e+01          -2.784e+01             166.895          -1.580e+01             234.052           1.283e+01     
  90.000          66.000           -1.589e+01          -2.785e+01             167.682          -1.618e+01             231.205           1.276e+01     
  90.000          67.000           -1.624e+01          -2.786e+01             168.472          -1.655e+01             228.033           1.277e+01     
  90.000          68.000           -1.657e+01          -2.788e+01             169.264          -1.691e+01             224.511           1.291e+01     
  90.000          69.000           -1.688e+01          -2.789e+01             170.058          -1.724e+01             220.618           1.321e+01     
  90.000          70.000           -1.715e+01          -2.790e+01             170.854          -1.753e+01             216.349           1.370e+01     
  90.000          71.000           -1.738e+01          -2.791e+01             171.650          -1.778e+01             211.716           1.445e+01     
  90.000          72.000           -1.755e+01          -2.791e+01             172.446          -1.797e+01             206.753           1.552e+01     
  90.000          73.000           -1.766e+01          -2.792e+01             173.242          -1.809e+01             201.526           1.701e+01     
  90.000          74.000           -1.769e+01          -2.792e+01             174.035          -1.812e+01             196.123           1.905e+01     
  90.000          75.000           -1.764e+01          -2.792e+01             174.827          -1.807e+01             190.655           2.194e+01     
  90.000          76.000           -1.751e+01          -2.792e+01             175.615          -1.792e+01             185.240           2.634e+01     
  90.000          77.000           -1.730e+01          -2.792e+01             176.399          -1.769e+01             179.991           3.507e+01     
  90.000          78.000           -1.702e+01          -2.791e+01             177.179          -1.739e+01             175.004           3.967e+01     
  90.000          79.000           -1.668e+01          -2.791e+01             177.954          -1.702e+01             170.346           2.912e+01     
  90.000          80.000           -1.629e+01          -2.790e+01             178.723          -1.660e+01             166.061           2.507e+01     
  90.000          81.000           -1.587e+01          -2.789e+01             179.484          -1.615e+01             162.164           2.278e+01     
  90.000          82.000           -1.542e+01          -2.787e+01             180.239          -1.567e+01             158.651           2.133e+01     
  90.000          83.000           -1.494e+01          -2.786e+01             180.985          -1.517e+01             155.507           2.039e+01     
  90.000          84.000           -1.446e+01          -2.784e+01             181.722          -1.467e+01             152.706           1.978e+01     
  90.000          85.000           -1.398e+01          -2.782e+01             182.449          -1.416e+01             150.218           1.939e+01     
  90.000          86.000           -1.349e+01          -2.780e+01             183.167          -1.365e+01             148.014           1.917e+01     
  90.000          87.000           -1.301e+01          -2.778e+01             183.873          -1.315e+01             146.065           1.906e+01     
  90.000          88.000           -1.253e+01          -2.775e+01             184.569          -1.266e+01             144.342           1.904e+01     
  90.000          89.000           -1.206e+01          -2.773e+01             185.252          -1.218e+01             142.821           1.910e+01     
  90.000          90.000           -1.160e+01          -2.770e+01             185.923          -1.171e+01             141.478           1.920e+01     
  90.000          91.000           -1.115e+01          -2.767e+01             186.581          -1.125e+01             140.294           1.933e+01     
  90.000          92.000           -1.071e+01          -2.764e+01             187.227          -1.080e+01             139.252           1.950e+01     
  90.000          93.000           -1.028e+01          -2.760e+01             187.858          -1.036e+01             138.334           1.969e+01     
  90.000          94.000           -9.857e+00          -2.757e+01             188.476          -9.931e+00             137.528           1.989e+01     
  90.000          95.000           -9.446e+00          -2.753e+01             189.080          -9.514e+00             136.822           2.011e+01     
  90.000          96.000           -9.046e+00          -2.750e+01             189.669          -9.108e+00             136.205           2.033e+01     
  90.000          97.000           -8.655e+00          -2.746e+01             190.244          -8.712e+00             135.667           2.056e+01     
  90.000          98.000           -8.274e+00          -2.742e+01             190.804          -8.327e+00             135.201           2.080e+01     
  90.000          99.000           -7.902e+00          -2.738e+01             191.349          -7.951e+00             134.799           2.103e+01     
  90.000         100.000           -7.538e+00          -2.734e+01             191.878          -7.584e+00             134.454           2.127e+01     
  90.000         101.000           -7.184e+00          -2.730e+01             192.393          -7.226e+00             134.162           2.151e+01     
  90.000         102.000           -6.838e+00          -2.726e+01             192.893          -6.877e+00             133.917           2.174e+01     
  90.000         103.000           -6.499e+00          -2.722e+01             193.377          -6.536e+00             133.715           2.198e+01     
  90.000         104.000           -6.169e+00          -2.718e+01             193.846          -6.203e+00             133.551           2.222e+01     
  90.000         105.000           -5.845e+00          -2.714e+01             194.300          -5.878e+00             133.422           2.245e+01     
  90.000         106.000           -5.529e+00          -2.710e+01             194.739          -5.560e+00             133.325           2.268e+01     
  90.000         107.000           -5.220e+00          -2.706e+01             195.163          -5.249e+00             133.257           2.291e+01     
  90.000         108.000           -4.918e+00          -2.702e+01             195.572          -4.945e+00             133.215           2.314e+01     
  90.000         109.000           -4.622e+00          -2.698e+01             195.966          -4.647e+00             133.196           2.337e+01     
  90.000         110.000           -4.332e+00          -2.695e+01             196.345          -4.356e+00             133.200           2.359e+01     
  90.000         111.000           -4.048e+00          -2.691e+01             196.710          -4.071e+00             133.222           2.381e+01     
  90.000         112.000           -3.770e+00          -2.687e+01             197.060          -3.792e+00             133.263           2.403e+01     
  90.000         113.000           -3.498e+00          -2.684e+01             197.396          -3.518e+00             133.320           2.425e+01     
  90.000         114.000           -3.231e+00          -2.681e+01             197.718          -3.251e+00             133.391           2.447e+01     
  90.000         115.000           -2.970e+00          -2.678e+01             198.026          -2.988e+00             133.476           2.469e+01     
  90.000         116.000           -2.714e+00          -2.675e+01             198.321          -2.731e+00             133.572           2.490e+01     
  90.000         117.000           -2.463e+00          -2.673e+01             198.601          -2.480e+00             133.680           2.511e+01     
  90.000         118.000           -2.218e+00          -2.671e+01             198.868          -2.233e+00             133.797           2.533e+01     
  90.000         119.000           -1.977e+00          -2.669e+01             199.122          -1.991e+00             133.923           2.554e+01     
  90.000         120.000           -1.740e+00          -2.667e+01             199.363          -1.754e+00             134.056           2.575e+01     
  90.000         121.000           -1.509e+00          -2.665e+01             199.590          -1.522e+00             134.196           2.596e+01     
  90.000         122.000           -1.282e+00          -2.664e+01             199.805          -1.295e+00             134.343           2.617e+01     
  90.000         123.000           -1.060e+00          -2.663e+01             200.007          -1.072e+00             134.494           2.638e+01     
  90.000         124.000           -8.424e-01          -2.663e+01             200.196          -8.538e-01             134.650           2.659e+01     
  90.000         125.000           -6.290e-01          -2.663e+01             200.373          -6.400e-01             134.811           2.681e+01     
  90.000         126.000           -4.201e-01          -2.663e+01             200.537          -4.305e-01             134.974           2.702e+01     
  90.000         127.000           -2.154e-01          -2.664e+01             200.689          -2.253e-01             135.140           2.723e+01     
  90.000         128.000           -1.500e-02          -2.665e+01             200.829          -2.445e-02             135.309           2.744e+01     
  90.000         129.000            1.812e-01          -2.666e+01             200.956           1.722e-01             135.479           2.766e+01     
  90.000         130.000            3.732e-01          -2.668e+01             201.071           3.647e-01             135.651           2.787e+01     
  90.000         131.000            5.611e-01          -2.671e+01             201.174           5.530e-01             135.823           2.809e+01     
  90.000         132.000            7.450e-01          -2.674e+01             201.265           7.372e-01             135.996           2.831e+01     
  90.000         133.000            9.247e-01          -2.677e+01             201.343           9.173e-01             136.169           2.853e+01     
  90.000         134.000            1.100e+00          -2.681e+01             201.409           1.093e+00             136.341           2.876e+01     
  90.000         135.000            1.272e+00          -2.686e+01             201.463           1.265e+00             136.513           2.898e+01     
  90.000         136.000            1.440e+00          -2.691e+01             201.506           1.433e+00             136.684           2.922e+01     
  90.000         137.000            1.604e+00          -2.697e+01             201.534           1.598e+00             136.853           2.945e+01     
  90.000         138.000            1.763e+00          -2.704e+01             201.549           1.758e+00             137.021           2.969e+01     
  90.000         139.000            1.919e+00          -2.711e+01             201.551           1.914e+00             137.188           2.993e+01     
  90.000         140.000            2.071e+00          -2.719e+01             201.539           2.066e+00             137.352           3.017e+01     
  90.000         141.000            2.219e+00          -2.728e+01             201.513           2.214e+00             137.514           3.042e+01     
  90.000         142.000            2.363e+00          -2.737e+01             201.473           2.359e+00             137.673           3.068e+01     
  90.000         143.000            2.503e+00          -2.748e+01             201.419           2.499e+00             137.830           3.094e+01     
  90.000         144.000            2.640e+00          -2.759e+01             201.349           2.636e+00             137.984           3.120e+01     
  90.000         145.000            2.772e+00          -2.771e+01             201.262           2.768e+00             138.135           3.147e+01     
  90.000         146.000            2.901e+00          -2.784e+01             201.160           2.897e+00             138.283           3.175e+01     
  90.000         147.000            3.025e+00          -2.799e+01             201.039           3.022e+00             138.427           3.204e+01     
  90.000         148.000            3.146e+00          -2.814e+01             200.900           3.143e+00             138.568           3.234e+01     
  90.000         149.000            3.263e+00          -2.830e+01             200.741           3.260e+00             138.705           3.264e+01     
  90.000         150.000            3.376e+00          -2.848e+01             200.562           3.373e+00             138.839           3.296e+01     
  90.000         151.000            3.485e+00          -2.867e+01             200.359           3.483e+00             138.968           3.328e+01     
  90.000         152.000            3.591e+00          -2.887e+01             200.133           3.588e+00             139.094           3.362e+01     
  90.000         153.000            3.692e+00          -2.908e+01             199.880           3.690e+00             139.216           3.397e+01     
  90.000         154.000            3.790e+00          -2.931e+01             199.598           3.787e+00             139.333           3.433e+01     
  90.000         155.000            3.883e+00          -2.956e+01             199.286           3.881e+00             139.446           3.471e+01     
  90.000         156.000            3.973e+00          -2.983e+01             198.938           3.971e+00             139.555           3.510e+01     
  90.000         157.000            4.059e+00          -3.011e+01             198.552           4.057e+00             139.660           3.552e+01     
  90.000         158.000            4.141e+00          -3.041e+01             198.123           4.140e+00             139.760           3.595e+01     
  90.000         159.000            4.219e+00          -3.074e+01             197.645           4.218e+00             139.856           3.641e+01     
  90.000         160.000            4.293e+00          -3.109e+01             197.112           4.292e+00             139.947           3.689e+01     
  90.000         161.000            4.364e+00          -3.146e+01             196.515           4.363e+00             140.034           3.740e+01     
  90.000         162.000            4.430e+00          -3.186e+01             195.845           4.429e+00             140.116           3.795e+01     
  90.000         163.000            4.493e+00          -3.230e+01             195.090           4.492e+00             140.193           3.853e+01     
  90.000         164.000            4.552e+00          -3.276e+01             194.233           4.551e+00             140.266           3.916e+01     
  90.000         165.000            4.606e+00          -3.327e+01             193.254           4.606e+00             140.335           3.984e+01     
  90.000         166.000            4.657e+00          -3.381e+01             192.130           4.657e+00             140.398           4.000e+01     
  90.000         167.000            4.704e+00          -3.441e+01             190.825           4.704e+00             140.457           4.000e+01     
  90.000         168.000            4.747e+00          -3.506e+01             189.296           4.747e+00             140.512           4.000e+01     
  90.000         169.000            4.786e+00          -3.576e+01             187.484           4.786e+00             140.561           4.000e+01     
  90.000         170.000            4.822e+00          -3.654e+01             185.304           4.821e+00             140.606           4.000e+01     
  90.000         171.000            4.853e+00          -3.739e+01             182.643           4.853e+00             140.647           4.000e+01     
  90.000         172.000            4.880e+00          -3.833e+01             179.332           4.880e+00             140.683           4.000e+01     
  90.000         173.000            4.904e+00          -3.937e+01             175.131           4.904e+00             140.714           4.000e+01     
  90.000         174.000            4.923e+00          -4.049e+01             169.687           4.923e+00             140.741           4.000e+01     
  90.000         175.000            4.939e+00          -4.169e+01             162.494           4.939e+00             140.763           4.000e+01     
  90.000         176.000            4.951e+00          -4.289e+01             152.907           4.951e+00             140.781           4.000e+01     
  90.000         177.000            4.958e+00          -4.393e+01             140.334           4.958e+00             140.794           4.000e+01     
  90.000         178.000            4.962e+00          -4.456e+01             124.893           4.962e+00             140.803           4.000e+01     
  90.000         179.000            4.962e+00          -4.451e+01             108.194           4.962e+00             140.808           4.000e+01     
  90.000         180.000            4.958e+00          -4.380e+01              92.760           4.958e+00             140.808           4.000e+01     
  90.000         181.000            4.950e+00          -4.267e+01              80.197           4.950e+00             140.805           4.000e+01     
  90.000         182.000            4.939e+00          -4.139e+01              70.608           4.939e+00             140.797           4.000e+01     
  90.000         183.000            4.923e+00          -4.011e+01              63.400           4.923e+00             140.785           4.000e+01     
  90.000         184.000            4.903e+00          -3.890e+01              57.926           4.903e+00             140.769           4.000e+01     
  90.000         185.000            4.880e+00          -3.779e+01              53.684           4.880e+00             140.749           4.000e+01     
  90.000         186.000            4.852e+00          -3.677e+01              50.321           4.852e+00             140.725           4.000e+01     
  90.000         187.000            4.821e+00          -3.583e+01              47.596           4.821e+00             140.698           4.000e+01     
  90.000         188.000            4.786e+00          -3.497e+01              45.345           4.785e+00             140.667           3.979e+01     
  90.000         189.000            4.747e+00          -3.418e+01              43.450           4.746e+00             140.632           3.899e+01     
  90.000         190.000            4.704e+00          -3.345e+01              41.831           4.703e+00             140.594           3.825e+01     
  90.000         191.000            4.657e+00          -3.277e+01              40.426           4.656e+00             140.553           3.756e+01     
  90.000         192.000            4.606e+00          -3.214e+01              39.193           4.605e+00             140.508           3.692e+01     
  90.000         193.000            4.551e+00          -3.155e+01              38.098           4.550e+00             140.461           3.631e+01     
  90.000         194.000            4.492e+00          -3.100e+01              37.115           4.491e+00             140.410           3.573e+01     
  90.000         195.000            4.430e+00          -3.049e+01              36.226           4.428e+00             140.357           3.518e+01     
  90.000         196.000            4.363e+00          -3.000e+01              35.413           4.362e+00             140.301           3.466e+01     
  90.000         197.000            4.293e+00          -2.955e+01              34.665           4.291e+00             140.243           3.416e+01     
  90.000         198.000            4.219e+00          -2.911e+01              33.973           4.217e+00             140.182           3.368e+01     
  90.000         199.000            4.141e+00          -2.871e+01              33.327           4.139e+00             140.119           3.322e+01     
  90.000         200.000            4.059e+00          -2.832e+01              32.721           4.057e+00             140.054           3.278e+01     
  90.000         201.000            3.974e+00          -2.795e+01              32.150           3.971e+00             139.987           3.235e+01     
  90.000         202.000            3.884e+00          -2.761e+01              31.609           3.881e+00             139.919           3.194e+01     
  90.000         203.000            3.790e+00          -2.727e+01              31.095           3.787e+00             139.849           3.154e+01     
  90.000         204.000            3.693e+00          -2.696e+01              30.603           3.689e+00             139.778           3.115e+01     
  90.000         205.000            3.592e+00          -2.666e+01              30.131           3.588e+00             139.706           3.077e+01     
  90.000         206.000            3.487e+00          -2.638e+01              29.678           3.483e+00             139.633           3.040e+01     
  90.000         207.000            3.378e+00          -2.610e+01              29.240           3.373e+00             139.560           3.004e+01     
  90.000         208.000            3.265e+00          -2.584e+01              28.816           3.260e+00             139.486           2.968e+01     
  90.000         209.000            3.149e+00          -2.560e+01              28.405           3.143e+00             139.413           2.934e+01     
  90.000         210.000            3.028e+00          -2.536e+01              28.005           3.022e+00             139.339           2.900e+01     
  90.000         211.000            2.904e+00          -2.514e+01              27.615           2.897e+00             139.267           2.867e+01     
  90.000         212.000            2.776e+00          -2.492e+01              27.235           2.769e+00             139.195           2.835e+01     
  90.000         213.000            2.644e+00          -2.472e+01              26.862           2.636e+00             139.125           2.803e+01     
  90.000         214.000            2.508e+00          -2.452e+01              26.497           2.500e+00             139.057           2.771e+01     
  90.000         215.000            2.368e+00          -2.433e+01              26.138           2.359e+00             138.990           2.740e+01     
  90.000         216.000            2.225e+00          -2.415e+01              25.785           2.215e+00             138.926           2.710e+01     
  90.000         217.000            2.077e+00          -2.398e+01              25.438           2.067e+00             138.865           2.680e+01     
  90.000         218.000            1.926e+00          -2.382e+01              25.096           1.915e+00             138.807           2.650e+01     
  90.000         219.000            1.771e+00          -2.367e+01              24.759           1.758e+00             138.753           2.621e+01     
  90.000         220.000            1.612e+00          -2.352e+01              24.426           1.598e+00             138.703           2.592e+01     
  90.000         221.000            1.449e+00          -2.338e+01              24.097           1.434e+00             138.658           2.564e+01     
  90.000         222.000            1.282e+00          -2.324e+01              23.771           1.267e+00             138.618           2.536e+01     
  90.000         223.000            1.111e+00          -2.311e+01              23.449           1.095e+00             138.584           2.508e+01     
  90.000         224.000            9.362e-01          -2.299e+01              23.129           9.186e-01             138.557           2.480e+01     
  90.000         225.000            7.574e-01          -2.288e+01              22.812           7.386e-01             138.537           2.453e+01     
  90.000         226.000            5.747e-01          -2.277e+01              22.498           5.545e-01             138.525           2.426e+01     
  90.000         227.000            3.880e-01          -2.266e+01              22.187           3.664e-01             138.522           2.399e+01     
  90.000         228.000            1.973e-01          -2.256e+01              21.878           1.742e-01             138.529           2.372e+01     
  90.000         229.000            2.513e-03          -2.247e+01              21.571          -2.214e-02             138.545           2.346e+01     
  90.000         230.000           -1.963e-01          -2.238e+01              21.267          -2.226e-01             138.573           2.320e+01     
  90.000         231.000           -3.991e-01          -2.230e+01              20.965          -4.273e-01             138.614           2.293e+01     
  90.000         232.000           -6.061e-01          -2.222e+01              20.664          -6.361e-01             138.667           2.268e+01     
  90.000         233.000           -8.171e-01          -2.214e+01              20.365          -8.492e-01             138.736           2.242e+01     
  90.000         234.000           -1.032e+00          -2.207e+01              20.068          -1.067e+00             138.819           2.216e+01     
  90.000         235.000           -1.252e+00          -2.201e+01              19.773          -1.288e+00             138.920           2.191e+01     
  90.000         236.000           -1.475e+00          -2.194e+01              19.479          -1.514e+00             139.039           2.166e+01     
  90.000         237.000           -1.703e+00          -2.189e+01              19.187          -1.744e+00             139.178           2.141e+01     
  90.000         238.000           -1.934e+00          -2.183e+01              18.896          -1.979e+00             139.338           2.117e+01     
  90.000         239.000           -2.171e+00          -2.178e+01              18.607          -2.218e+00             139.520           2.092e+01     
  90.000         240.000           -2.411e+00          -2.174e+01              18.320          -2.462e+00             139.728           2.068e+01     
  90.000         241.000           -2.655e+00          -2.169e+01              18.033          -2.710e+00             139.962           2.044e+01     
  90.000         242.000           -2.904e+00          -2.166e+01              17.748          -2.962e+00             140.225           2.020e+01     
  90.000         243.000           -3.157e+00          -2.162e+01              17.465          -3.219e+00             140.519           1.997e+01     
  90.000         244.000           -3.414e+00          -2.159e+01              17.183          -3.480e+00             140.847           1.974e+01     
  90.000         245.000           -3.675e+00          -2.156e+01              16.902          -3.746e+00             141.210           1.952e+01     
  90.000         246.000           -3.940e+00          -2.153e+01              16.623          -4.017e+00             141.612           1.930e+01     
  90.000         247.000           -4.210e+00          -2.151e+01              16.345          -4.291e+00             142.055           1.908e+01     
  90.000         248.000           -4.483e+00          -2.149e+01              16.068          -4.570e+00             142.544           1.888e+01     
  90.000         249.000           -4.760e+00          -2.147e+01              15.793          -4.854e+00             143.080           1.868e+01     
  90.000         250.000           -5.041e+00          -2.146e+01              15.519          -5.141e+00             143.668           1.848e+01     
  90.000         251.000           -5.325e+00          -2.145e+01              15.247          -5.432e+00             144.312           1.830e+01     
  90.000         252.000           -5.613e+00          -2.144e+01              14.976          -5.728e+00             145.016           1.813e+01     
  90.000         253.000           -5.903e+00          -2.143e+01              14.706          -6.026e+00             145.784           1.797e+01     
  90.000         254.000           -6.196e+00          -2.143e+01              14.438          -6.328e+00             146.621           1.783e+01     
  90.000         255.000           -6.492e+00          -2.143e+01              14.172          -6.633e+00             147.532           1.770e+01     
  90.000         256.000           -6.789e+00          -2.143e+01              13.907          -6.941e+00             148.522           1.760e+01     
  90.000         257.000           -7.087e+00          -2.143e+01              13.644          -7.250e+00             149.596           1.751e+01     
  90.000         258.000           -7.386e+00          -2.144e+01              13.382          -7.560e+00             150.760           1.746e+01     
  90.000         259.000           -7.685e+00          -2.145e+01              13.122          -7.871e+00             152.019           1.744e+01     
  90.000         260.000           -7.982e+00          -2.146e+01              12.863          -8.182e+00             153.379           1.746e+01     
  90.000         261.000           -8.277e+00          -2.147e+01              12.607          -8.490e+00             154.846           1.752e+01     
  90.000         262.000           -8.569e+00          -2.149e+01              12.352          -8.796e+00             156.424           1.763e+01     
  90.000         263.000           -8.856e+00          -2.151e+01              12.100          -9.098e+00             158.118           1.781e+01     
  90.000         264.000           -9.136e+00          -2.153e+01              11.849          -9.394e+00             159.932           1.805e+01     
  90.000         265.000           -9.408e+00          -2.155e+01              11.600          -9.682e+00             161.869           1.838e+01     
  90.000         266.000           -9.671e+00          -2.158e+01              11.354          -9.961e+00             163.930           1.882e+01     
  90.000         267.000           -9.922e+00          -2.160e+01              11.110          -1.023e+01             166.115           1.937e+01     
  90.000         268.000           -1.016e+01          -2.163e+01              10.868          -1.048e+01             168.421           2.007e+01     
  90.000         269.000           -1.038e+01          -2.166e+01              10.628          -1.072e+01             170.845           2.096e+01     
  90.000         270.000           -1.058e+01          -2.170e+01              10.392          -1.093e+01             173.378           2.208e+01     
  90.000         271.000           -1.077e+01          -2.173e+01              10.158          -1.113e+01             176.011           2.353e+01     
  90.000         272.000           -1.093e+01          -2.177e+01               9.927          -1.130e+01             178.730           2.543e+01     
  90.000         273.000           -1.107e+01          -2.181e+01               9.698          -1.145e+01             181.520           2.805e+01     
  90.000         274.000           -1.118e+01          -2.185e+01               9.473          -1.157e+01             184.364           3.206e+01     
  90.000         275.000           -1.127e+01          -2.190e+01               9.251          -1.167e+01             187.241           4.000e+01     
  90.000         276.000           -1.134e+01          -2.194e+01               9.033          -1.173e+01             190.130           4.000e+01     
  90.000         277.000           -1.138e+01          -2.199e+01               8.818          -1.177e+01             193.012           3.372e+01     
  90.000         278.000           -1.139e+01          -2.204e+01               8.607          -1.178e+01             195.864           2.900e+01     
  90.000         279.000           -1.138e+01          -2.210e+01               8.400          -1.177e+01             198.668           2.606e+01     
  90.000         280.000           -1.135e+01          -2.215e+01               8.197          -1.173e+01             201.407           2.397e+01     
  90.000         281.000           -1.130e+01          -2.221e+01               7.999          -1.167e+01             204.066           2.239e+01     
  90.000         282.000           -1.123e+01          -2.227e+01               7.805          -1.158e+01             206.632           2.116e+01     
  90.000         283.000           -1.114e+01          -2.233e+01               7.616          -1.148e+01             209.097           2.018e+01     
  90.000         284.000           -1.104e+01          -2.240e+01               7.432          -1.137e+01             211.454           1.940e+01     
  90.000         285.000           -1.092e+01          -2.247e+01               7.254          -1.124e+01             213.699           1.877e+01     
  90.000         286.000           -1.080e+01          -2.254e+01               7.082          -1.110e+01             215.830           1.827e+01     
  90.000         287.000           -1.066e+01          -2.261e+01               6.916          -1.095e+01             217.848           1.788e+01     
  90.000         288.000           -1.052e+01          -2.269e+01               6.756          -1.079e+01             219.754           1.757e+01     
  90.000         289.000           -1.037e+01          -2.277e+01               6.603          -1.063e+01             221.553           1.734e+01     
  90.000         290.000           -1.022e+01          -2.285e+01               6.457          -1.046e+01             223.246           1.716e+01     
  90.000         291.000           -1.007e+01          -2.294e+01               6.319          -1.030e+01             224.841           1.705e+01     
  90.000         292.000           -9.909e+00          -2.303e+01               6.189          -1.013e+01             226.341           1.697e+01     
  90.000         293.000           -9.751e+00          -2.312e+01               6.067          -9.956e+00             227.752           1.694e+01     
  90.000         294.000           -9.594e+00          -2.321e+01               5.954          -9.787e+00             229.079           1.694e+01     
  90.000         295.000           -9.438e+00          -2.331e+01               5.851          -9.620e+00             230.329           1.697e+01     
  90.000         296.000           -9.283e+00          -2.341e+01               5.757          -9.454e+00             231.506           1.703e+01     
  90.000         297.000           -9.130e+00          -2.352e+01               5.675          -9.291e+00             232.616           1.711e+01     
  90.000         298.000           -8.979e+00          -2.363e+01               5.603          -9.131e+00             233.663           1.721e+01     
  90.000         299.000           -8.831e+00          -2.374e+01               5.543          -8.974e+00             234.653           1.733e+01     
  90.000         300.000           -8.686e+00          -2.386e+01               5.495          -8.820e+00             235.589           1.746e+01     
  90.000         301.000           -8.545e+00          -2.398e+01               5.461          -8.671e+00             236.477           1.760e+01     
  90.000         302.000           -8.406e+00          -2.411e+01               5.441          -8.525e+00             237.320           1.776e+01     
  90.000         303.000           -8.271e+00          -2.424e+01               5.436          -8.383e+00             238.122           1.793e+01     
  90.000         304.000           -8.140e+00          -2.437e+01               5.447          -8.245e+00             238.886           1.811e+01     
  90.000         305.000           -8.013e+00          -2.451e+01               5.474          -8.111e+00             239.615           1.830e+01     
  90.000         306.000           -7.889e+00          -2.466e+01               5.520          -7.982e+00             240.312           1.849e+01     
  90.000         307.000           -7.770e+00          -2.481e+01               5.584          -7.856e+00             240.981           1.870e+01     
  90.000         308.000           -7.654e+00          -2.496e+01               5.669          -7.735e+00             241.623           1.891e+01     
  90.000         309.000           -7.541e+00          -2.512e+01               5.775          -7.618e+00             242.241           1.913e+01     
  90.000         310.000           -7.433e+00          -2.529e+01               5.904          -7.505e+00             242.837           1.936e+01     
  90.000         311.000           -7.328e+00          -2.546e+01               6.058          -7.396e+00             243.413           1.960e+01     
  90.000         312.000           -7.227e+00          -2.564e+01               6.238          -7.290e+00             243.971           1.984e+01     
  90.000         313.000           -7.130e+00          -2.582e+01               6.446          -7.189e+00             244.512           2.009e+01     
  90.000         314.000           -7.036e+00          -2.601e+01               6.684          -7.091e+00             245.038           2.035e+01     
  90.000         315.000           -6.946e+00          -2.621e+01               6.954          -6.998e+00             245.550           2.061e+01     
  90.000         316.000           -6.859e+00          -2.641e+01               7.263          -6.908e+00             246.049           2.089e+01     
  90.000         317.000           -6.776e+00          -2.662e+01               7.605          -6.821e+00             246.538           2.117e+01     
  90.000         318.000           -6.696e+00          -2.684e+01               7.988          -6.738e+00             247.016           2.146e+01     
  90.000         319.000           -6.619e+00          -2.706e+01               8.415          -6.659e+00             247.484           2.176e+01     
  90.000         320.000           -6.546e+00          -2.730e+01               8.888          -6.582e+00             247.944           2.207e+01     
  90.000         321.000           -6.475e+00          -2.754e+01               9.412          -6.509e+00             248.395           2.239e+01     
  90.000         322.000           -6.408e+00          -2.779e+01               9.991          -6.440e+00             248.840           2.272e+01     
  90.000         323.000           -6.344e+00          -2.804e+01              10.630          -6.373e+00             249.277           2.306e+01     
  90.000         324.000           -6.282e+00          -2.831e+01              11.334          -6.310e+00             249.708           2.341e+01     
  90.000         325.000           -6.224e+00          -2.858e+01              12.108          -6.249e+00             250.134           2.378e+01     
  90.000         326.000           -6.168e+00          -2.887e+01              12.960          -6.192e+00             250.553           2.416e+01     
  90.000         327.000           -6.116e+00          -2.916e+01              13.896          -6.137e+00             250.968           2.455e+01     
  90.000         328.000           -6.065e+00          -2.946e+01              14.924          -6.085e+00             251.377           2.497e+01     
  90.000         329.000           -6.018e+00          -2.977e+01              16.052          -6.036e+00             251.781           2.540e+01     
  90.000         330.000           -5.973e+00          -3.008e+01              17.291          -5.990e+00             252.180           2.585e+01     
  90.000         331.000           -5.930e+00          -3.041e+01              18.650          -5.946e+00             252.575           2.632e+01     
  90.000         332.000           -5.890e+00          -3.074e+01              20.141          -5.905e+00             252.965           2.682e+01     
  90.000         333.000           -5.853e+00          -3.108e+01              21.777          -5.866e+00             253.350           2.735e+01     
  90.000         334.000           -5.818e+00          -3.143e+01              23.569          -5.830e+00             253.730           2.790e+01     
  90.000         335.000           -5.785e+00          -3.178e+01              25.533          -5.796e+00             254.105           2.849e+01     
  90.000         336.000           -5.754e+00          -3.213e+01              27.682          -5.764e+00             254.475           2.912e+01     
  90.000         337.000           -5.726e+00          -3.248e+01              30.031          -5.735e+00             254.840           2.979e+01     
  90.000         338.000           -5.700e+00          -3.282e+01              32.592          -5.709e+00             255.199           3.051e+01     
  90.000         339.000           -5.677e+00          -3.316e+01              35.378          -5.684e+00             255.553           3.130e+01     
  90.000         340.000           -5.655e+00          -3.349e+01              38.397          -5.662e+00             255.901           3.215e+01     
  90.000         341.000           -5.636e+00          -3.380e+01              41.654          -5.642e+00             256.242           3.309e+01     
  90.000         342.000           -5.618e+00          -3.409e+01              45.148          -5.625e+00             256.578           3.414e+01     
  90.000         343.000           -5.603e+00          -3.436e+01              48.869          -5.609e+00             256.906           3.531e+01     
  90.000         344.000           -5.590e+00          -3.458e+01              52.798          -5.596e+00             257.228           3.667e+01     
  90.000         345.000           -5.580e+00          -3.477e+01              56.907          -5.585e+00             257.543           3.825e+01     
  90.000         346.000           -5.571e+00          -3.491e+01              61.157          -5.576e+00             257.850           4.000e+01     
  90.000         347.000           -5.564e+00          -3.501e+01              65.500          -5.569e+00             258.149           4.000e+01     
  90.000         348.000           -5.560e+00          -3.505e+01              69.883          -5.565e+00             258.440           4.000e+01     
  90.000         349.000           -5.558e+00          -3.504e+01              74.249          -5.562e+00             258.723           4.000e+01     
  90.000         350.000           -5.557e+00          -3.498e+01              78.545          -5.562e+00             258.998           4.000e+01     
  90.000         351.000           -5.559e+00          -3.487e+01              82.721          -5.564e+00             259.263           4.000e+01     
  90.000         352.000           -5.563e+00          -3.472e+01              86.737          -5.569e+00             259.520           4.000e+01     
  90.000         353.000           -5.570e+00          -3.454e+01              90.563          -5.575e+00             259.767           4.000e+01     
  90.000         354.000           -5.578e+00          -3.433e+01              94.177          -5.584e+00             260.004           4.000e+01     
  90.000         355.000           -5.589e+00          -3.409e+01              97.569          -5.595e+00             260.231           3.902e+01     
  90.000         356.000           -5.602e+00          -3.384e+01             100.736          -5.608e+00             260.449           3.744e+01     
  90.000         357.000           -5.617e+00          -3.358e+01             103.683          -5.624e+00             260.656           3.612e+01     
  90.000         358.000           -5.634e+00          -3.330e+01             106.417          -5.642e+00             260.853           3.497e+01     
  90.000         359.000           -5.654e+00          -3.303e+01             108.949          -5.662e+00             261.039           3.397e+01     
