Theta [deg.]  Phi   [deg.]  Abs(Dir.)[dBi   ]   Abs(Theta)[dBi   ]  Phase(Theta)[deg.]  Abs(Phi  )[dBi   ]  Phase(Phi  )[deg.]  Ax.Ratio[dB    ]    
------------------------------------------------------------------------------------------------------------------------------------------------------
  45.000           0.000           -5.502e+00          -2.677e+01             225.262          -5.535e+00             264.326           2.528e+01     
  45.000           1.000           -5.517e+00          -2.586e+01             232.696          -5.557e+00             264.478           2.593e+01     
  45.000           2.000           -5.532e+00          -2.493e+01             238.728          -5.582e+00             264.623           2.662e+01     
  45.000           3.000           -5.547e+00          -2.402e+01             243.628          -5.610e+00             264.763           2.738e+01     
  45.000           4.000           -5.563e+00          -2.316e+01             247.641          -5.639e+00             264.895           2.822e+01     
  45.000           5.000           -5.578e+00          -2.234e+01             250.965          -5.670e+00             265.021           2.914e+01     
  45.000           6.000           -5.593e+00          -2.158e+01             253.751          -5.704e+00             265.140           3.018e+01     
  45.000           7.000           -5.609e+00          -2.086e+01             256.113          -5.740e+00             265.253           3.136e+01     
  45.000           8.000           -5.624e+00          -2.019e+01             258.140          -5.778e+00             265.358           3.273e+01     
  45.000           9.000           -5.639e+00          -1.956e+01             259.896          -5.819e+00             265.457           3.437e+01     
  45.000          10.000           -5.655e+00          -1.897e+01             261.432          -5.862e+00             265.549           3.639e+01     
  45.000          11.000           -5.670e+00          -1.841e+01             262.787          -5.908e+00             265.634           3.905e+01     
  45.000          12.000           -5.685e+00          -1.788e+01             263.991          -5.955e+00             265.712           4.000e+01     
  45.000          13.000           -5.700e+00          -1.738e+01             265.070          -6.006e+00             265.783           4.000e+01     
  45.000          14.000           -5.715e+00          -1.691e+01             266.042          -6.059e+00             265.848           4.000e+01     
  45.000          15.000           -5.730e+00          -1.646e+01             266.923          -6.114e+00             265.905           4.000e+01     
  45.000          16.000           -5.745e+00          -1.603e+01             267.726          -6.173e+00             265.955           4.000e+01     
  45.000          17.000           -5.760e+00          -1.562e+01             268.461          -6.234e+00             265.998           3.767e+01     
  45.000          18.000           -5.775e+00          -1.523e+01             269.138          -6.297e+00             266.034           3.530e+01     
  45.000          19.000           -5.789e+00          -1.486e+01             269.763          -6.364e+00             266.063           3.344e+01     
  45.000          20.000           -5.803e+00          -1.450e+01             270.342          -6.434e+00             266.085           3.191e+01     
  45.000          21.000           -5.817e+00          -1.415e+01             270.882          -6.506e+00             266.099           3.060e+01     
  45.000          22.000           -5.831e+00          -1.382e+01             271.386          -6.582e+00             266.106           2.946e+01     
  45.000          23.000           -5.845e+00          -1.351e+01             271.858          -6.661e+00             266.105           2.845e+01     
  45.000          24.000           -5.858e+00          -1.320e+01             272.301          -6.743e+00             266.097           2.754e+01     
  45.000          25.000           -5.871e+00          -1.291e+01             272.720          -6.828e+00             266.081           2.672e+01     
  45.000          26.000           -5.883e+00          -1.262e+01             273.115          -6.917e+00             266.058           2.596e+01     
  45.000          27.000           -5.895e+00          -1.235e+01             273.490          -7.009e+00             266.026           2.527e+01     
  45.000          28.000           -5.907e+00          -1.208e+01             273.847          -7.106e+00             265.986           2.463e+01     
  45.000          29.000           -5.918e+00          -1.183e+01             274.186          -7.206e+00             265.938           2.403e+01     
  45.000          30.000           -5.929e+00          -1.158e+01             274.511          -7.309e+00             265.881           2.347e+01     
  45.000          31.000           -5.939e+00          -1.134e+01             274.822          -7.417e+00             265.816           2.294e+01     
  45.000          32.000           -5.949e+00          -1.110e+01             275.120          -7.530e+00             265.740           2.244e+01     
  45.000          33.000           -5.958e+00          -1.088e+01             275.407          -7.646e+00             265.656           2.198e+01     
  45.000          34.000           -5.966e+00          -1.066e+01             275.684          -7.767e+00             265.561           2.153e+01     
  45.000          35.000           -5.974e+00          -1.045e+01             275.952          -7.893e+00             265.456           2.111e+01     
  45.000          36.000           -5.981e+00          -1.024e+01             276.212          -8.024e+00             265.339           2.071e+01     
  45.000          37.000           -5.987e+00          -1.004e+01             276.464          -8.159e+00             265.211           2.033e+01     
  45.000          38.000           -5.992e+00          -9.840e+00             276.709          -8.300e+00             265.070           1.997e+01     
  45.000          39.000           -5.997e+00          -9.650e+00             276.949          -8.447e+00             264.916           1.963e+01     
  45.000          40.000           -6.000e+00          -9.464e+00             277.183          -8.599e+00             264.748           1.930e+01     
  45.000          41.000           -6.003e+00          -9.284e+00             277.412          -8.758e+00             264.564           1.899e+01     
  45.000          42.000           -6.004e+00          -9.108e+00             277.637          -8.923e+00             264.364           1.869e+01     
  45.000          43.000           -6.004e+00          -8.937e+00             277.859          -9.094e+00             264.146           1.840e+01     
  45.000          44.000           -6.003e+00          -8.770e+00             278.077          -9.272e+00             263.909           1.813e+01     
  45.000          45.000           -6.001e+00          -8.607e+00             278.292          -9.458e+00             263.651           1.787e+01     
  45.000          46.000           -5.998e+00          -8.448e+00             278.505          -9.651e+00             263.371           1.762e+01     
  45.000          47.000           -5.993e+00          -8.294e+00             278.716          -9.852e+00             263.065           1.738e+01     
  45.000          48.000           -5.987e+00          -8.143e+00             278.926          -1.006e+01             262.732           1.716e+01     
  45.000          49.000           -5.979e+00          -7.996e+00             279.134          -1.028e+01             262.368           1.694e+01     
  45.000          50.000           -5.970e+00          -7.852e+00             279.341          -1.051e+01             261.971           1.674e+01     
  45.000          51.000           -5.959e+00          -7.712e+00             279.548          -1.075e+01             261.536           1.654e+01     
  45.000          52.000           -5.947e+00          -7.575e+00             279.754          -1.100e+01             261.060           1.636e+01     
  45.000          53.000           -5.933e+00          -7.442e+00             279.960          -1.126e+01             260.538           1.619e+01     
  45.000          54.000           -5.917e+00          -7.312e+00             280.166          -1.153e+01             259.964           1.603e+01     
  45.000          55.000           -5.899e+00          -7.185e+00             280.373          -1.181e+01             259.331           1.587e+01     
  45.000          56.000           -5.879e+00          -7.061e+00             280.580          -1.211e+01             258.632           1.573e+01     
  45.000          57.000           -5.857e+00          -6.940e+00             280.788          -1.242e+01             257.859           1.560e+01     
  45.000          58.000           -5.834e+00          -6.822e+00             280.996          -1.275e+01             257.001           1.547e+01     
  45.000          59.000           -5.808e+00          -6.707e+00             281.205          -1.309e+01             256.045           1.536e+01     
  45.000          60.000           -5.779e+00          -6.595e+00             281.416          -1.345e+01             254.979           1.526e+01     
  45.000          61.000           -5.749e+00          -6.485e+00             281.628          -1.382e+01             253.784           1.516e+01     
  45.000          62.000           -5.716e+00          -6.378e+00             281.841          -1.422e+01             252.441           1.507e+01     
  45.000          63.000           -5.682e+00          -6.274e+00             282.056          -1.463e+01             250.927           1.500e+01     
  45.000          64.000           -5.644e+00          -6.172e+00             282.272          -1.506e+01             249.214           1.493e+01     
  45.000          65.000           -5.605e+00          -6.073e+00             282.490          -1.551e+01             247.268           1.487e+01     
  45.000          66.000           -5.562e+00          -5.976e+00             282.710          -1.598e+01             245.050           1.483e+01     
  45.000          67.000           -5.518e+00          -5.882e+00             282.931          -1.646e+01             242.515           1.479e+01     
  45.000          68.000           -5.471e+00          -5.791e+00             283.154          -1.696e+01             239.608           1.476e+01     
  45.000          69.000           -5.421e+00          -5.701e+00             283.379          -1.746e+01             236.272           1.474e+01     
  45.000          70.000           -5.369e+00          -5.614e+00             283.606          -1.797e+01             232.444           1.472e+01     
  45.000          71.000           -5.314e+00          -5.530e+00             283.835          -1.846e+01             228.060           1.472e+01     
  45.000          72.000           -5.257e+00          -5.448e+00             284.065          -1.892e+01             223.071           1.473e+01     
  45.000          73.000           -5.197e+00          -5.368e+00             284.298          -1.933e+01             217.452           1.474e+01     
  45.000          74.000           -5.134e+00          -5.290e+00             284.532          -1.966e+01             211.224           1.477e+01     
  45.000          75.000           -5.069e+00          -5.215e+00             284.768          -1.988e+01             204.475           1.480e+01     
  45.000          76.000           -5.002e+00          -5.142e+00             285.006          -1.997e+01             197.365           1.484e+01     
  45.000          77.000           -4.932e+00          -5.071e+00             285.246          -1.992e+01             190.119           1.489e+01     
  45.000          78.000           -4.859e+00          -5.003e+00             285.487          -1.972e+01             182.988           1.494e+01     
  45.000          79.000           -4.784e+00          -4.937e+00             285.731          -1.939e+01             176.201           1.501e+01     
  45.000          80.000           -4.707e+00          -4.873e+00             285.976          -1.896e+01             169.926           1.508e+01     
  45.000          81.000           -4.627e+00          -4.811e+00             286.222          -1.844e+01             164.260           1.516e+01     
  45.000          82.000           -4.544e+00          -4.752e+00             286.470          -1.786e+01             159.230           1.525e+01     
  45.000          83.000           -4.460e+00          -4.694e+00             286.720          -1.725e+01             154.816           1.534e+01     
  45.000          84.000           -4.373e+00          -4.639e+00             286.971          -1.663e+01             150.968           1.544e+01     
  45.000          85.000           -4.284e+00          -4.587e+00             287.223          -1.601e+01             147.626           1.555e+01     
  45.000          86.000           -4.193e+00          -4.536e+00             287.477          -1.539e+01             144.725           1.567e+01     
  45.000          87.000           -4.100e+00          -4.488e+00             287.732          -1.479e+01             142.207           1.579e+01     
  45.000          88.000           -4.005e+00          -4.442e+00             287.988          -1.420e+01             140.017           1.592e+01     
  45.000          89.000           -3.908e+00          -4.398e+00             288.245          -1.363e+01             138.109           1.605e+01     
  45.000          90.000           -3.810e+00          -4.357e+00             288.503          -1.308e+01             136.443           1.619e+01     
  45.000          91.000           -3.709e+00          -4.318e+00             288.762          -1.254e+01             134.985           1.634e+01     
  45.000          92.000           -3.607e+00          -4.281e+00             289.021          -1.203e+01             133.705           1.649e+01     
  45.000          93.000           -3.504e+00          -4.247e+00             289.282          -1.154e+01             132.581           1.665e+01     
  45.000          94.000           -3.399e+00          -4.215e+00             289.543          -1.106e+01             131.591           1.681e+01     
  45.000          95.000           -3.292e+00          -4.186e+00             289.804          -1.060e+01             130.718           1.697e+01     
  45.000          96.000           -3.184e+00          -4.159e+00             290.066          -1.015e+01             129.948           1.715e+01     
  45.000          97.000           -3.075e+00          -4.134e+00             290.328          -9.724e+00             129.268           1.732e+01     
  45.000          98.000           -2.965e+00          -4.112e+00             290.590          -9.310e+00             128.667           1.750e+01     
  45.000          99.000           -2.854e+00          -4.092e+00             290.853          -8.909e+00             128.137           1.769e+01     
  45.000         100.000           -2.742e+00          -4.075e+00             291.115          -8.521e+00             127.670           1.788e+01     
  45.000         101.000           -2.629e+00          -4.061e+00             291.378          -8.145e+00             127.257           1.807e+01     
  45.000         102.000           -2.516e+00          -4.049e+00             291.640          -7.781e+00             126.895           1.827e+01     
  45.000         103.000           -2.402e+00          -4.040e+00             291.902          -7.428e+00             126.578           1.847e+01     
  45.000         104.000           -2.287e+00          -4.034e+00             292.163          -7.085e+00             126.300           1.867e+01     
  45.000         105.000           -2.172e+00          -4.031e+00             292.424          -6.753e+00             126.059           1.888e+01     
  45.000         106.000           -2.056e+00          -4.030e+00             292.685          -6.429e+00             125.850           1.909e+01     
  45.000         107.000           -1.940e+00          -4.033e+00             292.944          -6.115e+00             125.671           1.931e+01     
  45.000         108.000           -1.824e+00          -4.038e+00             293.203          -5.810e+00             125.519           1.952e+01     
  45.000         109.000           -1.708e+00          -4.046e+00             293.462          -5.513e+00             125.390           1.975e+01     
  45.000         110.000           -1.591e+00          -4.058e+00             293.719          -5.223e+00             125.284           1.997e+01     
  45.000         111.000           -1.475e+00          -4.073e+00             293.975          -4.942e+00             125.198           2.020e+01     
  45.000         112.000           -1.359e+00          -4.090e+00             294.231          -4.667e+00             125.129           2.043e+01     
  45.000         113.000           -1.243e+00          -4.112e+00             294.485          -4.400e+00             125.078           2.066e+01     
  45.000         114.000           -1.128e+00          -4.136e+00             294.738          -4.140e+00             125.041           2.090e+01     
  45.000         115.000           -1.012e+00          -4.164e+00             294.989          -3.885e+00             125.018           2.114e+01     
  45.000         116.000           -8.974e-01          -4.196e+00             295.240          -3.638e+00             125.008           2.138e+01     
  45.000         117.000           -7.831e-01          -4.231e+00             295.489          -3.396e+00             125.009           2.163e+01     
  45.000         118.000           -6.693e-01          -4.270e+00             295.736          -3.160e+00             125.020           2.188e+01     
  45.000         119.000           -5.562e-01          -4.313e+00             295.983          -2.930e+00             125.041           2.213e+01     
  45.000         120.000           -4.438e-01          -4.359e+00             296.227          -2.706e+00             125.070           2.239e+01     
  45.000         121.000           -3.322e-01          -4.410e+00             296.470          -2.486e+00             125.107           2.265e+01     
  45.000         122.000           -2.214e-01          -4.465e+00             296.712          -2.273e+00             125.151           2.292e+01     
  45.000         123.000           -1.116e-01          -4.524e+00             296.952          -2.064e+00             125.202           2.319e+01     
  45.000         124.000           -2.656e-03          -4.587e+00             297.190          -1.860e+00             125.258           2.346e+01     
  45.000         125.000            1.052e-01          -4.655e+00             297.427          -1.661e+00             125.319           2.374e+01     
  45.000         126.000            2.120e-01          -4.728e+00             297.662          -1.467e+00             125.385           2.402e+01     
  45.000         127.000            3.177e-01          -4.805e+00             297.896          -1.277e+00             125.455           2.430e+01     
  45.000         128.000            4.222e-01          -4.888e+00             298.128          -1.093e+00             125.528           2.460e+01     
  45.000         129.000            5.254e-01          -4.975e+00             298.358          -9.121e-01             125.605           2.489e+01     
  45.000         130.000            6.273e-01          -5.068e+00             298.588          -7.361e-01             125.684           2.520e+01     
  45.000         131.000            7.279e-01          -5.166e+00             298.815          -5.645e-01             125.766           2.551e+01     
  45.000         132.000            8.271e-01          -5.270e+00             299.042          -3.971e-01             125.850           2.582e+01     
  45.000         133.000            9.248e-01          -5.380e+00             299.267          -2.338e-01             125.935           2.614e+01     
  45.000         134.000            1.021e+00          -5.496e+00             299.491          -7.477e-02             126.022           2.648e+01     
  45.000         135.000            1.116e+00          -5.618e+00             299.715           8.024e-02             126.109           2.682e+01     
  45.000         136.000            1.209e+00          -5.746e+00             299.937           2.312e-01             126.198           2.716e+01     
  45.000         137.000            1.301e+00          -5.882e+00             300.159           3.782e-01             126.287           2.752e+01     
  45.000         138.000            1.390e+00          -6.024e+00             300.381           5.213e-01             126.376           2.789e+01     
  45.000         139.000            1.479e+00          -6.174e+00             300.602           6.605e-01             126.465           2.827e+01     
  45.000         140.000            1.565e+00          -6.331e+00             300.824           7.958e-01             126.554           2.867e+01     
  45.000         141.000            1.650e+00          -6.497e+00             301.045           9.274e-01             126.642           2.908e+01     
  45.000         142.000            1.733e+00          -6.671e+00             301.268           1.055e+00             126.730           2.950e+01     
  45.000         143.000            1.814e+00          -6.854e+00             301.492           1.179e+00             126.817           2.994e+01     
  45.000         144.000            1.893e+00          -7.046e+00             301.718           1.299e+00             126.904           3.040e+01     
  45.000         145.000            1.970e+00          -7.248e+00             301.945           1.416e+00             126.989           3.088e+01     
  45.000         146.000            2.045e+00          -7.460e+00             302.176           1.529e+00             127.073           3.139e+01     
  45.000         147.000            2.119e+00          -7.682e+00             302.410           1.638e+00             127.155           3.192e+01     
  45.000         148.000            2.190e+00          -7.917e+00             302.648           1.744e+00             127.236           3.249e+01     
  45.000         149.000            2.259e+00          -8.163e+00             302.892           1.846e+00             127.315           3.309e+01     
  45.000         150.000            2.326e+00          -8.422e+00             303.141           1.945e+00             127.393           3.373e+01     
  45.000         151.000            2.392e+00          -8.696e+00             303.399           2.040e+00             127.468           3.441e+01     
  45.000         152.000            2.455e+00          -8.983e+00             303.665           2.131e+00             127.542           3.516e+01     
  45.000         153.000            2.516e+00          -9.287e+00             303.942           2.219e+00             127.614           3.597e+01     
  45.000         154.000            2.574e+00          -9.607e+00             304.232           2.303e+00             127.683           3.686e+01     
  45.000         155.000            2.631e+00          -9.945e+00             304.536           2.384e+00             127.750           3.785e+01     
  45.000         156.000            2.685e+00          -1.030e+01             304.858           2.462e+00             127.815           3.896e+01     
  45.000         157.000            2.738e+00          -1.068e+01             305.202           2.535e+00             127.878           4.000e+01     
  45.000         158.000            2.788e+00          -1.109e+01             305.570           2.606e+00             127.938           4.000e+01     
  45.000         159.000            2.835e+00          -1.152e+01             305.969           2.673e+00             127.996           4.000e+01     
  45.000         160.000            2.881e+00          -1.197e+01             306.404           2.736e+00             128.051           4.000e+01     
  45.000         161.000            2.924e+00          -1.246e+01             306.884           2.796e+00             128.104           4.000e+01     
  45.000         162.000            2.965e+00          -1.298e+01             307.417           2.853e+00             128.154           4.000e+01     
  45.000         163.000            3.003e+00          -1.355e+01             308.016           2.906e+00             128.202           4.000e+01     
  45.000         164.000            3.039e+00          -1.416e+01             308.697           2.956e+00             128.247           4.000e+01     
  45.000         165.000            3.073e+00          -1.482e+01             309.482           3.002e+00             128.289           4.000e+01     
  45.000         166.000            3.105e+00          -1.553e+01             310.399           3.045e+00             128.328           4.000e+01     
  45.000         167.000            3.134e+00          -1.632e+01             311.490           3.085e+00             128.365           4.000e+01     
  45.000         168.000            3.161e+00          -1.719e+01             312.809           3.121e+00             128.400           4.000e+01     
  45.000         169.000            3.185e+00          -1.816e+01             314.443           3.153e+00             128.431           4.000e+01     
  45.000         170.000            3.207e+00          -1.924e+01             316.516           3.182e+00             128.460           3.954e+01     
  45.000         171.000            3.227e+00          -2.048e+01             319.233           3.208e+00             128.487           3.831e+01     
  45.000         172.000            3.244e+00          -2.189e+01             322.930           3.231e+00             128.510           3.722e+01     
  45.000         173.000            3.259e+00          -2.352e+01             328.202           3.250e+00             128.531           3.624e+01     
  45.000         174.000            3.271e+00          -2.540e+01             336.142           3.265e+00             128.550           3.536e+01     
  45.000         175.000            3.281e+00          -2.746e+01             348.744           3.277e+00             128.566           3.455e+01     
  45.000         176.000            3.289e+00          -2.928e+01               8.737           3.286e+00             128.579           3.381e+01     
  45.000         177.000            3.294e+00          -2.981e+01              35.381           3.292e+00             128.590           3.311e+01     
  45.000         178.000            3.296e+00          -2.856e+01              59.767           3.294e+00             128.598           3.246e+01     
  45.000         179.000            3.297e+00          -2.653e+01              76.207           3.292e+00             128.604           3.185e+01     
  45.000         180.000            3.294e+00          -2.452e+01              86.422           3.287e+00             128.608           3.127e+01     
  45.000         181.000            3.290e+00          -2.274e+01              92.974           3.279e+00             128.609           3.073e+01     
  45.000         182.000            3.283e+00          -2.120e+01              97.412           3.267e+00             128.608           3.021e+01     
  45.000         183.000            3.273e+00          -1.987e+01             100.570           3.252e+00             128.605           2.971e+01     
  45.000         184.000            3.261e+00          -1.869e+01             102.908           3.234e+00             128.600           2.923e+01     
  45.000         185.000            3.247e+00          -1.765e+01             104.695           3.212e+00             128.592           2.877e+01     
  45.000         186.000            3.230e+00          -1.672e+01             106.094           3.186e+00             128.583           2.833e+01     
  45.000         187.000            3.211e+00          -1.589e+01             107.212           3.157e+00             128.572           2.791e+01     
  45.000         188.000            3.190e+00          -1.512e+01             108.117           3.125e+00             128.559           2.750e+01     
  45.000         189.000            3.166e+00          -1.442e+01             108.860           3.089e+00             128.545           2.710e+01     
  45.000         190.000            3.140e+00          -1.378e+01             109.475           3.050e+00             128.529           2.671e+01     
  45.000         191.000            3.111e+00          -1.318e+01             109.987           3.008e+00             128.511           2.634e+01     
  45.000         192.000            3.080e+00          -1.263e+01             110.415           2.962e+00             128.493           2.597e+01     
  45.000         193.000            3.047e+00          -1.211e+01             110.773           2.912e+00             128.473           2.561e+01     
  45.000         194.000            3.011e+00          -1.163e+01             111.073           2.859e+00             128.451           2.526e+01     
  45.000         195.000            2.973e+00          -1.118e+01             111.323           2.803e+00             128.430           2.492e+01     
  45.000         196.000            2.933e+00          -1.075e+01             111.531           2.743e+00             128.407           2.459e+01     
  45.000         197.000            2.890e+00          -1.035e+01             111.702           2.679e+00             128.383           2.426e+01     
  45.000         198.000            2.845e+00          -9.976e+00             111.840           2.612e+00             128.359           2.394e+01     
  45.000         199.000            2.798e+00          -9.619e+00             111.950           2.542e+00             128.335           2.363e+01     
  45.000         200.000            2.749e+00          -9.281e+00             112.034           2.468e+00             128.311           2.332e+01     
  45.000         201.000            2.697e+00          -8.961e+00             112.096           2.390e+00             128.287           2.301e+01     
  45.000         202.000            2.644e+00          -8.657e+00             112.137           2.309e+00             128.263           2.272e+01     
  45.000         203.000            2.588e+00          -8.368e+00             112.160           2.224e+00             128.239           2.242e+01     
  45.000         204.000            2.530e+00          -8.094e+00             112.166           2.136e+00             128.217           2.213e+01     
  45.000         205.000            2.470e+00          -7.833e+00             112.157           2.044e+00             128.195           2.184e+01     
  45.000         206.000            2.407e+00          -7.584e+00             112.133           1.949e+00             128.174           2.156e+01     
  45.000         207.000            2.343e+00          -7.348e+00             112.097           1.850e+00             128.155           2.128e+01     
  45.000         208.000            2.277e+00          -7.122e+00             112.048           1.747e+00             128.137           2.101e+01     
  45.000         209.000            2.208e+00          -6.908e+00             111.988           1.641e+00             128.121           2.073e+01     
  45.000         210.000            2.138e+00          -6.703e+00             111.918           1.530e+00             128.108           2.046e+01     
  45.000         211.000            2.066e+00          -6.508e+00             111.838           1.417e+00             128.097           2.020e+01     
  45.000         212.000            1.992e+00          -6.322e+00             111.749           1.299e+00             128.090           1.993e+01     
  45.000         213.000            1.916e+00          -6.145e+00             111.651           1.178e+00             128.085           1.967e+01     
  45.000         214.000            1.838e+00          -5.976e+00             111.545           1.052e+00             128.084           1.941e+01     
  45.000         215.000            1.758e+00          -5.815e+00             111.431           9.233e-01             128.087           1.916e+01     
  45.000         216.000            1.677e+00          -5.662e+00             111.310           7.904e-01             128.095           1.890e+01     
  45.000         217.000            1.593e+00          -5.516e+00             111.182           6.536e-01             128.107           1.865e+01     
  45.000         218.000            1.509e+00          -5.377e+00             111.048           5.129e-01             128.125           1.840e+01     
  45.000         219.000            1.422e+00          -5.244e+00             110.908           3.681e-01             128.149           1.815e+01     
  45.000         220.000            1.334e+00          -5.118e+00             110.762           2.194e-01             128.179           1.790e+01     
  45.000         221.000            1.244e+00          -4.999e+00             110.611           6.664e-02             128.215           1.766e+01     
  45.000         222.000            1.153e+00          -4.886e+00             110.454          -9.025e-02             128.260           1.742e+01     
  45.000         223.000            1.061e+00          -4.778e+00             110.293          -2.513e-01             128.312           1.718e+01     
  45.000         224.000            9.666e-01          -4.676e+00             110.126          -4.165e-01             128.374           1.694e+01     
  45.000         225.000            8.712e-01          -4.579e+00             109.956          -5.860e-01             128.444           1.670e+01     
  45.000         226.000            7.746e-01          -4.488e+00             109.781          -7.598e-01             128.525           1.646e+01     
  45.000         227.000            6.768e-01          -4.402e+00             109.602          -9.380e-01             128.617           1.623e+01     
  45.000         228.000            5.778e-01          -4.321e+00             109.420          -1.121e+00             128.721           1.600e+01     
  45.000         229.000            4.777e-01          -4.245e+00             109.234          -1.308e+00             128.838           1.577e+01     
  45.000         230.000            3.765e-01          -4.173e+00             109.045          -1.499e+00             128.969           1.554e+01     
  45.000         231.000            2.744e-01          -4.106e+00             108.852          -1.696e+00             129.114           1.531e+01     
  45.000         232.000            1.713e-01          -4.044e+00             108.657          -1.897e+00             129.276           1.508e+01     
  45.000         233.000            6.745e-02          -3.986e+00             108.459          -2.103e+00             129.454           1.486e+01     
  45.000         234.000           -3.720e-02          -3.932e+00             108.259          -2.313e+00             129.652           1.464e+01     
  45.000         235.000           -1.425e-01          -3.882e+00             108.056          -2.529e+00             129.869           1.442e+01     
  45.000         236.000           -2.485e-01          -3.836e+00             107.851          -2.749e+00             130.107           1.420e+01     
  45.000         237.000           -3.550e-01          -3.794e+00             107.644          -2.975e+00             130.369           1.398e+01     
  45.000         238.000           -4.620e-01          -3.756e+00             107.436          -3.206e+00             130.655           1.376e+01     
  45.000         239.000           -5.693e-01          -3.722e+00             107.225          -3.442e+00             130.968           1.355e+01     
  45.000         240.000           -6.770e-01          -3.691e+00             107.014          -3.684e+00             131.310           1.334e+01     
  45.000         241.000           -7.848e-01          -3.664e+00             106.801          -3.930e+00             131.683           1.313e+01     
  45.000         242.000           -8.928e-01          -3.640e+00             106.587          -4.183e+00             132.089           1.293e+01     
  45.000         243.000           -1.001e+00          -3.620e+00             106.372          -4.441e+00             132.532           1.272e+01     
  45.000         244.000           -1.109e+00          -3.603e+00             106.157          -4.705e+00             133.013           1.252e+01     
  45.000         245.000           -1.216e+00          -3.590e+00             105.941          -4.974e+00             133.536           1.232e+01     
  45.000         246.000           -1.324e+00          -3.579e+00             105.725          -5.249e+00             134.105           1.212e+01     
  45.000         247.000           -1.431e+00          -3.572e+00             105.508          -5.530e+00             134.723           1.193e+01     
  45.000         248.000           -1.538e+00          -3.568e+00             105.292          -5.816e+00             135.393           1.174e+01     
  45.000         249.000           -1.644e+00          -3.567e+00             105.076          -6.109e+00             136.121           1.155e+01     
  45.000         250.000           -1.750e+00          -3.569e+00             104.860          -6.407e+00             136.911           1.137e+01     
  45.000         251.000           -1.855e+00          -3.574e+00             104.645          -6.710e+00             137.768           1.119e+01     
  45.000         252.000           -1.959e+00          -3.582e+00             104.430          -7.019e+00             138.698           1.101e+01     
  45.000         253.000           -2.062e+00          -3.593e+00             104.216          -7.333e+00             139.706           1.084e+01     
  45.000         254.000           -2.164e+00          -3.606e+00             104.004          -7.652e+00             140.799           1.067e+01     
  45.000         255.000           -2.265e+00          -3.623e+00             103.793          -7.975e+00             141.984           1.050e+01     
  45.000         256.000           -2.365e+00          -3.642e+00             103.583          -8.302e+00             143.268           1.034e+01     
  45.000         257.000           -2.463e+00          -3.664e+00             103.375          -8.632e+00             144.658           1.019e+01     
  45.000         258.000           -2.560e+00          -3.689e+00             103.168          -8.964e+00             146.163           1.004e+01     
  45.000         259.000           -2.656e+00          -3.716e+00             102.964          -9.298e+00             147.791           9.891e+00     
  45.000         260.000           -2.749e+00          -3.746e+00             102.762          -9.631e+00             149.549           9.752e+00     
  45.000         261.000           -2.842e+00          -3.779e+00             102.562          -9.963e+00             151.446           9.617e+00     
  45.000         262.000           -2.932e+00          -3.814e+00             102.365          -1.029e+01             153.489           9.489e+00     
  45.000         263.000           -3.021e+00          -3.852e+00             102.171          -1.061e+01             155.685           9.367e+00     
  45.000         264.000           -3.108e+00          -3.892e+00             101.979          -1.093e+01             158.039           9.251e+00     
  45.000         265.000           -3.193e+00          -3.935e+00             101.791          -1.123e+01             160.554           9.142e+00     
  45.000         266.000           -3.275e+00          -3.980e+00             101.606          -1.152e+01             163.231           9.039e+00     
  45.000         267.000           -3.356e+00          -4.028e+00             101.424          -1.179e+01             166.067           8.944e+00     
  45.000         268.000           -3.435e+00          -4.079e+00             101.246          -1.204e+01             169.055           8.856e+00     
  45.000         269.000           -3.511e+00          -4.132e+00             101.072          -1.227e+01             172.185           8.776e+00     
  45.000         270.000           -3.585e+00          -4.187e+00             100.902          -1.246e+01             175.440           8.703e+00     
  45.000         271.000           -3.657e+00          -4.245e+00             100.737          -1.263e+01             178.800           8.638e+00     
  45.000         272.000           -3.726e+00          -4.305e+00             100.575          -1.276e+01             182.239           8.581e+00     
  45.000         273.000           -3.794e+00          -4.368e+00             100.418          -1.286e+01             185.728           8.532e+00     
  45.000         274.000           -3.859e+00          -4.434e+00             100.266          -1.292e+01             189.237           8.492e+00     
  45.000         275.000           -3.921e+00          -4.502e+00             100.119          -1.295e+01             192.733           8.459e+00     
  45.000         276.000           -3.981e+00          -4.572e+00              99.977          -1.294e+01             196.186           8.435e+00     
  45.000         277.000           -4.039e+00          -4.645e+00              99.840          -1.289e+01             199.566           8.419e+00     
  45.000         278.000           -4.095e+00          -4.720e+00              99.709          -1.282e+01             202.849           8.411e+00     
  45.000         279.000           -4.148e+00          -4.798e+00              99.584          -1.272e+01             206.014           8.411e+00     
  45.000         280.000           -4.199e+00          -4.878e+00              99.464          -1.259e+01             209.044           8.420e+00     
  45.000         281.000           -4.247e+00          -4.961e+00              99.350          -1.244e+01             211.929           8.437e+00     
  45.000         282.000           -4.294e+00          -5.047e+00              99.243          -1.227e+01             214.663           8.461e+00     
  45.000         283.000           -4.338e+00          -5.135e+00              99.142          -1.209e+01             217.242           8.494e+00     
  45.000         284.000           -4.380e+00          -5.225e+00              99.048          -1.190e+01             219.668           8.533e+00     
  45.000         285.000           -4.420e+00          -5.319e+00              98.960          -1.170e+01             221.943           8.581e+00     
  45.000         286.000           -4.458e+00          -5.414e+00              98.879          -1.150e+01             224.072           8.635e+00     
  45.000         287.000           -4.494e+00          -5.513e+00              98.806          -1.129e+01             226.063           8.697e+00     
  45.000         288.000           -4.528e+00          -5.614e+00              98.739          -1.108e+01             227.922           8.765e+00     
  45.000         289.000           -4.560e+00          -5.718e+00              98.680          -1.087e+01             229.658           8.839e+00     
  45.000         290.000           -4.590e+00          -5.825e+00              98.629          -1.066e+01             231.278           8.920e+00     
  45.000         291.000           -4.619e+00          -5.934e+00              98.585          -1.045e+01             232.791           9.007e+00     
  45.000         292.000           -4.646e+00          -6.047e+00              98.549          -1.024e+01             234.205           9.100e+00     
  45.000         293.000           -4.671e+00          -6.162e+00              98.522          -1.004e+01             235.527           9.198e+00     
  45.000         294.000           -4.695e+00          -6.280e+00              98.502          -9.843e+00             236.764           9.301e+00     
  45.000         295.000           -4.718e+00          -6.401e+00              98.492          -9.649e+00             237.923           9.409e+00     
  45.000         296.000           -4.739e+00          -6.525e+00              98.489          -9.461e+00             239.011           9.522e+00     
  45.000         297.000           -4.759e+00          -6.652e+00              98.496          -9.278e+00             240.032           9.640e+00     
  45.000         298.000           -4.778e+00          -6.782e+00              98.511          -9.100e+00             240.994           9.761e+00     
  45.000         299.000           -4.796e+00          -6.916e+00              98.536          -8.927e+00             241.900           9.887e+00     
  45.000         300.000           -4.812e+00          -7.053e+00              98.569          -8.759e+00             242.755           1.002e+01     
  45.000         301.000           -4.828e+00          -7.193e+00              98.613          -8.597e+00             243.563           1.015e+01     
  45.000         302.000           -4.843e+00          -7.336e+00              98.665          -8.440e+00             244.329           1.029e+01     
  45.000         303.000           -4.857e+00          -7.483e+00              98.728          -8.288e+00             245.055           1.043e+01     
  45.000         304.000           -4.870e+00          -7.633e+00              98.800          -8.142e+00             245.746           1.057e+01     
  45.000         305.000           -4.882e+00          -7.788e+00              98.883          -8.001e+00             246.403           1.072e+01     
  45.000         306.000           -4.894e+00          -7.945e+00              98.976          -7.864e+00             247.030           1.087e+01     
  45.000         307.000           -4.906e+00          -8.107e+00              99.080          -7.733e+00             247.630           1.102e+01     
  45.000         308.000           -4.917e+00          -8.273e+00              99.194          -7.606e+00             248.203           1.117e+01     
  45.000         309.000           -4.927e+00          -8.443e+00              99.319          -7.485e+00             248.753           1.133e+01     
  45.000         310.000           -4.937e+00          -8.617e+00              99.456          -7.368e+00             249.282           1.149e+01     
  45.000         311.000           -4.947e+00          -8.795e+00              99.604          -7.255e+00             249.791           1.165e+01     
  45.000         312.000           -4.956e+00          -8.978e+00              99.764          -7.147e+00             250.281           1.182e+01     
  45.000         313.000           -4.965e+00          -9.166e+00              99.936          -7.043e+00             250.755           1.198e+01     
  45.000         314.000           -4.974e+00          -9.358e+00             100.120          -6.943e+00             251.213           1.215e+01     
  45.000         315.000           -4.983e+00          -9.555e+00             100.317          -6.847e+00             251.657           1.232e+01     
  45.000         316.000           -4.992e+00          -9.758e+00             100.527          -6.756e+00             252.088           1.250e+01     
  45.000         317.000           -5.001e+00          -9.966e+00             100.750          -6.668e+00             252.506           1.267e+01     
  45.000         318.000           -5.009e+00          -1.018e+01             100.987          -6.584e+00             252.914           1.285e+01     
  45.000         319.000           -5.018e+00          -1.040e+01             101.239          -6.503e+00             253.310           1.303e+01     
  45.000         320.000           -5.027e+00          -1.063e+01             101.506          -6.426e+00             253.697           1.322e+01     
  45.000         321.000           -5.035e+00          -1.086e+01             101.789          -6.353e+00             254.075           1.340e+01     
  45.000         322.000           -5.044e+00          -1.110e+01             102.088          -6.283e+00             254.445           1.359e+01     
  45.000         323.000           -5.053e+00          -1.134e+01             102.404          -6.216e+00             254.807           1.378e+01     
  45.000         324.000           -5.062e+00          -1.160e+01             102.739          -6.152e+00             255.161           1.397e+01     
  45.000         325.000           -5.071e+00          -1.186e+01             103.092          -6.092e+00             255.508           1.417e+01     
  45.000         326.000           -5.080e+00          -1.213e+01             103.467          -6.034e+00             255.849           1.437e+01     
  45.000         327.000           -5.089e+00          -1.241e+01             103.863          -5.980e+00             256.183           1.457e+01     
  45.000         328.000           -5.099e+00          -1.270e+01             104.282          -5.929e+00             256.512           1.478e+01     
  45.000         329.000           -5.108e+00          -1.299e+01             104.727          -5.880e+00             256.834           1.498e+01     
  45.000         330.000           -5.118e+00          -1.330e+01             105.199          -5.834e+00             257.152           1.520e+01     
  45.000         331.000           -5.128e+00          -1.362e+01             105.702          -5.791e+00             257.464           1.541e+01     
  45.000         332.000           -5.139e+00          -1.395e+01             106.237          -5.750e+00             257.771           1.563e+01     
  45.000         333.000           -5.149e+00          -1.430e+01             106.808          -5.712e+00             258.073           1.585e+01     
  45.000         334.000           -5.160e+00          -1.466e+01             107.419          -5.676e+00             258.370           1.608e+01     
  45.000         335.000           -5.170e+00          -1.503e+01             108.075          -5.643e+00             258.662           1.631e+01     
  45.000         336.000           -5.181e+00          -1.542e+01             108.781          -5.613e+00             258.949           1.655e+01     
  45.000         337.000           -5.193e+00          -1.583e+01             109.545          -5.585e+00             259.232           1.679e+01     
  45.000         338.000           -5.204e+00          -1.626e+01             110.373          -5.559e+00             259.510           1.704e+01     
  45.000         339.000           -5.216e+00          -1.671e+01             111.276          -5.535e+00             259.784           1.729e+01     
  45.000         340.000           -5.228e+00          -1.718e+01             112.265          -5.514e+00             260.052           1.755e+01     
  45.000         341.000           -5.240e+00          -1.768e+01             113.355          -5.495e+00             260.316           1.782e+01     
  45.000         342.000           -5.252e+00          -1.820e+01             114.564          -5.478e+00             260.575           1.809e+01     
  45.000         343.000           -5.265e+00          -1.875e+01             115.914          -5.464e+00             260.829           1.837e+01     
  45.000         344.000           -5.277e+00          -1.934e+01             117.434          -5.451e+00             261.078           1.866e+01     
  45.000         345.000           -5.290e+00          -1.997e+01             119.160          -5.441e+00             261.323           1.896e+01     
  45.000         346.000           -5.303e+00          -2.063e+01             121.137          -5.433e+00             261.562           1.927e+01     
  45.000         347.000           -5.316e+00          -2.134e+01             123.428          -5.426e+00             261.796           1.959e+01     
  45.000         348.000           -5.330e+00          -2.209e+01             126.112          -5.422e+00             262.025           1.992e+01     
  45.000         349.000           -5.343e+00          -2.290e+01             129.294          -5.420e+00             262.248           2.026e+01     
  45.000         350.000           -5.357e+00          -2.375e+01             133.115          -5.421e+00             262.466           2.061e+01     
  45.000         351.000           -5.371e+00          -2.465e+01             137.757          -5.423e+00             262.678           2.098e+01     
  45.000         352.000           -5.385e+00          -2.558e+01             143.453          -5.427e+00             262.885           2.137e+01     
  45.000         353.000           -5.399e+00          -2.650e+01             150.473          -5.433e+00             263.086           2.177e+01     
  45.000         354.000           -5.414e+00          -2.736e+01             159.071          -5.441e+00             263.282           2.219e+01     
  45.000         355.000           -5.428e+00          -2.807e+01             169.354          -5.452e+00             263.471           2.264e+01     
  45.000         356.000           -5.443e+00          -2.850e+01             181.066          -5.464e+00             263.654           2.311e+01     
  45.000         357.000           -5.457e+00          -2.856e+01             193.451          -5.479e+00             263.831           2.360e+01     
  45.000         358.000           -5.472e+00          -2.823e+01             205.452          -5.495e+00             264.003           2.413e+01     
  45.000         359.000           -5.487e+00          -2.759e+01             216.188          -5.514e+00             264.167           2.469e+01     
