Theta [deg.]  Phi   [deg.]  Abs(Dir.)[dBi   ]   Abs(Theta)[dBi   ]  Phase(Theta)[deg.]  Abs(Phi  )[dBi   ]  Phase(Phi  )[deg.]  Ax.Ratio[dB    ]    
------------------------------------------------------------------------------------------------------------------------------------------------------
   0.000           0.000            2.823e+00          -1.410e+01             257.383           2.734e+00             224.807           2.234e+01     
   0.000           1.000            2.823e+00          -1.325e+01             253.992           2.714e+00             224.730           2.234e+01     
   0.000           2.000            2.823e+00          -1.244e+01             251.192           2.692e+00             224.652           2.234e+01     
   0.000           3.000            2.823e+00          -1.169e+01             248.850           2.667e+00             224.573           2.234e+01     
   0.000           4.000            2.823e+00          -1.100e+01             246.868           2.639e+00             224.494           2.234e+01     
   0.000           5.000            2.823e+00          -1.035e+01             245.170           2.608e+00             224.415           2.234e+01     
   0.000           6.000            2.823e+00          -9.736e+00             243.702           2.575e+00             224.335           2.234e+01     
   0.000           7.000            2.823e+00          -9.164e+00             242.421           2.539e+00             224.254           2.234e+01     
   0.000           8.000            2.823e+00          -8.627e+00             241.293           2.500e+00             224.173           2.234e+01     
   0.000           9.000            2.823e+00          -8.120e+00             240.294           2.458e+00             224.090           2.234e+01     
   0.000          10.000            2.823e+00          -7.642e+00             239.401           2.414e+00             224.008           2.234e+01     
   0.000          11.000            2.823e+00          -7.189e+00             238.599           2.367e+00             223.924           2.234e+01     
   0.000          12.000            2.823e+00          -6.760e+00             237.875           2.316e+00             223.839           2.234e+01     
   0.000          13.000            2.823e+00          -6.352e+00             237.217           2.263e+00             223.753           2.234e+01     
   0.000          14.000            2.823e+00          -5.964e+00             236.616           2.207e+00             223.666           2.234e+01     
   0.000          15.000            2.823e+00          -5.595e+00             236.066           2.148e+00             223.578           2.234e+01     
   0.000          16.000            2.823e+00          -5.242e+00             235.560           2.086e+00             223.489           2.234e+01     
   0.000          17.000            2.823e+00          -4.905e+00             235.092           2.020e+00             223.398           2.234e+01     
   0.000          18.000            2.823e+00          -4.583e+00             234.659           1.952e+00             223.306           2.234e+01     
   0.000          19.000            2.823e+00          -4.274e+00             234.256           1.880e+00             223.213           2.234e+01     
   0.000          20.000            2.823e+00          -3.978e+00             233.880           1.805e+00             223.117           2.234e+01     
   0.000          21.000            2.823e+00          -3.694e+00             233.528           1.727e+00             223.021           2.234e+01     
   0.000          22.000            2.823e+00          -3.421e+00             233.198           1.645e+00             222.922           2.234e+01     
   0.000          23.000            2.823e+00          -3.159e+00             232.888           1.561e+00             222.821           2.234e+01     
   0.000          24.000            2.823e+00          -2.907e+00             232.596           1.472e+00             222.719           2.234e+01     
   0.000          25.000            2.823e+00          -2.664e+00             232.320           1.380e+00             222.614           2.234e+01     
   0.000          26.000            2.823e+00          -2.431e+00             232.058           1.284e+00             222.507           2.234e+01     
   0.000          27.000            2.823e+00          -2.206e+00             231.810           1.185e+00             222.398           2.234e+01     
   0.000          28.000            2.823e+00          -1.989e+00             231.574           1.082e+00             222.286           2.234e+01     
   0.000          29.000            2.823e+00          -1.779e+00             231.350           9.750e-01             222.171           2.234e+01     
   0.000          30.000            2.823e+00          -1.578e+00             231.136           8.640e-01             222.053           2.234e+01     
   0.000          31.000            2.823e+00          -1.383e+00             230.932           7.489e-01             221.933           2.234e+01     
   0.000          32.000            2.823e+00          -1.195e+00             230.736           6.296e-01             221.809           2.234e+01     
   0.000          33.000            2.823e+00          -1.013e+00             230.549           5.061e-01             221.681           2.234e+01     
   0.000          34.000            2.823e+00          -8.379e-01             230.369           3.781e-01             221.550           2.234e+01     
   0.000          35.000            2.823e+00          -6.685e-01             230.196           2.456e-01             221.414           2.234e+01     
   0.000          36.000            2.823e+00          -5.049e-01             230.029           1.084e-01             221.275           2.234e+01     
   0.000          37.000            2.823e+00          -3.468e-01             229.869          -3.371e-02             221.131           2.234e+01     
   0.000          38.000            2.823e+00          -1.942e-01             229.714          -1.808e-01             220.982           2.234e+01     
   0.000          39.000            2.823e+00          -4.664e-02             229.565          -3.330e-01             220.827           2.234e+01     
   0.000          40.000            2.823e+00           9.586e-02             229.420          -4.905e-01             220.667           2.234e+01     
   0.000          41.000            2.823e+00           2.335e-01             229.280          -6.536e-01             220.502           2.234e+01     
   0.000          42.000            2.823e+00           3.665e-01             229.144          -8.225e-01             220.329           2.234e+01     
   0.000          43.000            2.823e+00           4.948e-01             229.013          -9.973e-01             220.150           2.234e+01     
   0.000          44.000            2.823e+00           6.188e-01             228.885          -1.178e+00             219.963           2.234e+01     
   0.000          45.000            2.823e+00           7.384e-01             228.760          -1.366e+00             219.768           2.234e+01     
   0.000          46.000            2.823e+00           8.539e-01             228.639          -1.560e+00             219.565           2.234e+01     
   0.000          47.000            2.823e+00           9.652e-01             228.521          -1.761e+00             219.351           2.234e+01     
   0.000          48.000            2.823e+00           1.073e+00             228.406          -1.970e+00             219.128           2.234e+01     
   0.000          49.000            2.823e+00           1.176e+00             228.294          -2.186e+00             218.893           2.234e+01     
   0.000          50.000            2.823e+00           1.276e+00             228.185          -2.410e+00             218.647           2.234e+01     
   0.000          51.000            2.823e+00           1.372e+00             228.077          -2.643e+00             218.386           2.234e+01     
   0.000          52.000            2.823e+00           1.464e+00             227.972          -2.885e+00             218.112           2.234e+01     
   0.000          53.000            2.823e+00           1.553e+00             227.870          -3.136e+00             217.821           2.234e+01     
   0.000          54.000            2.823e+00           1.638e+00             227.769          -3.397e+00             217.512           2.234e+01     
   0.000          55.000            2.823e+00           1.720e+00             227.670          -3.669e+00             217.184           2.234e+01     
   0.000          56.000            2.823e+00           1.798e+00             227.573          -3.952e+00             216.835           2.234e+01     
   0.000          57.000            2.823e+00           1.874e+00             227.478          -4.247e+00             216.461           2.234e+01     
   0.000          58.000            2.823e+00           1.945e+00             227.384          -4.554e+00             216.060           2.234e+01     
   0.000          59.000            2.823e+00           2.014e+00             227.292          -4.876e+00             215.630           2.234e+01     
   0.000          60.000            2.823e+00           2.080e+00             227.201          -5.211e+00             215.165           2.234e+01     
   0.000          61.000            2.823e+00           2.142e+00             227.112          -5.562e+00             214.663           2.234e+01     
   0.000          62.000            2.823e+00           2.202e+00             227.024          -5.930e+00             214.117           2.234e+01     
   0.000          63.000            2.823e+00           2.258e+00             226.937          -6.317e+00             213.521           2.234e+01     
   0.000          64.000            2.823e+00           2.312e+00             226.851          -6.722e+00             212.869           2.234e+01     
   0.000          65.000            2.823e+00           2.362e+00             226.766          -7.150e+00             212.151           2.234e+01     
   0.000          66.000            2.823e+00           2.410e+00             226.682          -7.600e+00             211.356           2.234e+01     
   0.000          67.000            2.823e+00           2.455e+00             226.599          -8.076e+00             210.472           2.234e+01     
   0.000          68.000            2.823e+00           2.496e+00             226.517          -8.580e+00             209.483           2.234e+01     
   0.000          69.000            2.823e+00           2.536e+00             226.435          -9.115e+00             208.368           2.234e+01     
   0.000          70.000            2.823e+00           2.572e+00             226.355          -9.684e+00             207.101           2.234e+01     
   0.000          71.000            2.823e+00           2.605e+00             226.274          -1.029e+01             205.652           2.234e+01     
   0.000          72.000            2.823e+00           2.636e+00             226.195          -1.094e+01             203.977           2.234e+01     
   0.000          73.000            2.823e+00           2.664e+00             226.116          -1.163e+01             202.022           2.234e+01     
   0.000          74.000            2.823e+00           2.690e+00             226.037          -1.237e+01             199.716           2.234e+01     
   0.000          75.000            2.823e+00           2.712e+00             225.959          -1.317e+01             196.962           2.234e+01     
   0.000          76.000            2.823e+00           2.732e+00             225.882          -1.403e+01             193.630           2.234e+01     
   0.000          77.000            2.823e+00           2.749e+00             225.804          -1.494e+01             189.548           2.234e+01     
   0.000          78.000            2.823e+00           2.764e+00             225.727          -1.589e+01             184.482           2.234e+01     
   0.000          79.000            2.823e+00           2.776e+00             225.650          -1.688e+01             178.143           2.234e+01     
   0.000          80.000            2.823e+00           2.785e+00             225.574          -1.784e+01             170.203           2.234e+01     
   0.000          81.000            2.823e+00           2.792e+00             225.497          -1.869e+01             160.401           2.234e+01     
   0.000          82.000            2.823e+00           2.796e+00             225.421          -1.931e+01             148.773           2.234e+01     
   0.000          83.000            2.823e+00           2.798e+00             225.344          -1.955e+01             135.926           2.234e+01     
   0.000          84.000            2.823e+00           2.796e+00             225.268          -1.934e+01             123.021           2.234e+01     
   0.000          85.000            2.823e+00           2.793e+00             225.192          -1.876e+01             111.250           2.234e+01     
   0.000          86.000            2.823e+00           2.786e+00             225.115          -1.792e+01             101.277           2.234e+01     
   0.000          87.000            2.823e+00           2.777e+00             225.039          -1.697e+01              93.178           2.234e+01     
   0.000          88.000            2.823e+00           2.765e+00             224.962          -1.598e+01              86.709           2.234e+01     
   0.000          89.000            2.823e+00           2.751e+00             224.885          -1.502e+01              81.543           2.234e+01     
   0.000          90.000            2.823e+00           2.734e+00             224.807          -1.410e+01              77.383           2.234e+01     
   0.000          91.000            2.823e+00           2.714e+00             224.730          -1.325e+01              73.992           2.234e+01     
   0.000          92.000            2.823e+00           2.692e+00             224.652          -1.244e+01              71.192           2.234e+01     
   0.000          93.000            2.823e+00           2.667e+00             224.573          -1.169e+01              68.850           2.234e+01     
   0.000          94.000            2.823e+00           2.639e+00             224.494          -1.100e+01              66.868           2.234e+01     
   0.000          95.000            2.823e+00           2.608e+00             224.415          -1.035e+01              65.170           2.234e+01     
   0.000          96.000            2.823e+00           2.575e+00             224.335          -9.736e+00              63.702           2.234e+01     
   0.000          97.000            2.823e+00           2.539e+00             224.254          -9.164e+00              62.421           2.234e+01     
   0.000          98.000            2.823e+00           2.500e+00             224.173          -8.627e+00              61.293           2.234e+01     
   0.000          99.000            2.823e+00           2.458e+00             224.090          -8.120e+00              60.294           2.234e+01     
   0.000         100.000            2.823e+00           2.414e+00             224.008          -7.642e+00              59.401           2.234e+01     
   0.000         101.000            2.823e+00           2.367e+00             223.924          -7.189e+00              58.599           2.234e+01     
   0.000         102.000            2.823e+00           2.316e+00             223.839          -6.760e+00              57.875           2.234e+01     
   0.000         103.000            2.823e+00           2.263e+00             223.753          -6.352e+00              57.217           2.234e+01     
   0.000         104.000            2.823e+00           2.207e+00             223.666          -5.964e+00              56.616           2.234e+01     
   0.000         105.000            2.823e+00           2.148e+00             223.578          -5.595e+00              56.066           2.234e+01     
   0.000         106.000            2.823e+00           2.086e+00             223.489          -5.242e+00              55.560           2.234e+01     
   0.000         107.000            2.823e+00           2.020e+00             223.398          -4.905e+00              55.092           2.234e+01     
   0.000         108.000            2.823e+00           1.952e+00             223.306          -4.583e+00              54.659           2.234e+01     
   0.000         109.000            2.823e+00           1.880e+00             223.213          -4.274e+00              54.256           2.234e+01     
   0.000         110.000            2.823e+00           1.805e+00             223.117          -3.978e+00              53.880           2.234e+01     
   0.000         111.000            2.823e+00           1.727e+00             223.021          -3.694e+00              53.528           2.234e+01     
   0.000         112.000            2.823e+00           1.645e+00             222.922          -3.421e+00              53.198           2.234e+01     
   0.000         113.000            2.823e+00           1.561e+00             222.821          -3.159e+00              52.888           2.234e+01     
   0.000         114.000            2.823e+00           1.472e+00             222.719          -2.907e+00              52.596           2.234e+01     
   0.000         115.000            2.823e+00           1.380e+00             222.614          -2.664e+00              52.320           2.234e+01     
   0.000         116.000            2.823e+00           1.284e+00             222.507          -2.431e+00              52.058           2.234e+01     
   0.000         117.000            2.823e+00           1.185e+00             222.398          -2.206e+00              51.810           2.234e+01     
   0.000         118.000            2.823e+00           1.082e+00             222.286          -1.989e+00              51.574           2.234e+01     
   0.000         119.000            2.823e+00           9.750e-01             222.171          -1.779e+00              51.350           2.234e+01     
   0.000         120.000            2.823e+00           8.640e-01             222.053          -1.578e+00              51.136           2.234e+01     
   0.000         121.000            2.823e+00           7.489e-01             221.933          -1.383e+00              50.932           2.234e+01     
   0.000         122.000            2.823e+00           6.296e-01             221.809          -1.195e+00              50.736           2.234e+01     
   0.000         123.000            2.823e+00           5.061e-01             221.681          -1.013e+00              50.549           2.234e+01     
   0.000         124.000            2.823e+00           3.781e-01             221.550          -8.379e-01              50.369           2.234e+01     
   0.000         125.000            2.823e+00           2.456e-01             221.414          -6.685e-01              50.196           2.234e+01     
   0.000         126.000            2.823e+00           1.084e-01             221.275          -5.049e-01              50.029           2.234e+01     
   0.000         127.000            2.823e+00          -3.371e-02             221.131          -3.468e-01              49.869           2.234e+01     
   0.000         128.000            2.823e+00          -1.808e-01             220.982          -1.942e-01              49.714           2.234e+01     
   0.000         129.000            2.823e+00          -3.330e-01             220.827          -4.664e-02              49.565           2.234e+01     
   0.000         130.000            2.823e+00          -4.905e-01             220.667           9.586e-02              49.420           2.234e+01     
   0.000         131.000            2.823e+00          -6.536e-01             220.502           2.335e-01              49.280           2.234e+01     
   0.000         132.000            2.823e+00          -8.225e-01             220.329           3.665e-01              49.144           2.234e+01     
   0.000         133.000            2.823e+00          -9.973e-01             220.150           4.948e-01              49.013           2.234e+01     
   0.000         134.000            2.823e+00          -1.178e+00             219.963           6.188e-01              48.885           2.234e+01     
   0.000         135.000            2.823e+00          -1.366e+00             219.768           7.384e-01              48.760           2.234e+01     
   0.000         136.000            2.823e+00          -1.560e+00             219.565           8.539e-01              48.639           2.234e+01     
   0.000         137.000            2.823e+00          -1.761e+00             219.351           9.652e-01              48.521           2.234e+01     
   0.000         138.000            2.823e+00          -1.970e+00             219.128           1.073e+00              48.406           2.234e+01     
   0.000         139.000            2.823e+00          -2.186e+00             218.893           1.176e+00              48.294           2.234e+01     
   0.000         140.000            2.823e+00          -2.410e+00             218.647           1.276e+00              48.185           2.234e+01     
   0.000         141.000            2.823e+00          -2.643e+00             218.386           1.372e+00              48.077           2.234e+01     
   0.000         142.000            2.823e+00          -2.885e+00             218.112           1.464e+00              47.972           2.234e+01     
   0.000         143.000            2.823e+00          -3.136e+00             217.821           1.553e+00              47.870           2.234e+01     
   0.000         144.000            2.823e+00          -3.397e+00             217.512           1.638e+00              47.769           2.234e+01     
   0.000         145.000            2.823e+00          -3.669e+00             217.184           1.720e+00              47.670           2.234e+01     
   0.000         146.000            2.823e+00          -3.952e+00             216.835           1.798e+00              47.573           2.234e+01     
   0.000         147.000            2.823e+00          -4.247e+00             216.461           1.874e+00              47.478           2.234e+01     
   0.000         148.000            2.823e+00          -4.554e+00             216.060           1.945e+00              47.384           2.234e+01     
   0.000         149.000            2.823e+00          -4.876e+00             215.630           2.014e+00              47.292           2.234e+01     
   0.000         150.000            2.823e+00          -5.211e+00             215.165           2.080e+00              47.201           2.234e+01     
   0.000         151.000            2.823e+00          -5.562e+00             214.663           2.142e+00              47.112           2.234e+01     
   0.000         152.000            2.823e+00          -5.930e+00             214.117           2.202e+00              47.024           2.234e+01     
   0.000         153.000            2.823e+00          -6.317e+00             213.521           2.258e+00              46.937           2.234e+01     
   0.000         154.000            2.823e+00          -6.722e+00             212.869           2.312e+00              46.851           2.234e+01     
   0.000         155.000            2.823e+00          -7.150e+00             212.151           2.362e+00              46.766           2.234e+01     
   0.000         156.000            2.823e+00          -7.600e+00             211.356           2.410e+00              46.682           2.234e+01     
   0.000         157.000            2.823e+00          -8.076e+00             210.472           2.455e+00              46.599           2.234e+01     
   0.000         158.000            2.823e+00          -8.580e+00             209.483           2.496e+00              46.517           2.234e+01     
   0.000         159.000            2.823e+00          -9.115e+00             208.368           2.536e+00              46.435           2.234e+01     
   0.000         160.000            2.823e+00          -9.684e+00             207.101           2.572e+00              46.355           2.234e+01     
   0.000         161.000            2.823e+00          -1.029e+01             205.652           2.605e+00              46.274           2.234e+01     
   0.000         162.000            2.823e+00          -1.094e+01             203.977           2.636e+00              46.195           2.234e+01     
   0.000         163.000            2.823e+00          -1.163e+01             202.022           2.664e+00              46.116           2.234e+01     
   0.000         164.000            2.823e+00          -1.237e+01             199.716           2.690e+00              46.037           2.234e+01     
   0.000         165.000            2.823e+00          -1.317e+01             196.962           2.712e+00              45.959           2.234e+01     
   0.000         166.000            2.823e+00          -1.403e+01             193.630           2.732e+00              45.882           2.234e+01     
   0.000         167.000            2.823e+00          -1.494e+01             189.548           2.749e+00              45.804           2.234e+01     
   0.000         168.000            2.823e+00          -1.589e+01             184.482           2.764e+00              45.727           2.234e+01     
   0.000         169.000            2.823e+00          -1.688e+01             178.143           2.776e+00              45.650           2.234e+01     
   0.000         170.000            2.823e+00          -1.784e+01             170.203           2.785e+00              45.574           2.234e+01     
   0.000         171.000            2.823e+00          -1.869e+01             160.401           2.792e+00              45.497           2.234e+01     
   0.000         172.000            2.823e+00          -1.931e+01             148.773           2.796e+00              45.421           2.234e+01     
   0.000         173.000            2.823e+00          -1.955e+01             135.926           2.798e+00              45.344           2.234e+01     
   0.000         174.000            2.823e+00          -1.934e+01             123.021           2.796e+00              45.268           2.234e+01     
   0.000         175.000            2.823e+00          -1.876e+01             111.250           2.793e+00              45.192           2.234e+01     
   0.000         176.000            2.823e+00          -1.792e+01             101.277           2.786e+00              45.115           2.234e+01     
   0.000         177.000            2.823e+00          -1.697e+01              93.178           2.777e+00              45.039           2.234e+01     
   0.000         178.000            2.823e+00          -1.598e+01              86.709           2.765e+00              44.962           2.234e+01     
   0.000         179.000            2.823e+00          -1.502e+01              81.543           2.751e+00              44.885           2.234e+01     
   0.000         180.000            2.823e+00          -1.410e+01              77.383           2.734e+00              44.807           2.234e+01     
   0.000         181.000            2.823e+00          -1.325e+01              73.992           2.714e+00              44.730           2.234e+01     
   0.000         182.000            2.823e+00          -1.244e+01              71.192           2.692e+00              44.652           2.234e+01     
   0.000         183.000            2.823e+00          -1.169e+01              68.850           2.667e+00              44.573           2.234e+01     
   0.000         184.000            2.823e+00          -1.100e+01              66.868           2.639e+00              44.494           2.234e+01     
   0.000         185.000            2.823e+00          -1.035e+01              65.170           2.608e+00              44.415           2.234e+01     
   0.000         186.000            2.823e+00          -9.736e+00              63.702           2.575e+00              44.335           2.234e+01     
   0.000         187.000            2.823e+00          -9.164e+00              62.421           2.539e+00              44.254           2.234e+01     
   0.000         188.000            2.823e+00          -8.627e+00              61.293           2.500e+00              44.173           2.234e+01     
   0.000         189.000            2.823e+00          -8.120e+00              60.294           2.458e+00              44.090           2.234e+01     
   0.000         190.000            2.823e+00          -7.642e+00              59.401           2.414e+00              44.008           2.234e+01     
   0.000         191.000            2.823e+00          -7.189e+00              58.599           2.367e+00              43.924           2.234e+01     
   0.000         192.000            2.823e+00          -6.760e+00              57.875           2.316e+00              43.839           2.234e+01     
   0.000         193.000            2.823e+00          -6.352e+00              57.217           2.263e+00              43.753           2.234e+01     
   0.000         194.000            2.823e+00          -5.964e+00              56.616           2.207e+00              43.666           2.234e+01     
   0.000         195.000            2.823e+00          -5.595e+00              56.066           2.148e+00              43.578           2.234e+01     
   0.000         196.000            2.823e+00          -5.242e+00              55.560           2.086e+00              43.489           2.234e+01     
   0.000         197.000            2.823e+00          -4.905e+00              55.092           2.020e+00              43.398           2.234e+01     
   0.000         198.000            2.823e+00          -4.583e+00              54.659           1.952e+00              43.306           2.234e+01     
   0.000         199.000            2.823e+00          -4.274e+00              54.256           1.880e+00              43.213           2.234e+01     
   0.000         200.000            2.823e+00          -3.978e+00              53.880           1.805e+00              43.117           2.234e+01     
   0.000         201.000            2.823e+00          -3.694e+00              53.528           1.727e+00              43.021           2.234e+01     
   0.000         202.000            2.823e+00          -3.421e+00              53.198           1.645e+00              42.922           2.234e+01     
   0.000         203.000            2.823e+00          -3.159e+00              52.888           1.561e+00              42.821           2.234e+01     
   0.000         204.000            2.823e+00          -2.907e+00              52.596           1.472e+00              42.719           2.234e+01     
   0.000         205.000            2.823e+00          -2.664e+00              52.320           1.380e+00              42.614           2.234e+01     
   0.000         206.000            2.823e+00          -2.431e+00              52.058           1.284e+00              42.507           2.234e+01     
   0.000         207.000            2.823e+00          -2.206e+00              51.810           1.185e+00              42.398           2.234e+01     
   0.000         208.000            2.823e+00          -1.989e+00              51.574           1.082e+00              42.286           2.234e+01     
   0.000         209.000            2.823e+00          -1.779e+00              51.350           9.750e-01              42.171           2.234e+01     
   0.000         210.000            2.823e+00          -1.578e+00              51.136           8.640e-01              42.053           2.234e+01     
   0.000         211.000            2.823e+00          -1.383e+00              50.932           7.489e-01              41.933           2.234e+01     
   0.000         212.000            2.823e+00          -1.195e+00              50.736           6.296e-01              41.809           2.234e+01     
   0.000         213.000            2.823e+00          -1.013e+00              50.549           5.061e-01              41.681           2.234e+01     
   0.000         214.000            2.823e+00          -8.379e-01              50.369           3.781e-01              41.550           2.234e+01     
   0.000         215.000            2.823e+00          -6.685e-01              50.196           2.456e-01              41.414           2.234e+01     
   0.000         216.000            2.823e+00          -5.049e-01              50.029           1.084e-01              41.275           2.234e+01     
   0.000         217.000            2.823e+00          -3.468e-01              49.869          -3.371e-02              41.131           2.234e+01     
   0.000         218.000            2.823e+00          -1.942e-01              49.714          -1.808e-01              40.982           2.234e+01     
   0.000         219.000            2.823e+00          -4.664e-02              49.565          -3.330e-01              40.827           2.234e+01     
   0.000         220.000            2.823e+00           9.586e-02              49.420          -4.905e-01              40.667           2.234e+01     
   0.000         221.000            2.823e+00           2.335e-01              49.280          -6.536e-01              40.502           2.234e+01     
   0.000         222.000            2.823e+00           3.665e-01              49.144          -8.225e-01              40.329           2.234e+01     
   0.000         223.000            2.823e+00           4.948e-01              49.013          -9.973e-01              40.150           2.234e+01     
   0.000         224.000            2.823e+00           6.188e-01              48.885          -1.178e+00              39.963           2.234e+01     
   0.000         225.000            2.823e+00           7.384e-01              48.760          -1.366e+00              39.768           2.234e+01     
   0.000         226.000            2.823e+00           8.539e-01              48.639          -1.560e+00              39.565           2.234e+01     
   0.000         227.000            2.823e+00           9.652e-01              48.521          -1.761e+00              39.351           2.234e+01     
   0.000         228.000            2.823e+00           1.073e+00              48.406          -1.970e+00              39.128           2.234e+01     
   0.000         229.000            2.823e+00           1.176e+00              48.294          -2.186e+00              38.893           2.234e+01     
   0.000         230.000            2.823e+00           1.276e+00              48.185          -2.410e+00              38.647           2.234e+01     
   0.000         231.000            2.823e+00           1.372e+00              48.077          -2.643e+00              38.386           2.234e+01     
   0.000         232.000            2.823e+00           1.464e+00              47.972          -2.885e+00              38.112           2.234e+01     
   0.000         233.000            2.823e+00           1.553e+00              47.870          -3.136e+00              37.821           2.234e+01     
   0.000         234.000            2.823e+00           1.638e+00              47.769          -3.397e+00              37.512           2.234e+01     
   0.000         235.000            2.823e+00           1.720e+00              47.670          -3.669e+00              37.184           2.234e+01     
   0.000         236.000            2.823e+00           1.798e+00              47.573          -3.952e+00              36.835           2.234e+01     
   0.000         237.000            2.823e+00           1.874e+00              47.478          -4.247e+00              36.461           2.234e+01     
   0.000         238.000            2.823e+00           1.945e+00              47.384          -4.554e+00              36.060           2.234e+01     
   0.000         239.000            2.823e+00           2.014e+00              47.292          -4.876e+00              35.630           2.234e+01     
   0.000         240.000            2.823e+00           2.080e+00              47.201          -5.211e+00              35.165           2.234e+01     
   0.000         241.000            2.823e+00           2.142e+00              47.112          -5.562e+00              34.663           2.234e+01     
   0.000         242.000            2.823e+00           2.202e+00              47.024          -5.930e+00              34.117           2.234e+01     
   0.000         243.000            2.823e+00           2.258e+00              46.937          -6.317e+00              33.521           2.234e+01     
   0.000         244.000            2.823e+00           2.312e+00              46.851          -6.722e+00              32.869           2.234e+01     
   0.000         245.000            2.823e+00           2.362e+00              46.766          -7.150e+00              32.151           2.234e+01     
   0.000         246.000            2.823e+00           2.410e+00              46.682          -7.600e+00              31.356           2.234e+01     
   0.000         247.000            2.823e+00           2.455e+00              46.599          -8.076e+00              30.472           2.234e+01     
   0.000         248.000            2.823e+00           2.496e+00              46.517          -8.580e+00              29.483           2.234e+01     
   0.000         249.000            2.823e+00           2.536e+00              46.435          -9.115e+00              28.368           2.234e+01     
   0.000         250.000            2.823e+00           2.572e+00              46.355          -9.684e+00              27.101           2.234e+01     
   0.000         251.000            2.823e+00           2.605e+00              46.274          -1.029e+01              25.652           2.234e+01     
   0.000         252.000            2.823e+00           2.636e+00              46.195          -1.094e+01              23.977           2.234e+01     
   0.000         253.000            2.823e+00           2.664e+00              46.116          -1.163e+01              22.022           2.234e+01     
   0.000         254.000            2.823e+00           2.690e+00              46.037          -1.237e+01              19.716           2.234e+01     
   0.000         255.000            2.823e+00           2.712e+00              45.959          -1.317e+01              16.962           2.234e+01     
   0.000         256.000            2.823e+00           2.732e+00              45.882          -1.403e+01              13.630           2.234e+01     
   0.000         257.000            2.823e+00           2.749e+00              45.804          -1.494e+01               9.548           2.234e+01     
   0.000         258.000            2.823e+00           2.764e+00              45.727          -1.589e+01               4.482           2.234e+01     
   0.000         259.000            2.823e+00           2.776e+00              45.650          -1.688e+01             358.143           2.234e+01     
   0.000         260.000            2.823e+00           2.785e+00              45.574          -1.784e+01             350.203           2.234e+01     
   0.000         261.000            2.823e+00           2.792e+00              45.497          -1.869e+01             340.401           2.234e+01     
   0.000         262.000            2.823e+00           2.796e+00              45.421          -1.931e+01             328.773           2.234e+01     
   0.000         263.000            2.823e+00           2.798e+00              45.344          -1.955e+01             315.926           2.234e+01     
   0.000         264.000            2.823e+00           2.796e+00              45.268          -1.934e+01             303.021           2.234e+01     
   0.000         265.000            2.823e+00           2.793e+00              45.192          -1.876e+01             291.250           2.234e+01     
   0.000         266.000            2.823e+00           2.786e+00              45.115          -1.792e+01             281.277           2.234e+01     
   0.000         267.000            2.823e+00           2.777e+00              45.039          -1.697e+01             273.178           2.234e+01     
   0.000         268.000            2.823e+00           2.765e+00              44.962          -1.598e+01             266.709           2.234e+01     
   0.000         269.000            2.823e+00           2.751e+00              44.885          -1.502e+01             261.543           2.234e+01     
   0.000         270.000            2.823e+00           2.734e+00              44.807          -1.410e+01             257.383           2.234e+01     
   0.000         271.000            2.823e+00           2.714e+00              44.730          -1.325e+01             253.992           2.234e+01     
   0.000         272.000            2.823e+00           2.692e+00              44.652          -1.244e+01             251.192           2.234e+01     
   0.000         273.000            2.823e+00           2.667e+00              44.573          -1.169e+01             248.850           2.234e+01     
   0.000         274.000            2.823e+00           2.639e+00              44.494          -1.100e+01             246.868           2.234e+01     
   0.000         275.000            2.823e+00           2.608e+00              44.415          -1.035e+01             245.170           2.234e+01     
   0.000         276.000            2.823e+00           2.575e+00              44.335          -9.736e+00             243.702           2.234e+01     
   0.000         277.000            2.823e+00           2.539e+00              44.254          -9.164e+00             242.421           2.234e+01     
   0.000         278.000            2.823e+00           2.500e+00              44.173          -8.627e+00             241.293           2.234e+01     
   0.000         279.000            2.823e+00           2.458e+00              44.090          -8.120e+00             240.294           2.234e+01     
   0.000         280.000            2.823e+00           2.414e+00              44.008          -7.642e+00             239.401           2.234e+01     
   0.000         281.000            2.823e+00           2.367e+00              43.924          -7.189e+00             238.599           2.234e+01     
   0.000         282.000            2.823e+00           2.316e+00              43.839          -6.760e+00             237.875           2.234e+01     
   0.000         283.000            2.823e+00           2.263e+00              43.753          -6.352e+00             237.217           2.234e+01     
   0.000         284.000            2.823e+00           2.207e+00              43.666          -5.964e+00             236.616           2.234e+01     
   0.000         285.000            2.823e+00           2.148e+00              43.578          -5.595e+00             236.066           2.234e+01     
   0.000         286.000            2.823e+00           2.086e+00              43.489          -5.242e+00             235.560           2.234e+01     
   0.000         287.000            2.823e+00           2.020e+00              43.398          -4.905e+00             235.092           2.234e+01     
   0.000         288.000            2.823e+00           1.952e+00              43.306          -4.583e+00             234.659           2.234e+01     
   0.000         289.000            2.823e+00           1.880e+00              43.213          -4.274e+00             234.256           2.234e+01     
   0.000         290.000            2.823e+00           1.805e+00              43.117          -3.978e+00             233.880           2.234e+01     
   0.000         291.000            2.823e+00           1.727e+00              43.021          -3.694e+00             233.528           2.234e+01     
   0.000         292.000            2.823e+00           1.645e+00              42.922          -3.421e+00             233.198           2.234e+01     
   0.000         293.000            2.823e+00           1.561e+00              42.821          -3.159e+00             232.888           2.234e+01     
   0.000         294.000            2.823e+00           1.472e+00              42.719          -2.907e+00             232.596           2.234e+01     
   0.000         295.000            2.823e+00           1.380e+00              42.614          -2.664e+00             232.320           2.234e+01     
   0.000         296.000            2.823e+00           1.284e+00              42.507          -2.431e+00             232.058           2.234e+01     
   0.000         297.000            2.823e+00           1.185e+00              42.398          -2.206e+00             231.810           2.234e+01     
   0.000         298.000            2.823e+00           1.082e+00              42.286          -1.989e+00             231.574           2.234e+01     
   0.000         299.000            2.823e+00           9.750e-01              42.171          -1.779e+00             231.350           2.234e+01     
   0.000         300.000            2.823e+00           8.640e-01              42.053          -1.578e+00             231.136           2.234e+01     
   0.000         301.000            2.823e+00           7.489e-01              41.933          -1.383e+00             230.932           2.234e+01     
   0.000         302.000            2.823e+00           6.296e-01              41.809          -1.195e+00             230.736           2.234e+01     
   0.000         303.000            2.823e+00           5.061e-01              41.681          -1.013e+00             230.549           2.234e+01     
   0.000         304.000            2.823e+00           3.781e-01              41.550          -8.379e-01             230.369           2.234e+01     
   0.000         305.000            2.823e+00           2.456e-01              41.414          -6.685e-01             230.196           2.234e+01     
   0.000         306.000            2.823e+00           1.084e-01              41.275          -5.049e-01             230.029           2.234e+01     
   0.000         307.000            2.823e+00          -3.371e-02              41.131          -3.468e-01             229.869           2.234e+01     
   0.000         308.000            2.823e+00          -1.808e-01              40.982          -1.942e-01             229.714           2.234e+01     
   0.000         309.000            2.823e+00          -3.330e-01              40.827          -4.664e-02             229.565           2.234e+01     
   0.000         310.000            2.823e+00          -4.905e-01              40.667           9.586e-02             229.420           2.234e+01     
   0.000         311.000            2.823e+00          -6.536e-01              40.502           2.335e-01             229.280           2.234e+01     
   0.000         312.000            2.823e+00          -8.225e-01              40.329           3.665e-01             229.144           2.234e+01     
   0.000         313.000            2.823e+00          -9.973e-01              40.150           4.948e-01             229.013           2.234e+01     
   0.000         314.000            2.823e+00          -1.178e+00              39.963           6.188e-01             228.885           2.234e+01     
   0.000         315.000            2.823e+00          -1.366e+00              39.768           7.384e-01             228.760           2.234e+01     
   0.000         316.000            2.823e+00          -1.560e+00              39.565           8.539e-01             228.639           2.234e+01     
   0.000         317.000            2.823e+00          -1.761e+00              39.351           9.652e-01             228.521           2.234e+01     
   0.000         318.000            2.823e+00          -1.970e+00              39.128           1.073e+00             228.406           2.234e+01     
   0.000         319.000            2.823e+00          -2.186e+00              38.893           1.176e+00             228.294           2.234e+01     
   0.000         320.000            2.823e+00          -2.410e+00              38.647           1.276e+00             228.185           2.234e+01     
   0.000         321.000            2.823e+00          -2.643e+00              38.386           1.372e+00             228.077           2.234e+01     
   0.000         322.000            2.823e+00          -2.885e+00              38.112           1.464e+00             227.972           2.234e+01     
   0.000         323.000            2.823e+00          -3.136e+00              37.821           1.553e+00             227.870           2.234e+01     
   0.000         324.000            2.823e+00          -3.397e+00              37.512           1.638e+00             227.769           2.234e+01     
   0.000         325.000            2.823e+00          -3.669e+00              37.184           1.720e+00             227.670           2.234e+01     
   0.000         326.000            2.823e+00          -3.952e+00              36.835           1.798e+00             227.573           2.234e+01     
   0.000         327.000            2.823e+00          -4.247e+00              36.461           1.874e+00             227.478           2.234e+01     
   0.000         328.000            2.823e+00          -4.554e+00              36.060           1.945e+00             227.384           2.234e+01     
   0.000         329.000            2.823e+00          -4.876e+00              35.630           2.014e+00             227.292           2.234e+01     
   0.000         330.000            2.823e+00          -5.211e+00              35.165           2.080e+00             227.201           2.234e+01     
   0.000         331.000            2.823e+00          -5.562e+00              34.663           2.142e+00             227.112           2.234e+01     
   0.000         332.000            2.823e+00          -5.930e+00              34.117           2.202e+00             227.024           2.234e+01     
   0.000         333.000            2.823e+00          -6.317e+00              33.521           2.258e+00             226.937           2.234e+01     
   0.000         334.000            2.823e+00          -6.722e+00              32.869           2.312e+00             226.851           2.234e+01     
   0.000         335.000            2.823e+00          -7.150e+00              32.151           2.362e+00             226.766           2.234e+01     
   0.000         336.000            2.823e+00          -7.600e+00              31.356           2.410e+00             226.682           2.234e+01     
   0.000         337.000            2.823e+00          -8.076e+00              30.472           2.455e+00             226.599           2.234e+01     
   0.000         338.000            2.823e+00          -8.580e+00              29.483           2.496e+00             226.517           2.234e+01     
   0.000         339.000            2.823e+00          -9.115e+00              28.368           2.536e+00             226.435           2.234e+01     
   0.000         340.000            2.823e+00          -9.684e+00              27.101           2.572e+00             226.355           2.234e+01     
   0.000         341.000            2.823e+00          -1.029e+01              25.652           2.605e+00             226.274           2.234e+01     
   0.000         342.000            2.823e+00          -1.094e+01              23.977           2.636e+00             226.195           2.234e+01     
   0.000         343.000            2.823e+00          -1.163e+01              22.022           2.664e+00             226.116           2.234e+01     
   0.000         344.000            2.823e+00          -1.237e+01              19.716           2.690e+00             226.037           2.234e+01     
   0.000         345.000            2.823e+00          -1.317e+01              16.962           2.712e+00             225.959           2.234e+01     
   0.000         346.000            2.823e+00          -1.403e+01              13.630           2.732e+00             225.882           2.234e+01     
   0.000         347.000            2.823e+00          -1.494e+01               9.548           2.749e+00             225.804           2.234e+01     
   0.000         348.000            2.823e+00          -1.589e+01               4.482           2.764e+00             225.727           2.234e+01     
   0.000         349.000            2.823e+00          -1.688e+01             358.143           2.776e+00             225.650           2.234e+01     
   0.000         350.000            2.823e+00          -1.784e+01             350.203           2.785e+00             225.574           2.234e+01     
   0.000         351.000            2.823e+00          -1.869e+01             340.401           2.792e+00             225.497           2.234e+01     
   0.000         352.000            2.823e+00          -1.931e+01             328.773           2.796e+00             225.421           2.234e+01     
   0.000         353.000            2.823e+00          -1.955e+01             315.926           2.798e+00             225.344           2.234e+01     
   0.000         354.000            2.823e+00          -1.934e+01             303.021           2.796e+00             225.268           2.234e+01     
   0.000         355.000            2.823e+00          -1.876e+01             291.250           2.793e+00             225.192           2.234e+01     
   0.000         356.000            2.823e+00          -1.792e+01             281.277           2.786e+00             225.115           2.234e+01     
   0.000         357.000            2.823e+00          -1.697e+01             273.178           2.777e+00             225.039           2.234e+01     
   0.000         358.000            2.823e+00          -1.598e+01             266.709           2.765e+00             224.962           2.234e+01     
   0.000         359.000            2.823e+00          -1.502e+01             261.543           2.751e+00             224.885           2.234e+01     
