Theta [deg.]  Phi   [deg.]  Abs(Dir.)[dBi   ]   Abs(Theta)[dBi   ]  Phase(Theta)[deg.]  Abs(Phi  )[dBi   ]  Phase(Phi  )[deg.]  Ax.Ratio[dB    ]    
------------------------------------------------------------------------------------------------------------------------------------------------------
  45.000           0.000            4.758e+00          -2.093e+01             343.356           4.746e+00             138.191           3.313e+01     
  45.000           1.000            4.775e+00          -2.270e+01             349.939           4.767e+00             138.081           3.302e+01     
  45.000           2.000            4.789e+00          -2.469e+01               0.230           4.784e+00             137.977           3.292e+01     
  45.000           3.000            4.800e+00          -2.668e+01              16.780           4.797e+00             137.878           3.282e+01     
  45.000           4.000            4.810e+00          -2.786e+01              41.148           4.807e+00             137.785           3.272e+01     
  45.000           5.000            4.817e+00          -2.728e+01              67.487           4.814e+00             137.697           3.262e+01     
  45.000           6.000            4.821e+00          -2.545e+01              87.151           4.817e+00             137.616           3.252e+01     
  45.000           7.000            4.823e+00          -2.338e+01              99.550           4.817e+00             137.539           3.242e+01     
  45.000           8.000            4.823e+00          -2.150e+01             107.369           4.813e+00             137.468           3.232e+01     
  45.000           9.000            4.820e+00          -1.986e+01             112.555           4.806e+00             137.403           3.222e+01     
  45.000          10.000            4.816e+00          -1.844e+01             116.184           4.795e+00             137.343           3.212e+01     
  45.000          11.000            4.808e+00          -1.720e+01             118.840           4.781e+00             137.289           3.202e+01     
  45.000          12.000            4.799e+00          -1.610e+01             120.857           4.763e+00             137.240           3.193e+01     
  45.000          13.000            4.787e+00          -1.512e+01             122.436           4.742e+00             137.196           3.183e+01     
  45.000          14.000            4.772e+00          -1.424e+01             123.702           4.717e+00             137.158           3.173e+01     
  45.000          15.000            4.756e+00          -1.344e+01             124.740           4.689e+00             137.125           3.163e+01     
  45.000          16.000            4.737e+00          -1.271e+01             125.605           4.658e+00             137.098           3.153e+01     
  45.000          17.000            4.715e+00          -1.204e+01             126.338           4.623e+00             137.076           3.143e+01     
  45.000          18.000            4.692e+00          -1.142e+01             126.967           4.584e+00             137.059           3.134e+01     
  45.000          19.000            4.666e+00          -1.084e+01             127.513           4.542e+00             137.047           3.124e+01     
  45.000          20.000            4.638e+00          -1.030e+01             127.993           4.496e+00             137.041           3.114e+01     
  45.000          21.000            4.608e+00          -9.798e+00             128.420           4.447e+00             137.040           3.104e+01     
  45.000          22.000            4.575e+00          -9.326e+00             128.802           4.394e+00             137.044           3.095e+01     
  45.000          23.000            4.540e+00          -8.883e+00             129.147           4.338e+00             137.052           3.085e+01     
  45.000          24.000            4.503e+00          -8.466e+00             129.462           4.279e+00             137.067           3.075e+01     
  45.000          25.000            4.464e+00          -8.071e+00             129.751           4.215e+00             137.086           3.066e+01     
  45.000          26.000            4.423e+00          -7.698e+00             130.019           4.148e+00             137.110           3.056e+01     
  45.000          27.000            4.380e+00          -7.345e+00             130.268           4.078e+00             137.139           3.046e+01     
  45.000          28.000            4.335e+00          -7.010e+00             130.502           4.004e+00             137.173           3.037e+01     
  45.000          29.000            4.288e+00          -6.691e+00             130.722           3.926e+00             137.212           3.027e+01     
  45.000          30.000            4.238e+00          -6.388e+00             130.931           3.845e+00             137.255           3.017e+01     
  45.000          31.000            4.187e+00          -6.100e+00             131.131           3.760e+00             137.304           3.007e+01     
  45.000          32.000            4.134e+00          -5.826e+00             131.322           3.672e+00             137.357           2.998e+01     
  45.000          33.000            4.079e+00          -5.564e+00             131.506           3.579e+00             137.416           2.988e+01     
  45.000          34.000            4.022e+00          -5.314e+00             131.685           3.484e+00             137.479           2.978e+01     
  45.000          35.000            3.963e+00          -5.076e+00             131.858           3.384e+00             137.546           2.968e+01     
  45.000          36.000            3.902e+00          -4.848e+00             132.027           3.281e+00             137.619           2.959e+01     
  45.000          37.000            3.840e+00          -4.630e+00             132.192           3.174e+00             137.696           2.949e+01     
  45.000          38.000            3.776e+00          -4.422e+00             132.354           3.063e+00             137.778           2.939e+01     
  45.000          39.000            3.710e+00          -4.223e+00             132.513           2.948e+00             137.865           2.929e+01     
  45.000          40.000            3.643e+00          -4.033e+00             132.671           2.829e+00             137.956           2.919e+01     
  45.000          41.000            3.574e+00          -3.851e+00             132.826           2.707e+00             138.052           2.909e+01     
  45.000          42.000            3.503e+00          -3.677e+00             132.980           2.580e+00             138.153           2.899e+01     
  45.000          43.000            3.431e+00          -3.510e+00             133.133           2.450e+00             138.259           2.889e+01     
  45.000          44.000            3.358e+00          -3.351e+00             133.285           2.316e+00             138.369           2.879e+01     
  45.000          45.000            3.283e+00          -3.198e+00             133.436           2.177e+00             138.484           2.869e+01     
  45.000          46.000            3.207e+00          -3.052e+00             133.587           2.034e+00             138.604           2.858e+01     
  45.000          47.000            3.130e+00          -2.913e+00             133.737           1.888e+00             138.728           2.848e+01     
  45.000          48.000            3.051e+00          -2.779e+00             133.887           1.736e+00             138.858           2.838e+01     
  45.000          49.000            2.971e+00          -2.652e+00             134.037           1.581e+00             138.992           2.827e+01     
  45.000          50.000            2.891e+00          -2.530e+00             134.188           1.421e+00             139.132           2.817e+01     
  45.000          51.000            2.809e+00          -2.413e+00             134.338           1.257e+00             139.277           2.806e+01     
  45.000          52.000            2.726e+00          -2.301e+00             134.488           1.087e+00             139.426           2.795e+01     
  45.000          53.000            2.642e+00          -2.195e+00             134.639           9.137e-01             139.582           2.785e+01     
  45.000          54.000            2.557e+00          -2.093e+00             134.790           7.352e-01             139.742           2.774e+01     
  45.000          55.000            2.472e+00          -1.997e+00             134.941           5.516e-01             139.909           2.762e+01     
  45.000          56.000            2.386e+00          -1.904e+00             135.093           3.631e-01             140.081           2.751e+01     
  45.000          57.000            2.299e+00          -1.816e+00             135.245           1.693e-01             140.259           2.740e+01     
  45.000          58.000            2.212e+00          -1.732e+00             135.397          -2.987e-02             140.443           2.729e+01     
  45.000          59.000            2.124e+00          -1.653e+00             135.550          -2.345e-01             140.634           2.717e+01     
  45.000          60.000            2.036e+00          -1.577e+00             135.703          -4.449e-01             140.831           2.705e+01     
  45.000          61.000            1.948e+00          -1.505e+00             135.857          -6.612e-01             141.036           2.693e+01     
  45.000          62.000            1.859e+00          -1.437e+00             136.011          -8.835e-01             141.248           2.681e+01     
  45.000          63.000            1.770e+00          -1.372e+00             136.166          -1.112e+00             141.468           2.669e+01     
  45.000          64.000            1.681e+00          -1.311e+00             136.321          -1.348e+00             141.697           2.657e+01     
  45.000          65.000            1.592e+00          -1.253e+00             136.476          -1.590e+00             141.934           2.644e+01     
  45.000          66.000            1.503e+00          -1.199e+00             136.632          -1.839e+00             142.182           2.631e+01     
  45.000          67.000            1.414e+00          -1.148e+00             136.788          -2.096e+00             142.439           2.619e+01     
  45.000          68.000            1.326e+00          -1.100e+00             136.944          -2.360e+00             142.708           2.605e+01     
  45.000          69.000            1.238e+00          -1.055e+00             137.101          -2.633e+00             142.988           2.592e+01     
  45.000          70.000            1.150e+00          -1.012e+00             137.258          -2.915e+00             143.282           2.579e+01     
  45.000          71.000            1.063e+00          -9.731e-01             137.415          -3.205e+00             143.590           2.565e+01     
  45.000          72.000            9.765e-01          -9.366e-01             137.573          -3.506e+00             143.913           2.551e+01     
  45.000          73.000            8.907e-01          -9.028e-01             137.730          -3.816e+00             144.254           2.537e+01     
  45.000          74.000            8.058e-01          -8.717e-01             137.888          -4.137e+00             144.614           2.522e+01     
  45.000          75.000            7.218e-01          -8.431e-01             138.046          -4.470e+00             144.995           2.508e+01     
  45.000          76.000            6.388e-01          -8.171e-01             138.205          -4.815e+00             145.400           2.493e+01     
  45.000          77.000            5.569e-01          -7.936e-01             138.363          -5.174e+00             145.830           2.478e+01     
  45.000          78.000            4.762e-01          -7.725e-01             138.522          -5.546e+00             146.291           2.462e+01     
  45.000          79.000            3.969e-01          -7.537e-01             138.681          -5.934e+00             146.785           2.447e+01     
  45.000          80.000            3.190e-01          -7.372e-01             138.839          -6.338e+00             147.317           2.431e+01     
  45.000          81.000            2.426e-01          -7.231e-01             138.998          -6.761e+00             147.893           2.415e+01     
  45.000          82.000            1.678e-01          -7.112e-01             139.158          -7.202e+00             148.519           2.399e+01     
  45.000          83.000            9.472e-02          -7.015e-01             139.317          -7.665e+00             149.203           2.383e+01     
  45.000          84.000            2.341e-02          -6.940e-01             139.477          -8.151e+00             149.955           2.366e+01     
  45.000          85.000           -4.601e-02          -6.886e-01             139.636          -8.662e+00             150.786           2.349e+01     
  45.000          86.000           -1.135e-01          -6.853e-01             139.796          -9.202e+00             151.711           2.332e+01     
  45.000          87.000           -1.788e-01          -6.840e-01             139.956          -9.772e+00             152.749           2.315e+01     
  45.000          88.000           -2.421e-01          -6.848e-01             140.117          -1.038e+01             153.923           2.298e+01     
  45.000          89.000           -3.031e-01          -6.877e-01             140.277          -1.102e+01             155.263           2.281e+01     
  45.000          90.000           -3.618e-01          -6.925e-01             140.438          -1.171e+01             156.806           2.263e+01     
  45.000          91.000           -4.181e-01          -6.993e-01             140.599          -1.245e+01             158.606           2.246e+01     
  45.000          92.000           -4.720e-01          -7.081e-01             140.761          -1.324e+01             160.731           2.228e+01     
  45.000          93.000           -5.233e-01          -7.189e-01             140.923          -1.409e+01             163.274           2.210e+01     
  45.000          94.000           -5.721e-01          -7.316e-01             141.086          -1.500e+01             166.363           2.192e+01     
  45.000          95.000           -6.183e-01          -7.463e-01             141.249          -1.599e+01             170.179           2.175e+01     
  45.000          96.000           -6.618e-01          -7.629e-01             141.413          -1.704e+01             174.968           2.157e+01     
  45.000          97.000           -7.026e-01          -7.815e-01             141.577          -1.815e+01             181.070           2.139e+01     
  45.000          98.000           -7.406e-01          -8.020e-01             141.743          -1.927e+01             188.910           2.121e+01     
  45.000          99.000           -7.758e-01          -8.245e-01             141.909          -2.031e+01             198.919           2.104e+01     
  45.000         100.000           -8.083e-01          -8.489e-01             142.077          -2.112e+01             211.265           2.086e+01     
  45.000         101.000           -8.379e-01          -8.754e-01             142.245          -2.150e+01             225.384           2.069e+01     
  45.000         102.000           -8.647e-01          -9.037e-01             142.415          -2.135e+01             239.816           2.052e+01     
  45.000         103.000           -8.886e-01          -9.341e-01             142.586          -2.071e+01             252.904           2.034e+01     
  45.000         104.000           -9.096e-01          -9.664e-01             142.759          -1.977e+01             263.746           2.017e+01     
  45.000         105.000           -9.279e-01          -1.001e+00             142.933          -1.871e+01             272.305           2.001e+01     
  45.000         106.000           -9.433e-01          -1.037e+00             143.109          -1.764e+01             278.965           1.984e+01     
  45.000         107.000           -9.559e-01          -1.076e+00             143.288          -1.661e+01             284.167           1.968e+01     
  45.000         108.000           -9.658e-01          -1.116e+00             143.468          -1.564e+01             288.285           1.952e+01     
  45.000         109.000           -9.729e-01          -1.159e+00             143.650          -1.474e+01             291.596           1.936e+01     
  45.000         110.000           -9.774e-01          -1.204e+00             143.835          -1.391e+01             294.302           1.920e+01     
  45.000         111.000           -9.792e-01          -1.251e+00             144.023          -1.315e+01             296.549           1.905e+01     
  45.000         112.000           -9.784e-01          -1.300e+00             144.213          -1.244e+01             298.439           1.890e+01     
  45.000         113.000           -9.751e-01          -1.352e+00             144.406          -1.178e+01             300.051           1.876e+01     
  45.000         114.000           -9.694e-01          -1.406e+00             144.603          -1.116e+01             301.440           1.862e+01     
  45.000         115.000           -9.612e-01          -1.462e+00             144.803          -1.059e+01             302.650           1.848e+01     
  45.000         116.000           -9.508e-01          -1.521e+00             145.007          -1.005e+01             303.714           1.834e+01     
  45.000         117.000           -9.381e-01          -1.582e+00             145.215          -9.545e+00             304.657           1.821e+01     
  45.000         118.000           -9.233e-01          -1.646e+00             145.427          -9.069e+00             305.500           1.808e+01     
  45.000         119.000           -9.065e-01          -1.712e+00             145.644          -8.620e+00             306.257           1.796e+01     
  45.000         120.000           -8.877e-01          -1.781e+00             145.866          -8.194e+00             306.943           1.784e+01     
  45.000         121.000           -8.670e-01          -1.853e+00             146.092          -7.791e+00             307.568           1.772e+01     
  45.000         122.000           -8.445e-01          -1.927e+00             146.324          -7.408e+00             308.141           1.761e+01     
  45.000         123.000           -8.204e-01          -2.004e+00             146.562          -7.044e+00             308.668           1.750e+01     
  45.000         124.000           -7.947e-01          -2.084e+00             146.806          -6.697e+00             309.155           1.740e+01     
  45.000         125.000           -7.675e-01          -2.167e+00             147.056          -6.366e+00             309.609           1.730e+01     
  45.000         126.000           -7.390e-01          -2.253e+00             147.313          -6.050e+00             310.032           1.721e+01     
  45.000         127.000           -7.093e-01          -2.342e+00             147.576          -5.748e+00             310.429           1.711e+01     
  45.000         128.000           -6.783e-01          -2.435e+00             147.848          -5.458e+00             310.803           1.703e+01     
  45.000         129.000           -6.464e-01          -2.531e+00             148.127          -5.181e+00             311.157           1.694e+01     
  45.000         130.000           -6.135e-01          -2.630e+00             148.415          -4.915e+00             311.493           1.686e+01     
  45.000         131.000           -5.798e-01          -2.732e+00             148.712          -4.660e+00             311.814           1.678e+01     
  45.000         132.000           -5.453e-01          -2.838e+00             149.017          -4.415e+00             312.120           1.671e+01     
  45.000         133.000           -5.103e-01          -2.948e+00             149.333          -4.180e+00             312.415           1.664e+01     
  45.000         134.000           -4.747e-01          -3.062e+00             149.659          -3.954e+00             312.698           1.658e+01     
  45.000         135.000           -4.387e-01          -3.179e+00             149.996          -3.737e+00             312.973           1.652e+01     
  45.000         136.000           -4.024e-01          -3.301e+00             150.344          -3.528e+00             313.239           1.646e+01     
  45.000         137.000           -3.659e-01          -3.427e+00             150.704          -3.327e+00             313.498           1.640e+01     
  45.000         138.000           -3.294e-01          -3.556e+00             151.077          -3.133e+00             313.751           1.635e+01     
  45.000         139.000           -2.928e-01          -3.691e+00             151.463          -2.947e+00             313.998           1.631e+01     
  45.000         140.000           -2.563e-01          -3.830e+00             151.864          -2.768e+00             314.242           1.626e+01     
  45.000         141.000           -2.200e-01          -3.973e+00             152.279          -2.596e+00             314.481           1.622e+01     
  45.000         142.000           -1.839e-01          -4.121e+00             152.710          -2.431e+00             314.718           1.618e+01     
  45.000         143.000           -1.482e-01          -4.275e+00             153.158          -2.271e+00             314.952           1.615e+01     
  45.000         144.000           -1.130e-01          -4.433e+00             153.623          -2.118e+00             315.185           1.611e+01     
  45.000         145.000           -7.833e-02          -4.597e+00             154.107          -1.971e+00             315.416           1.608e+01     
  45.000         146.000           -4.427e-02          -4.766e+00             154.610          -1.830e+00             315.646           1.606e+01     
  45.000         147.000           -1.092e-02          -4.940e+00             155.134          -1.695e+00             315.877           1.603e+01     
  45.000         148.000            2.166e-02          -5.121e+00             155.681          -1.565e+00             316.107           1.601e+01     
  45.000         149.000            5.338e-02          -5.308e+00             156.250          -1.440e+00             316.338           1.599e+01     
  45.000         150.000            8.417e-02          -5.500e+00             156.845          -1.321e+00             316.570           1.598e+01     
  45.000         151.000            1.140e-01          -5.700e+00             157.467          -1.207e+00             316.803           1.596e+01     
  45.000         152.000            1.427e-01          -5.906e+00             158.116          -1.098e+00             317.038           1.595e+01     
  45.000         153.000            1.703e-01          -6.118e+00             158.796          -9.933e-01             317.275           1.594e+01     
  45.000         154.000            1.967e-01          -6.338e+00             159.509          -8.939e-01             317.514           1.594e+01     
  45.000         155.000            2.219e-01          -6.566e+00             160.256          -7.993e-01             317.755           1.593e+01     
  45.000         156.000            2.457e-01          -6.801e+00             161.041          -7.094e-01             318.000           1.593e+01     
  45.000         157.000            2.682e-01          -7.044e+00             161.865          -6.240e-01             318.247           1.593e+01     
  45.000         158.000            2.892e-01          -7.295e+00             162.733          -5.432e-01             318.498           1.593e+01     
  45.000         159.000            3.088e-01          -7.554e+00             163.648          -4.668e-01             318.752           1.593e+01     
  45.000         160.000            3.269e-01          -7.823e+00             164.614          -3.949e-01             319.010           1.594e+01     
  45.000         161.000            3.435e-01          -8.100e+00             165.635          -3.272e-01             319.271           1.595e+01     
  45.000         162.000            3.584e-01          -8.387e+00             166.715          -2.638e-01             319.537           1.596e+01     
  45.000         163.000            3.717e-01          -8.684e+00             167.861          -2.047e-01             319.807           1.597e+01     
  45.000         164.000            3.834e-01          -8.990e+00             169.079          -1.497e-01             320.081           1.598e+01     
  45.000         165.000            3.933e-01          -9.307e+00             170.375          -9.883e-02             320.360           1.599e+01     
  45.000         166.000            4.015e-01          -9.635e+00             171.757          -5.203e-02             320.643           1.601e+01     
  45.000         167.000            4.080e-01          -9.973e+00             173.234          -9.257e-03             320.931           1.603e+01     
  45.000         168.000            4.127e-01          -1.032e+01             174.815           2.954e-02             321.224           1.605e+01     
  45.000         169.000            4.156e-01          -1.068e+01             176.513           6.439e-02             321.521           1.607e+01     
  45.000         170.000            4.167e-01          -1.105e+01             178.339           9.534e-02             321.824           1.609e+01     
  45.000         171.000            4.159e-01          -1.143e+01             180.308           1.224e-01             322.132           1.611e+01     
  45.000         172.000            4.133e-01          -1.182e+01             182.435           1.457e-01             322.445           1.614e+01     
  45.000         173.000            4.088e-01          -1.222e+01             184.738           1.652e-01             322.763           1.616e+01     
  45.000         174.000            4.024e-01          -1.263e+01             187.237           1.809e-01             323.086           1.619e+01     
  45.000         175.000            3.942e-01          -1.304e+01             189.953           1.929e-01             323.415           1.622e+01     
  45.000         176.000            3.841e-01          -1.346e+01             192.908           2.012e-01             323.749           1.625e+01     
  45.000         177.000            3.721e-01          -1.388e+01             196.125           2.058e-01             324.088           1.628e+01     
  45.000         178.000            3.583e-01          -1.429e+01             199.627           2.068e-01             324.432           1.631e+01     
  45.000         179.000            3.425e-01          -1.470e+01             203.434           2.042e-01             324.782           1.635e+01     
  45.000         180.000            3.249e-01          -1.508e+01             207.561           1.981e-01             325.137           1.638e+01     
  45.000         181.000            3.055e-01          -1.544e+01             212.018           1.883e-01             325.497           1.642e+01     
  45.000         182.000            2.842e-01          -1.577e+01             216.800           1.751e-01             325.863           1.646e+01     
  45.000         183.000            2.610e-01          -1.605e+01             221.887           1.583e-01             326.233           1.650e+01     
  45.000         184.000            2.361e-01          -1.628e+01             227.241           1.381e-01             326.609           1.654e+01     
  45.000         185.000            2.093e-01          -1.644e+01             232.803           1.144e-01             326.990           1.658e+01     
  45.000         186.000            1.808e-01          -1.654e+01             238.499           8.733e-02             327.375           1.663e+01     
  45.000         187.000            1.505e-01          -1.656e+01             244.239           5.680e-02             327.766           1.667e+01     
  45.000         188.000            1.185e-01          -1.650e+01             249.932           2.287e-02             328.161           1.672e+01     
  45.000         189.000            8.477e-02          -1.638e+01             255.490          -1.443e-02             328.561           1.677e+01     
  45.000         190.000            4.937e-02          -1.619e+01             260.839          -5.511e-02             328.965           1.681e+01     
  45.000         191.000            1.234e-02          -1.595e+01             265.925          -9.913e-02             329.373           1.686e+01     
  45.000         192.000           -2.630e-02          -1.567e+01             270.711          -1.465e-01             329.786           1.692e+01     
  45.000         193.000           -6.652e-02          -1.535e+01             275.179          -1.972e-01             330.203           1.697e+01     
  45.000         194.000           -1.083e-01          -1.500e+01             279.328          -2.512e-01             330.623           1.702e+01     
  45.000         195.000           -1.515e-01          -1.465e+01             283.166          -3.086e-01             331.048           1.708e+01     
  45.000         196.000           -1.962e-01          -1.428e+01             286.710          -3.693e-01             331.475           1.713e+01     
  45.000         197.000           -2.423e-01          -1.391e+01             289.980          -4.332e-01             331.906           1.719e+01     
  45.000         198.000           -2.898e-01          -1.353e+01             292.999          -5.006e-01             332.341           1.725e+01     
  45.000         199.000           -3.385e-01          -1.316e+01             295.789          -5.712e-01             332.778           1.731e+01     
  45.000         200.000           -3.886e-01          -1.280e+01             298.373          -6.452e-01             333.217           1.737e+01     
  45.000         201.000           -4.398e-01          -1.245e+01             300.771          -7.225e-01             333.660           1.744e+01     
  45.000         202.000           -4.923e-01          -1.210e+01             303.002          -8.032e-01             334.104           1.750e+01     
  45.000         203.000           -5.458e-01          -1.176e+01             305.082          -8.873e-01             334.550           1.757e+01     
  45.000         204.000           -6.004e-01          -1.143e+01             307.028          -9.748e-01             334.998           1.763e+01     
  45.000         205.000           -6.559e-01          -1.111e+01             308.853          -1.066e+00             335.448           1.770e+01     
  45.000         206.000           -7.124e-01          -1.080e+01             310.569          -1.160e+00             335.898           1.777e+01     
  45.000         207.000           -7.698e-01          -1.050e+01             312.186          -1.258e+00             336.350           1.784e+01     
  45.000         208.000           -8.280e-01          -1.021e+01             313.713          -1.360e+00             336.802           1.791e+01     
  45.000         209.000           -8.869e-01          -9.932e+00             315.160          -1.465e+00             337.255           1.798e+01     
  45.000         210.000           -9.465e-01          -9.661e+00             316.532          -1.574e+00             337.708           1.805e+01     
  45.000         211.000           -1.007e+00          -9.398e+00             317.837          -1.686e+00             338.161           1.812e+01     
  45.000         212.000           -1.067e+00          -9.145e+00             319.079          -1.802e+00             338.613           1.820e+01     
  45.000         213.000           -1.129e+00          -8.899e+00             320.265          -1.923e+00             339.065           1.827e+01     
  45.000         214.000           -1.190e+00          -8.661e+00             321.397          -2.047e+00             339.517           1.835e+01     
  45.000         215.000           -1.252e+00          -8.431e+00             322.481          -2.175e+00             339.967           1.842e+01     
  45.000         216.000           -1.314e+00          -8.209e+00             323.519          -2.307e+00             340.416           1.850e+01     
  45.000         217.000           -1.377e+00          -7.993e+00             324.514          -2.444e+00             340.863           1.858e+01     
  45.000         218.000           -1.439e+00          -7.784e+00             325.469          -2.585e+00             341.309           1.865e+01     
  45.000         219.000           -1.501e+00          -7.582e+00             326.386          -2.731e+00             341.753           1.873e+01     
  45.000         220.000           -1.563e+00          -7.386e+00             327.267          -2.881e+00             342.195           1.881e+01     
  45.000         221.000           -1.626e+00          -7.196e+00             328.114          -3.036e+00             342.634           1.889e+01     
  45.000         222.000           -1.687e+00          -7.011e+00             328.929          -3.196e+00             343.072           1.896e+01     
  45.000         223.000           -1.749e+00          -6.833e+00             329.714          -3.361e+00             343.507           1.904e+01     
  45.000         224.000           -1.810e+00          -6.659e+00             330.468          -3.532e+00             343.940           1.912e+01     
  45.000         225.000           -1.870e+00          -6.491e+00             331.195          -3.708e+00             344.370           1.920e+01     
  45.000         226.000           -1.930e+00          -6.327e+00             331.894          -3.890e+00             344.797           1.928e+01     
  45.000         227.000           -1.989e+00          -6.169e+00             332.566          -4.079e+00             345.223           1.936e+01     
  45.000         228.000           -2.047e+00          -6.015e+00             333.213          -4.273e+00             345.646           1.944e+01     
  45.000         229.000           -2.104e+00          -5.865e+00             333.835          -4.475e+00             346.066           1.951e+01     
  45.000         230.000           -2.160e+00          -5.720e+00             334.433          -4.683e+00             346.485           1.959e+01     
  45.000         231.000           -2.215e+00          -5.579e+00             335.007          -4.899e+00             346.902           1.967e+01     
  45.000         232.000           -2.269e+00          -5.443e+00             335.558          -5.122e+00             347.318           1.975e+01     
  45.000         233.000           -2.321e+00          -5.310e+00             336.087          -5.354e+00             347.733           1.983e+01     
  45.000         234.000           -2.372e+00          -5.180e+00             336.593          -5.594e+00             348.147           1.991e+01     
  45.000         235.000           -2.421e+00          -5.055e+00             337.078          -5.844e+00             348.562           1.999e+01     
  45.000         236.000           -2.469e+00          -4.933e+00             337.542          -6.103e+00             348.978           2.007e+01     
  45.000         237.000           -2.514e+00          -4.815e+00             337.985          -6.373e+00             349.396           2.015e+01     
  45.000         238.000           -2.558e+00          -4.700e+00             338.407          -6.654e+00             349.817           2.023e+01     
  45.000         239.000           -2.599e+00          -4.589e+00             338.809          -6.946e+00             350.242           2.031e+01     
  45.000         240.000           -2.639e+00          -4.481e+00             339.191          -7.252e+00             350.674           2.040e+01     
  45.000         241.000           -2.676e+00          -4.376e+00             339.553          -7.571e+00             351.113           2.048e+01     
  45.000         242.000           -2.710e+00          -4.274e+00             339.896          -7.905e+00             351.563           2.057e+01     
  45.000         243.000           -2.742e+00          -4.175e+00             340.220          -8.255e+00             352.026           2.065e+01     
  45.000         244.000           -2.772e+00          -4.079e+00             340.525          -8.623e+00             352.505           2.074e+01     
  45.000         245.000           -2.798e+00          -3.986e+00             340.811          -9.010e+00             353.004           2.083e+01     
  45.000         246.000           -2.822e+00          -3.896e+00             341.078          -9.417e+00             353.527           2.093e+01     
  45.000         247.000           -2.843e+00          -3.809e+00             341.328          -9.847e+00             354.082           2.102e+01     
  45.000         248.000           -2.861e+00          -3.724e+00             341.559          -1.030e+01             354.674           2.112e+01     
  45.000         249.000           -2.876e+00          -3.642e+00             341.773          -1.079e+01             355.313           2.122e+01     
  45.000         250.000           -2.887e+00          -3.563e+00             341.969          -1.130e+01             356.010           2.133e+01     
  45.000         251.000           -2.896e+00          -3.486e+00             342.148          -1.185e+01             356.779           2.144e+01     
  45.000         252.000           -2.900e+00          -3.412e+00             342.310          -1.244e+01             357.638           2.155e+01     
  45.000         253.000           -2.902e+00          -3.341e+00             342.455          -1.308e+01             358.612           2.166e+01     
  45.000         254.000           -2.900e+00          -3.271e+00             342.583          -1.376e+01             359.732           2.179e+01     
  45.000         255.000           -2.895e+00          -3.205e+00             342.694          -1.451e+01               1.043           2.191e+01     
  45.000         256.000           -2.886e+00          -3.140e+00             342.790          -1.533e+01               2.604           2.204e+01     
  45.000         257.000           -2.873e+00          -3.078e+00             342.869          -1.623e+01               4.503           2.217e+01     
  45.000         258.000           -2.857e+00          -3.019e+00             342.933          -1.722e+01               6.867           2.231e+01     
  45.000         259.000           -2.837e+00          -2.961e+00             342.981          -1.834e+01               9.889           2.246e+01     
  45.000         260.000           -2.814e+00          -2.906e+00             343.014          -1.958e+01              13.871           2.261e+01     
  45.000         261.000           -2.787e+00          -2.853e+00             343.032          -2.097e+01              19.303           2.277e+01     
  45.000         262.000           -2.756e+00          -2.802e+00             343.035          -2.251e+01              26.975           2.293e+01     
  45.000         263.000           -2.722e+00          -2.754e+00             343.023          -2.410e+01              38.087           2.310e+01     
  45.000         264.000           -2.684e+00          -2.707e+00             342.998          -2.548e+01              53.944           2.327e+01     
  45.000         265.000           -2.643e+00          -2.663e+00             342.958          -2.611e+01              74.209           2.345e+01     
  45.000         266.000           -2.599e+00          -2.620e+00             342.905          -2.560e+01              94.856           2.364e+01     
  45.000         267.000           -2.551e+00          -2.580e+00             342.838          -2.424e+01             111.435           2.383e+01     
  45.000         268.000           -2.499e+00          -2.542e+00             342.758          -2.261e+01             123.125           2.403e+01     
  45.000         269.000           -2.445e+00          -2.506e+00             342.666          -2.101e+01             131.144           2.423e+01     
  45.000         270.000           -2.387e+00          -2.472e+00             342.560          -1.955e+01             136.749           2.444e+01     
  45.000         271.000           -2.327e+00          -2.439e+00             342.443          -1.824e+01             140.788           2.465e+01     
  45.000         272.000           -2.263e+00          -2.409e+00             342.314          -1.706e+01             143.785           2.487e+01     
  45.000         273.000           -2.196e+00          -2.381e+00             342.173          -1.600e+01             146.064           2.510e+01     
  45.000         274.000           -2.127e+00          -2.355e+00             342.020          -1.504e+01             147.833           2.533e+01     
  45.000         275.000           -2.055e+00          -2.330e+00             341.857          -1.417e+01             149.227           2.557e+01     
  45.000         276.000           -1.980e+00          -2.308e+00             341.683          -1.337e+01             150.337           2.581e+01     
  45.000         277.000           -1.903e+00          -2.287e+00             341.498          -1.262e+01             151.228           2.606e+01     
  45.000         278.000           -1.823e+00          -2.269e+00             341.304          -1.193e+01             151.945           2.631e+01     
  45.000         279.000           -1.741e+00          -2.252e+00             341.100          -1.129e+01             152.523           2.657e+01     
  45.000         280.000           -1.657e+00          -2.238e+00             340.887          -1.069e+01             152.986           2.683e+01     
  45.000         281.000           -1.571e+00          -2.225e+00             340.665          -1.012e+01             153.356           2.709e+01     
  45.000         282.000           -1.483e+00          -2.214e+00             340.435          -9.584e+00             153.644           2.736e+01     
  45.000         283.000           -1.394e+00          -2.205e+00             340.196          -9.076e+00             153.865           2.763e+01     
  45.000         284.000           -1.302e+00          -2.199e+00             339.949          -8.594e+00             154.027           2.790e+01     
  45.000         285.000           -1.209e+00          -2.194e+00             339.695          -8.135e+00             154.138           2.818e+01     
  45.000         286.000           -1.114e+00          -2.191e+00             339.433          -7.697e+00             154.206           2.846e+01     
  45.000         287.000           -1.018e+00          -2.190e+00             339.165          -7.278e+00             154.234           2.873e+01     
  45.000         288.000           -9.205e-01          -2.192e+00             338.891          -6.876e+00             154.228           2.901e+01     
  45.000         289.000           -8.218e-01          -2.195e+00             338.611          -6.490e+00             154.191           2.929e+01     
  45.000         290.000           -7.221e-01          -2.201e+00             338.325          -6.119e+00             154.127           2.958e+01     
  45.000         291.000           -6.214e-01          -2.209e+00             338.034          -5.762e+00             154.038           2.986e+01     
  45.000         292.000           -5.198e-01          -2.219e+00             337.738          -5.418e+00             153.926           3.013e+01     
  45.000         293.000           -4.173e-01          -2.231e+00             337.438          -5.085e+00             153.795           3.041e+01     
  45.000         294.000           -3.142e-01          -2.246e+00             337.133          -4.763e+00             153.645           3.069e+01     
  45.000         295.000           -2.104e-01          -2.262e+00             336.826          -4.452e+00             153.479           3.096e+01     
  45.000         296.000           -1.061e-01          -2.282e+00             336.515          -4.151e+00             153.298           3.123e+01     
  45.000         297.000           -1.356e-03          -2.304e+00             336.201          -3.858e+00             153.103           3.150e+01     
  45.000         298.000            1.038e-01          -2.328e+00             335.884          -3.574e+00             152.896           3.176e+01     
  45.000         299.000            2.091e-01          -2.355e+00             335.566          -3.299e+00             152.678           3.202e+01     
  45.000         300.000            3.147e-01          -2.384e+00             335.246          -3.031e+00             152.449           3.227e+01     
  45.000         301.000            4.204e-01          -2.417e+00             334.924          -2.770e+00             152.211           3.252e+01     
  45.000         302.000            5.262e-01          -2.452e+00             334.602          -2.517e+00             151.965           3.276e+01     
  45.000         303.000            6.319e-01          -2.490e+00             334.279          -2.270e+00             151.711           3.299e+01     
  45.000         304.000            7.375e-01          -2.531e+00             333.956          -2.029e+00             151.450           3.322e+01     
  45.000         305.000            8.429e-01          -2.575e+00             333.633          -1.795e+00             151.184           3.343e+01     
  45.000         306.000            9.480e-01          -2.623e+00             333.311          -1.566e+00             150.912           3.364e+01     
  45.000         307.000            1.053e+00          -2.673e+00             332.990          -1.343e+00             150.635           3.384e+01     
  45.000         308.000            1.157e+00          -2.727e+00             332.670          -1.125e+00             150.354           3.403e+01     
  45.000         309.000            1.261e+00          -2.785e+00             332.352          -9.131e-01             150.070           3.421e+01     
  45.000         310.000            1.365e+00          -2.846e+00             332.036          -7.058e-01             149.782           3.438e+01     
  45.000         311.000            1.468e+00          -2.911e+00             331.722          -5.035e-01             149.492           3.455e+01     
  45.000         312.000            1.570e+00          -2.980e+00             331.411          -3.059e-01             149.200           3.469e+01     
  45.000         313.000            1.671e+00          -3.053e+00             331.103          -1.129e-01             148.906           3.483e+01     
  45.000         314.000            1.772e+00          -3.131e+00             330.799           7.559e-02             148.611           3.496e+01     
  45.000         315.000            1.872e+00          -3.212e+00             330.499           2.597e-01             148.316           3.508e+01     
  45.000         316.000            1.971e+00          -3.299e+00             330.202           4.395e-01             148.020           3.518e+01     
  45.000         317.000            2.069e+00          -3.389e+00             329.911           6.151e-01             147.724           3.528e+01     
  45.000         318.000            2.166e+00          -3.485e+00             329.624           7.866e-01             147.428           3.536e+01     
  45.000         319.000            2.262e+00          -3.586e+00             329.342           9.540e-01             147.133           3.544e+01     
  45.000         320.000            2.357e+00          -3.693e+00             329.067           1.118e+00             146.840           3.550e+01     
  45.000         321.000            2.451e+00          -3.804e+00             328.797           1.277e+00             146.547           3.555e+01     
  45.000         322.000            2.544e+00          -3.922e+00             328.534           1.433e+00             146.257           3.559e+01     
  45.000         323.000            2.635e+00          -4.046e+00             328.277           1.585e+00             145.968           3.562e+01     
  45.000         324.000            2.725e+00          -4.176e+00             328.028           1.733e+00             145.681           3.564e+01     
  45.000         325.000            2.813e+00          -4.312e+00             327.787           1.878e+00             145.397           3.566e+01     
  45.000         326.000            2.901e+00          -4.456e+00             327.553           2.018e+00             145.116           3.566e+01     
  45.000         327.000            2.986e+00          -4.606e+00             327.329           2.156e+00             144.837           3.566e+01     
  45.000         328.000            3.071e+00          -4.765e+00             327.113           2.289e+00             144.562           3.565e+01     
  45.000         329.000            3.153e+00          -4.931e+00             326.907           2.419e+00             144.290           3.563e+01     
  45.000         330.000            3.234e+00          -5.105e+00             326.711           2.546e+00             144.021           3.560e+01     
  45.000         331.000            3.314e+00          -5.289e+00             326.526           2.669e+00             143.757           3.556e+01     
  45.000         332.000            3.392e+00          -5.482e+00             326.352           2.789e+00             143.496           3.552e+01     
  45.000         333.000            3.468e+00          -5.684e+00             326.190           2.905e+00             143.239           3.548e+01     
  45.000         334.000            3.542e+00          -5.897e+00             326.041           3.017e+00             142.986           3.543e+01     
  45.000         335.000            3.615e+00          -6.121e+00             325.907           3.127e+00             142.738           3.537e+01     
  45.000         336.000            3.685e+00          -6.356e+00             325.787           3.232e+00             142.494           3.531e+01     
  45.000         337.000            3.754e+00          -6.604e+00             325.683           3.335e+00             142.255           3.524e+01     
  45.000         338.000            3.821e+00          -6.865e+00             325.596           3.433e+00             142.020           3.517e+01     
  45.000         339.000            3.886e+00          -7.140e+00             325.527           3.529e+00             141.790           3.510e+01     
  45.000         340.000            3.949e+00          -7.430e+00             325.480           3.621e+00             141.565           3.502e+01     
  45.000         341.000            4.010e+00          -7.737e+00             325.454           3.709e+00             141.345           3.494e+01     
  45.000         342.000            4.069e+00          -8.061e+00             325.453           3.795e+00             141.130           3.486e+01     
  45.000         343.000            4.126e+00          -8.404e+00             325.479           3.877e+00             140.921           3.477e+01     
  45.000         344.000            4.181e+00          -8.767e+00             325.536           3.955e+00             140.716           3.468e+01     
  45.000         345.000            4.234e+00          -9.153e+00             325.627           4.030e+00             140.517           3.459e+01     
  45.000         346.000            4.284e+00          -9.564e+00             325.756           4.102e+00             140.323           3.450e+01     
  45.000         347.000            4.333e+00          -1.000e+01             325.931           4.170e+00             140.135           3.441e+01     
  45.000         348.000            4.379e+00          -1.047e+01             326.157           4.235e+00             139.952           3.432e+01     
  45.000         349.000            4.423e+00          -1.097e+01             326.443           4.296e+00             139.774           3.422e+01     
  45.000         350.000            4.465e+00          -1.151e+01             326.801           4.354e+00             139.602           3.412e+01     
  45.000         351.000            4.505e+00          -1.209e+01             327.246           4.409e+00             139.436           3.403e+01     
  45.000         352.000            4.542e+00          -1.272e+01             327.796           4.460e+00             139.275           3.393e+01     
  45.000         353.000            4.577e+00          -1.341e+01             328.477           4.508e+00             139.120           3.383e+01     
  45.000         354.000            4.610e+00          -1.416e+01             329.324           4.552e+00             138.970           3.373e+01     
  45.000         355.000            4.641e+00          -1.498e+01             330.387           4.593e+00             138.826           3.363e+01     
  45.000         356.000            4.669e+00          -1.590e+01             331.736           4.631e+00             138.688           3.353e+01     
  45.000         357.000            4.695e+00          -1.692e+01             333.479           4.665e+00             138.555           3.343e+01     
  45.000         358.000            4.718e+00          -1.808e+01             335.783           4.695e+00             138.428           3.333e+01     
  45.000         359.000            4.739e+00          -1.941e+01             338.919           4.723e+00             138.307           3.323e+01     
