Theta [deg.]  Phi   [deg.]  Abs(Dir.)[dBi   ]   Abs(Theta)[dBi   ]  Phase(Theta)[deg.]  Abs(Phi  )[dBi   ]  Phase(Phi  )[deg.]  Ax.Ratio[dB    ]    
------------------------------------------------------------------------------------------------------------------------------------------------------
   0.000           0.000           -8.511e-01          -8.899e+00             242.315          -1.592e+00             277.407           1.319e+01     
   0.000           1.000           -8.511e-01          -8.615e+00             243.606          -1.647e+00             277.656           1.319e+01     
   0.000           2.000           -8.511e-01          -8.338e+00             244.815          -1.704e+00             277.909           1.319e+01     
   0.000           3.000           -8.511e-01          -8.070e+00             245.952          -1.765e+00             278.165           1.319e+01     
   0.000           4.000           -8.511e-01          -7.808e+00             247.021          -1.828e+00             278.425           1.319e+01     
   0.000           5.000           -8.511e-01          -7.554e+00             248.028          -1.895e+00             278.689           1.319e+01     
   0.000           6.000           -8.511e-01          -7.308e+00             248.979          -1.964e+00             278.957           1.319e+01     
   0.000           7.000           -8.511e-01          -7.068e+00             249.878          -2.037e+00             279.229           1.319e+01     
   0.000           8.000           -8.511e-01          -6.836e+00             250.730          -2.112e+00             279.506           1.319e+01     
   0.000           9.000           -8.511e-01          -6.611e+00             251.538          -2.191e+00             279.788           1.319e+01     
   0.000          10.000           -8.511e-01          -6.392e+00             252.306          -2.273e+00             280.075           1.319e+01     
   0.000          11.000           -8.511e-01          -6.179e+00             253.036          -2.358e+00             280.368           1.319e+01     
   0.000          12.000           -8.511e-01          -5.974e+00             253.732          -2.447e+00             280.667           1.319e+01     
   0.000          13.000           -8.511e-01          -5.774e+00             254.397          -2.538e+00             280.972           1.319e+01     
   0.000          14.000           -8.511e-01          -5.580e+00             255.032          -2.633e+00             281.283           1.319e+01     
   0.000          15.000           -8.511e-01          -5.392e+00             255.639          -2.732e+00             281.602           1.319e+01     
   0.000          16.000           -8.511e-01          -5.210e+00             256.221          -2.834e+00             281.928           1.319e+01     
   0.000          17.000           -8.511e-01          -5.033e+00             256.780          -2.940e+00             282.262           1.319e+01     
   0.000          18.000           -8.511e-01          -4.861e+00             257.317          -3.049e+00             282.604           1.319e+01     
   0.000          19.000           -8.511e-01          -4.695e+00             257.833          -3.162e+00             282.956           1.319e+01     
   0.000          20.000           -8.511e-01          -4.534e+00             258.330          -3.279e+00             283.316           1.319e+01     
   0.000          21.000           -8.511e-01          -4.377e+00             258.810          -3.400e+00             283.687           1.319e+01     
   0.000          22.000           -8.511e-01          -4.226e+00             259.272          -3.525e+00             284.068           1.319e+01     
   0.000          23.000           -8.511e-01          -4.079e+00             259.719          -3.654e+00             284.461           1.319e+01     
   0.000          24.000           -8.511e-01          -3.937e+00             260.151          -3.787e+00             284.866           1.319e+01     
   0.000          25.000           -8.511e-01          -3.799e+00             260.570          -3.925e+00             285.283           1.319e+01     
   0.000          26.000           -8.511e-01          -3.665e+00             260.976          -4.067e+00             285.715           1.319e+01     
   0.000          27.000           -8.511e-01          -3.536e+00             261.370          -4.213e+00             286.160           1.319e+01     
   0.000          28.000           -8.511e-01          -3.411e+00             261.752          -4.365e+00             286.622           1.319e+01     
   0.000          29.000           -8.511e-01          -3.289e+00             262.123          -4.520e+00             287.099           1.319e+01     
   0.000          30.000           -8.511e-01          -3.172e+00             262.485          -4.681e+00             287.595           1.319e+01     
   0.000          31.000           -8.511e-01          -3.059e+00             262.837          -4.847e+00             288.110           1.319e+01     
   0.000          32.000           -8.511e-01          -2.949e+00             263.180          -5.018e+00             288.645           1.319e+01     
   0.000          33.000           -8.511e-01          -2.843e+00             263.515          -5.195e+00             289.201           1.319e+01     
   0.000          34.000           -8.511e-01          -2.740e+00             263.841          -5.376e+00             289.782           1.319e+01     
   0.000          35.000           -8.511e-01          -2.642e+00             264.161          -5.564e+00             290.387           1.319e+01     
   0.000          36.000           -8.511e-01          -2.546e+00             264.473          -5.757e+00             291.020           1.319e+01     
   0.000          37.000           -8.511e-01          -2.454e+00             264.778          -5.957e+00             291.681           1.319e+01     
   0.000          38.000           -8.511e-01          -2.365e+00             265.078          -6.162e+00             292.375           1.319e+01     
   0.000          39.000           -8.511e-01          -2.280e+00             265.371          -6.374e+00             293.102           1.319e+01     
   0.000          40.000           -8.511e-01          -2.198e+00             265.659          -6.592e+00             293.867           1.319e+01     
   0.000          41.000           -8.511e-01          -2.119e+00             265.941          -6.817e+00             294.671           1.319e+01     
   0.000          42.000           -8.511e-01          -2.043e+00             266.218          -7.049e+00             295.519           1.319e+01     
   0.000          43.000           -8.511e-01          -1.970e+00             266.491          -7.287e+00             296.414           1.319e+01     
   0.000          44.000           -8.511e-01          -1.901e+00             266.759          -7.533e+00             297.361           1.319e+01     
   0.000          45.000           -8.511e-01          -1.834e+00             267.024          -7.787e+00             298.363           1.319e+01     
   0.000          46.000           -8.511e-01          -1.770e+00             267.284          -8.047e+00             299.427           1.319e+01     
   0.000          47.000           -8.511e-01          -1.709e+00             267.540          -8.316e+00             300.557           1.319e+01     
   0.000          48.000           -8.511e-01          -1.651e+00             267.793          -8.591e+00             301.761           1.319e+01     
   0.000          49.000           -8.511e-01          -1.596e+00             268.043          -8.875e+00             303.044           1.319e+01     
   0.000          50.000           -8.511e-01          -1.544e+00             268.290          -9.165e+00             304.415           1.319e+01     
   0.000          51.000           -8.511e-01          -1.494e+00             268.533          -9.463e+00             305.883           1.319e+01     
   0.000          52.000           -8.511e-01          -1.447e+00             268.774          -9.769e+00             307.456           1.319e+01     
   0.000          53.000           -8.511e-01          -1.403e+00             269.013          -1.008e+01             309.144           1.319e+01     
   0.000          54.000           -8.511e-01          -1.362e+00             269.249          -1.040e+01             310.960           1.319e+01     
   0.000          55.000           -8.511e-01          -1.323e+00             269.483          -1.072e+01             312.914           1.319e+01     
   0.000          56.000           -8.511e-01          -1.287e+00             269.715          -1.105e+01             315.021           1.319e+01     
   0.000          57.000           -8.511e-01          -1.254e+00             269.945          -1.138e+01             317.292           1.319e+01     
   0.000          58.000           -8.511e-01          -1.223e+00             270.174          -1.170e+01             319.742           1.319e+01     
   0.000          59.000           -8.511e-01          -1.195e+00             270.401          -1.203e+01             322.385           1.319e+01     
   0.000          60.000           -8.511e-01          -1.170e+00             270.627          -1.235e+01             325.233           1.319e+01     
   0.000          61.000           -8.511e-01          -1.147e+00             270.851          -1.267e+01             328.297           1.319e+01     
   0.000          62.000           -8.511e-01          -1.126e+00             271.074          -1.297e+01             331.586           1.319e+01     
   0.000          63.000           -8.511e-01          -1.109e+00             271.296          -1.325e+01             335.102           1.319e+01     
   0.000          64.000           -8.511e-01          -1.093e+00             271.518          -1.351e+01             338.844           1.319e+01     
   0.000          65.000           -8.511e-01          -1.081e+00             271.738          -1.373e+01             342.802           1.319e+01     
   0.000          66.000           -8.511e-01          -1.070e+00             271.958          -1.393e+01             346.957           1.319e+01     
   0.000          67.000           -8.511e-01          -1.063e+00             272.178          -1.408e+01             351.279           1.319e+01     
   0.000          68.000           -8.511e-01          -1.058e+00             272.397          -1.418e+01             355.730           1.319e+01     
   0.000          69.000           -8.511e-01          -1.055e+00             272.617          -1.424e+01               0.263           1.319e+01     
   0.000          70.000           -8.511e-01          -1.055e+00             272.836          -1.424e+01               4.826           1.319e+01     
   0.000          71.000           -8.511e-01          -1.057e+00             273.055          -1.419e+01               9.364           1.319e+01     
   0.000          72.000           -8.511e-01          -1.062e+00             273.274          -1.409e+01              13.824           1.319e+01     
   0.000          73.000           -8.511e-01          -1.070e+00             273.494          -1.394e+01              18.158           1.319e+01     
   0.000          74.000           -8.511e-01          -1.080e+00             273.714          -1.375e+01              22.328           1.319e+01     
   0.000          75.000           -8.511e-01          -1.092e+00             273.934          -1.353e+01              26.303           1.319e+01     
   0.000          76.000           -8.511e-01          -1.107e+00             274.156          -1.327e+01              30.064           1.319e+01     
   0.000          77.000           -8.511e-01          -1.125e+00             274.378          -1.299e+01              33.599           1.319e+01     
   0.000          78.000           -8.511e-01          -1.145e+00             274.601          -1.269e+01              36.907           1.319e+01     
   0.000          79.000           -8.511e-01          -1.168e+00             274.825          -1.238e+01              39.990           1.319e+01     
   0.000          80.000           -8.511e-01          -1.193e+00             275.051          -1.206e+01              42.855           1.319e+01     
   0.000          81.000           -8.511e-01          -1.221e+00             275.277          -1.173e+01              45.515           1.319e+01     
   0.000          82.000           -8.511e-01          -1.251e+00             275.506          -1.140e+01              47.980           1.319e+01     
   0.000          83.000           -8.511e-01          -1.285e+00             275.736          -1.107e+01              50.266           1.319e+01     
   0.000          84.000           -8.511e-01          -1.320e+00             275.968          -1.075e+01              52.386           1.319e+01     
   0.000          85.000           -8.511e-01          -1.359e+00             276.202          -1.042e+01              54.353           1.319e+01     
   0.000          86.000           -8.511e-01          -1.400e+00             276.438          -1.011e+01              56.179           1.319e+01     
   0.000          87.000           -8.511e-01          -1.444e+00             276.676          -9.794e+00              57.878           1.319e+01     
   0.000          88.000           -8.511e-01          -1.490e+00             276.917          -9.489e+00              59.460           1.319e+01     
   0.000          89.000           -8.511e-01          -1.540e+00             277.160          -9.190e+00              60.936           1.319e+01     
   0.000          90.000           -8.511e-01          -1.592e+00             277.407          -8.899e+00              62.315           1.319e+01     
   0.000          91.000           -8.511e-01          -1.647e+00             277.656          -8.615e+00              63.606           1.319e+01     
   0.000          92.000           -8.511e-01          -1.704e+00             277.909          -8.338e+00              64.815           1.319e+01     
   0.000          93.000           -8.511e-01          -1.765e+00             278.165          -8.070e+00              65.952           1.319e+01     
   0.000          94.000           -8.511e-01          -1.828e+00             278.425          -7.808e+00              67.021           1.319e+01     
   0.000          95.000           -8.511e-01          -1.895e+00             278.689          -7.554e+00              68.028           1.319e+01     
   0.000          96.000           -8.511e-01          -1.964e+00             278.957          -7.308e+00              68.979           1.319e+01     
   0.000          97.000           -8.511e-01          -2.037e+00             279.229          -7.068e+00              69.878           1.319e+01     
   0.000          98.000           -8.511e-01          -2.112e+00             279.506          -6.836e+00              70.730           1.319e+01     
   0.000          99.000           -8.511e-01          -2.191e+00             279.788          -6.611e+00              71.538           1.319e+01     
   0.000         100.000           -8.511e-01          -2.273e+00             280.075          -6.392e+00              72.306           1.319e+01     
   0.000         101.000           -8.511e-01          -2.358e+00             280.368          -6.179e+00              73.036           1.319e+01     
   0.000         102.000           -8.511e-01          -2.447e+00             280.667          -5.974e+00              73.732           1.319e+01     
   0.000         103.000           -8.511e-01          -2.538e+00             280.972          -5.774e+00              74.397           1.319e+01     
   0.000         104.000           -8.511e-01          -2.633e+00             281.283          -5.580e+00              75.032           1.319e+01     
   0.000         105.000           -8.511e-01          -2.732e+00             281.602          -5.392e+00              75.639           1.319e+01     
   0.000         106.000           -8.511e-01          -2.834e+00             281.928          -5.210e+00              76.221           1.319e+01     
   0.000         107.000           -8.511e-01          -2.940e+00             282.262          -5.033e+00              76.780           1.319e+01     
   0.000         108.000           -8.511e-01          -3.049e+00             282.604          -4.861e+00              77.317           1.319e+01     
   0.000         109.000           -8.511e-01          -3.162e+00             282.956          -4.695e+00              77.833           1.319e+01     
   0.000         110.000           -8.511e-01          -3.279e+00             283.316          -4.534e+00              78.330           1.319e+01     
   0.000         111.000           -8.511e-01          -3.400e+00             283.687          -4.377e+00              78.810           1.319e+01     
   0.000         112.000           -8.511e-01          -3.525e+00             284.068          -4.226e+00              79.272           1.319e+01     
   0.000         113.000           -8.511e-01          -3.654e+00             284.461          -4.079e+00              79.719           1.319e+01     
   0.000         114.000           -8.511e-01          -3.787e+00             284.866          -3.937e+00              80.151           1.319e+01     
   0.000         115.000           -8.511e-01          -3.925e+00             285.283          -3.799e+00              80.570           1.319e+01     
   0.000         116.000           -8.511e-01          -4.067e+00             285.715          -3.665e+00              80.976           1.319e+01     
   0.000         117.000           -8.511e-01          -4.213e+00             286.160          -3.536e+00              81.370           1.319e+01     
   0.000         118.000           -8.511e-01          -4.365e+00             286.622          -3.411e+00              81.752           1.319e+01     
   0.000         119.000           -8.511e-01          -4.520e+00             287.099          -3.289e+00              82.123           1.319e+01     
   0.000         120.000           -8.511e-01          -4.681e+00             287.595          -3.172e+00              82.485           1.319e+01     
   0.000         121.000           -8.511e-01          -4.847e+00             288.110          -3.059e+00              82.837           1.319e+01     
   0.000         122.000           -8.511e-01          -5.018e+00             288.645          -2.949e+00              83.180           1.319e+01     
   0.000         123.000           -8.511e-01          -5.195e+00             289.201          -2.843e+00              83.515           1.319e+01     
   0.000         124.000           -8.511e-01          -5.376e+00             289.782          -2.740e+00              83.841           1.319e+01     
   0.000         125.000           -8.511e-01          -5.564e+00             290.387          -2.642e+00              84.161           1.319e+01     
   0.000         126.000           -8.511e-01          -5.757e+00             291.020          -2.546e+00              84.473           1.319e+01     
   0.000         127.000           -8.511e-01          -5.957e+00             291.681          -2.454e+00              84.778           1.319e+01     
   0.000         128.000           -8.511e-01          -6.162e+00             292.375          -2.365e+00              85.078           1.319e+01     
   0.000         129.000           -8.511e-01          -6.374e+00             293.102          -2.280e+00              85.371           1.319e+01     
   0.000         130.000           -8.511e-01          -6.592e+00             293.867          -2.198e+00              85.659           1.319e+01     
   0.000         131.000           -8.511e-01          -6.817e+00             294.671          -2.119e+00              85.941           1.319e+01     
   0.000         132.000           -8.511e-01          -7.049e+00             295.519          -2.043e+00              86.218           1.319e+01     
   0.000         133.000           -8.511e-01          -7.287e+00             296.414          -1.970e+00              86.491           1.319e+01     
   0.000         134.000           -8.511e-01          -7.533e+00             297.361          -1.901e+00              86.759           1.319e+01     
   0.000         135.000           -8.511e-01          -7.787e+00             298.363          -1.834e+00              87.024           1.319e+01     
   0.000         136.000           -8.511e-01          -8.047e+00             299.427          -1.770e+00              87.284           1.319e+01     
   0.000         137.000           -8.511e-01          -8.316e+00             300.557          -1.709e+00              87.540           1.319e+01     
   0.000         138.000           -8.511e-01          -8.591e+00             301.761          -1.651e+00              87.793           1.319e+01     
   0.000         139.000           -8.511e-01          -8.875e+00             303.044          -1.596e+00              88.043           1.319e+01     
   0.000         140.000           -8.511e-01          -9.165e+00             304.415          -1.544e+00              88.290           1.319e+01     
   0.000         141.000           -8.511e-01          -9.463e+00             305.883          -1.494e+00              88.533           1.319e+01     
   0.000         142.000           -8.511e-01          -9.769e+00             307.456          -1.447e+00              88.774           1.319e+01     
   0.000         143.000           -8.511e-01          -1.008e+01             309.144          -1.403e+00              89.013           1.319e+01     
   0.000         144.000           -8.511e-01          -1.040e+01             310.960          -1.362e+00              89.249           1.319e+01     
   0.000         145.000           -8.511e-01          -1.072e+01             312.914          -1.323e+00              89.483           1.319e+01     
   0.000         146.000           -8.511e-01          -1.105e+01             315.021          -1.287e+00              89.715           1.319e+01     
   0.000         147.000           -8.511e-01          -1.138e+01             317.292          -1.254e+00              89.945           1.319e+01     
   0.000         148.000           -8.511e-01          -1.170e+01             319.742          -1.223e+00              90.174           1.319e+01     
   0.000         149.000           -8.511e-01          -1.203e+01             322.385          -1.195e+00              90.401           1.319e+01     
   0.000         150.000           -8.511e-01          -1.235e+01             325.233          -1.170e+00              90.627           1.319e+01     
   0.000         151.000           -8.511e-01          -1.267e+01             328.297          -1.147e+00              90.851           1.319e+01     
   0.000         152.000           -8.511e-01          -1.297e+01             331.586          -1.126e+00              91.074           1.319e+01     
   0.000         153.000           -8.511e-01          -1.325e+01             335.102          -1.109e+00              91.296           1.319e+01     
   0.000         154.000           -8.511e-01          -1.351e+01             338.844          -1.093e+00              91.518           1.319e+01     
   0.000         155.000           -8.511e-01          -1.373e+01             342.802          -1.081e+00              91.738           1.319e+01     
   0.000         156.000           -8.511e-01          -1.393e+01             346.957          -1.070e+00              91.958           1.319e+01     
   0.000         157.000           -8.511e-01          -1.408e+01             351.279          -1.063e+00              92.178           1.319e+01     
   0.000         158.000           -8.511e-01          -1.418e+01             355.730          -1.058e+00              92.397           1.319e+01     
   0.000         159.000           -8.511e-01          -1.424e+01               0.263          -1.055e+00              92.617           1.319e+01     
   0.000         160.000           -8.511e-01          -1.424e+01               4.826          -1.055e+00              92.836           1.319e+01     
   0.000         161.000           -8.511e-01          -1.419e+01               9.364          -1.057e+00              93.055           1.319e+01     
   0.000         162.000           -8.511e-01          -1.409e+01              13.824          -1.062e+00              93.274           1.319e+01     
   0.000         163.000           -8.511e-01          -1.394e+01              18.158          -1.070e+00              93.494           1.319e+01     
   0.000         164.000           -8.511e-01          -1.375e+01              22.328          -1.080e+00              93.714           1.319e+01     
   0.000         165.000           -8.511e-01          -1.353e+01              26.303          -1.092e+00              93.934           1.319e+01     
   0.000         166.000           -8.511e-01          -1.327e+01              30.064          -1.107e+00              94.156           1.319e+01     
   0.000         167.000           -8.511e-01          -1.299e+01              33.599          -1.125e+00              94.378           1.319e+01     
   0.000         168.000           -8.511e-01          -1.269e+01              36.907          -1.145e+00              94.601           1.319e+01     
   0.000         169.000           -8.511e-01          -1.238e+01              39.990          -1.168e+00              94.825           1.319e+01     
   0.000         170.000           -8.511e-01          -1.206e+01              42.855          -1.193e+00              95.051           1.319e+01     
   0.000         171.000           -8.511e-01          -1.173e+01              45.515          -1.221e+00              95.277           1.319e+01     
   0.000         172.000           -8.511e-01          -1.140e+01              47.980          -1.251e+00              95.506           1.319e+01     
   0.000         173.000           -8.511e-01          -1.107e+01              50.266          -1.285e+00              95.736           1.319e+01     
   0.000         174.000           -8.511e-01          -1.075e+01              52.386          -1.320e+00              95.968           1.319e+01     
   0.000         175.000           -8.511e-01          -1.042e+01              54.353          -1.359e+00              96.202           1.319e+01     
   0.000         176.000           -8.511e-01          -1.011e+01              56.179          -1.400e+00              96.438           1.319e+01     
   0.000         177.000           -8.511e-01          -9.794e+00              57.878          -1.444e+00              96.676           1.319e+01     
   0.000         178.000           -8.511e-01          -9.489e+00              59.460          -1.490e+00              96.917           1.319e+01     
   0.000         179.000           -8.511e-01          -9.190e+00              60.936          -1.540e+00              97.160           1.319e+01     
   0.000         180.000           -8.511e-01          -8.899e+00              62.315          -1.592e+00              97.407           1.319e+01     
   0.000         181.000           -8.511e-01          -8.615e+00              63.606          -1.647e+00              97.656           1.319e+01     
   0.000         182.000           -8.511e-01          -8.338e+00              64.815          -1.704e+00              97.909           1.319e+01     
   0.000         183.000           -8.511e-01          -8.070e+00              65.952          -1.765e+00              98.165           1.319e+01     
   0.000         184.000           -8.511e-01          -7.808e+00              67.021          -1.828e+00              98.425           1.319e+01     
   0.000         185.000           -8.511e-01          -7.554e+00              68.028          -1.895e+00              98.689           1.319e+01     
   0.000         186.000           -8.511e-01          -7.308e+00              68.979          -1.964e+00              98.957           1.319e+01     
   0.000         187.000           -8.511e-01          -7.068e+00              69.878          -2.037e+00              99.229           1.319e+01     
   0.000         188.000           -8.511e-01          -6.836e+00              70.730          -2.112e+00              99.506           1.319e+01     
   0.000         189.000           -8.511e-01          -6.611e+00              71.538          -2.191e+00              99.788           1.319e+01     
   0.000         190.000           -8.511e-01          -6.392e+00              72.306          -2.273e+00             100.075           1.319e+01     
   0.000         191.000           -8.511e-01          -6.179e+00              73.036          -2.358e+00             100.368           1.319e+01     
   0.000         192.000           -8.511e-01          -5.974e+00              73.732          -2.447e+00             100.667           1.319e+01     
   0.000         193.000           -8.511e-01          -5.774e+00              74.397          -2.538e+00             100.972           1.319e+01     
   0.000         194.000           -8.511e-01          -5.580e+00              75.032          -2.633e+00             101.283           1.319e+01     
   0.000         195.000           -8.511e-01          -5.392e+00              75.639          -2.732e+00             101.602           1.319e+01     
   0.000         196.000           -8.511e-01          -5.210e+00              76.221          -2.834e+00             101.928           1.319e+01     
   0.000         197.000           -8.511e-01          -5.033e+00              76.780          -2.940e+00             102.262           1.319e+01     
   0.000         198.000           -8.511e-01          -4.861e+00              77.317          -3.049e+00             102.604           1.319e+01     
   0.000         199.000           -8.511e-01          -4.695e+00              77.833          -3.162e+00             102.956           1.319e+01     
   0.000         200.000           -8.511e-01          -4.534e+00              78.330          -3.279e+00             103.316           1.319e+01     
   0.000         201.000           -8.511e-01          -4.377e+00              78.810          -3.400e+00             103.687           1.319e+01     
   0.000         202.000           -8.511e-01          -4.226e+00              79.272          -3.525e+00             104.068           1.319e+01     
   0.000         203.000           -8.511e-01          -4.079e+00              79.719          -3.654e+00             104.461           1.319e+01     
   0.000         204.000           -8.511e-01          -3.937e+00              80.151          -3.787e+00             104.866           1.319e+01     
   0.000         205.000           -8.511e-01          -3.799e+00              80.570          -3.925e+00             105.283           1.319e+01     
   0.000         206.000           -8.511e-01          -3.665e+00              80.976          -4.067e+00             105.715           1.319e+01     
   0.000         207.000           -8.511e-01          -3.536e+00              81.370          -4.213e+00             106.160           1.319e+01     
   0.000         208.000           -8.511e-01          -3.411e+00              81.752          -4.365e+00             106.622           1.319e+01     
   0.000         209.000           -8.511e-01          -3.289e+00              82.123          -4.520e+00             107.099           1.319e+01     
   0.000         210.000           -8.511e-01          -3.172e+00              82.485          -4.681e+00             107.595           1.319e+01     
   0.000         211.000           -8.511e-01          -3.059e+00              82.837          -4.847e+00             108.110           1.319e+01     
   0.000         212.000           -8.511e-01          -2.949e+00              83.180          -5.018e+00             108.645           1.319e+01     
   0.000         213.000           -8.511e-01          -2.843e+00              83.515          -5.195e+00             109.201           1.319e+01     
   0.000         214.000           -8.511e-01          -2.740e+00              83.841          -5.376e+00             109.782           1.319e+01     
   0.000         215.000           -8.511e-01          -2.642e+00              84.161          -5.564e+00             110.387           1.319e+01     
   0.000         216.000           -8.511e-01          -2.546e+00              84.473          -5.757e+00             111.020           1.319e+01     
   0.000         217.000           -8.511e-01          -2.454e+00              84.778          -5.957e+00             111.681           1.319e+01     
   0.000         218.000           -8.511e-01          -2.365e+00              85.078          -6.162e+00             112.375           1.319e+01     
   0.000         219.000           -8.511e-01          -2.280e+00              85.371          -6.374e+00             113.102           1.319e+01     
   0.000         220.000           -8.511e-01          -2.198e+00              85.659          -6.592e+00             113.867           1.319e+01     
   0.000         221.000           -8.511e-01          -2.119e+00              85.941          -6.817e+00             114.671           1.319e+01     
   0.000         222.000           -8.511e-01          -2.043e+00              86.218          -7.049e+00             115.519           1.319e+01     
   0.000         223.000           -8.511e-01          -1.970e+00              86.491          -7.287e+00             116.414           1.319e+01     
   0.000         224.000           -8.511e-01          -1.901e+00              86.759          -7.533e+00             117.361           1.319e+01     
   0.000         225.000           -8.511e-01          -1.834e+00              87.024          -7.787e+00             118.363           1.319e+01     
   0.000         226.000           -8.511e-01          -1.770e+00              87.284          -8.047e+00             119.427           1.319e+01     
   0.000         227.000           -8.511e-01          -1.709e+00              87.540          -8.316e+00             120.557           1.319e+01     
   0.000         228.000           -8.511e-01          -1.651e+00              87.793          -8.591e+00             121.761           1.319e+01     
   0.000         229.000           -8.511e-01          -1.596e+00              88.043          -8.875e+00             123.044           1.319e+01     
   0.000         230.000           -8.511e-01          -1.544e+00              88.290          -9.165e+00             124.415           1.319e+01     
   0.000         231.000           -8.511e-01          -1.494e+00              88.533          -9.463e+00             125.883           1.319e+01     
   0.000         232.000           -8.511e-01          -1.447e+00              88.774          -9.769e+00             127.456           1.319e+01     
   0.000         233.000           -8.511e-01          -1.403e+00              89.013          -1.008e+01             129.144           1.319e+01     
   0.000         234.000           -8.511e-01          -1.362e+00              89.249          -1.040e+01             130.960           1.319e+01     
   0.000         235.000           -8.511e-01          -1.323e+00              89.483          -1.072e+01             132.914           1.319e+01     
   0.000         236.000           -8.511e-01          -1.287e+00              89.715          -1.105e+01             135.021           1.319e+01     
   0.000         237.000           -8.511e-01          -1.254e+00              89.945          -1.138e+01             137.292           1.319e+01     
   0.000         238.000           -8.511e-01          -1.223e+00              90.174          -1.170e+01             139.742           1.319e+01     
   0.000         239.000           -8.511e-01          -1.195e+00              90.401          -1.203e+01             142.385           1.319e+01     
   0.000         240.000           -8.511e-01          -1.170e+00              90.627          -1.235e+01             145.233           1.319e+01     
   0.000         241.000           -8.511e-01          -1.147e+00              90.851          -1.267e+01             148.297           1.319e+01     
   0.000         242.000           -8.511e-01          -1.126e+00              91.074          -1.297e+01             151.586           1.319e+01     
   0.000         243.000           -8.511e-01          -1.109e+00              91.296          -1.325e+01             155.102           1.319e+01     
   0.000         244.000           -8.511e-01          -1.093e+00              91.518          -1.351e+01             158.844           1.319e+01     
   0.000         245.000           -8.511e-01          -1.081e+00              91.738          -1.373e+01             162.802           1.319e+01     
   0.000         246.000           -8.511e-01          -1.070e+00              91.958          -1.393e+01             166.957           1.319e+01     
   0.000         247.000           -8.511e-01          -1.063e+00              92.178          -1.408e+01             171.279           1.319e+01     
   0.000         248.000           -8.511e-01          -1.058e+00              92.397          -1.418e+01             175.730           1.319e+01     
   0.000         249.000           -8.511e-01          -1.055e+00              92.617          -1.424e+01             180.263           1.319e+01     
   0.000         250.000           -8.511e-01          -1.055e+00              92.836          -1.424e+01             184.826           1.319e+01     
   0.000         251.000           -8.511e-01          -1.057e+00              93.055          -1.419e+01             189.364           1.319e+01     
   0.000         252.000           -8.511e-01          -1.062e+00              93.274          -1.409e+01             193.824           1.319e+01     
   0.000         253.000           -8.511e-01          -1.070e+00              93.494          -1.394e+01             198.158           1.319e+01     
   0.000         254.000           -8.511e-01          -1.080e+00              93.714          -1.375e+01             202.328           1.319e+01     
   0.000         255.000           -8.511e-01          -1.092e+00              93.934          -1.353e+01             206.303           1.319e+01     
   0.000         256.000           -8.511e-01          -1.107e+00              94.156          -1.327e+01             210.064           1.319e+01     
   0.000         257.000           -8.511e-01          -1.125e+00              94.378          -1.299e+01             213.599           1.319e+01     
   0.000         258.000           -8.511e-01          -1.145e+00              94.601          -1.269e+01             216.907           1.319e+01     
   0.000         259.000           -8.511e-01          -1.168e+00              94.825          -1.238e+01             219.990           1.319e+01     
   0.000         260.000           -8.511e-01          -1.193e+00              95.051          -1.206e+01             222.855           1.319e+01     
   0.000         261.000           -8.511e-01          -1.221e+00              95.277          -1.173e+01             225.515           1.319e+01     
   0.000         262.000           -8.511e-01          -1.251e+00              95.506          -1.140e+01             227.980           1.319e+01     
   0.000         263.000           -8.511e-01          -1.285e+00              95.736          -1.107e+01             230.266           1.319e+01     
   0.000         264.000           -8.511e-01          -1.320e+00              95.968          -1.075e+01             232.386           1.319e+01     
   0.000         265.000           -8.511e-01          -1.359e+00              96.202          -1.042e+01             234.353           1.319e+01     
   0.000         266.000           -8.511e-01          -1.400e+00              96.438          -1.011e+01             236.179           1.319e+01     
   0.000         267.000           -8.511e-01          -1.444e+00              96.676          -9.794e+00             237.878           1.319e+01     
   0.000         268.000           -8.511e-01          -1.490e+00              96.917          -9.489e+00             239.460           1.319e+01     
   0.000         269.000           -8.511e-01          -1.540e+00              97.160          -9.190e+00             240.936           1.319e+01     
   0.000         270.000           -8.511e-01          -1.592e+00              97.407          -8.899e+00             242.315           1.319e+01     
   0.000         271.000           -8.511e-01          -1.647e+00              97.656          -8.615e+00             243.606           1.319e+01     
   0.000         272.000           -8.511e-01          -1.704e+00              97.909          -8.338e+00             244.815           1.319e+01     
   0.000         273.000           -8.511e-01          -1.765e+00              98.165          -8.070e+00             245.952           1.319e+01     
   0.000         274.000           -8.511e-01          -1.828e+00              98.425          -7.808e+00             247.021           1.319e+01     
   0.000         275.000           -8.511e-01          -1.895e+00              98.689          -7.554e+00             248.028           1.319e+01     
   0.000         276.000           -8.511e-01          -1.964e+00              98.957          -7.308e+00             248.979           1.319e+01     
   0.000         277.000           -8.511e-01          -2.037e+00              99.229          -7.068e+00             249.878           1.319e+01     
   0.000         278.000           -8.511e-01          -2.112e+00              99.506          -6.836e+00             250.730           1.319e+01     
   0.000         279.000           -8.511e-01          -2.191e+00              99.788          -6.611e+00             251.538           1.319e+01     
   0.000         280.000           -8.511e-01          -2.273e+00             100.075          -6.392e+00             252.306           1.319e+01     
   0.000         281.000           -8.511e-01          -2.358e+00             100.368          -6.179e+00             253.036           1.319e+01     
   0.000         282.000           -8.511e-01          -2.447e+00             100.667          -5.974e+00             253.732           1.319e+01     
   0.000         283.000           -8.511e-01          -2.538e+00             100.972          -5.774e+00             254.397           1.319e+01     
   0.000         284.000           -8.511e-01          -2.633e+00             101.283          -5.580e+00             255.032           1.319e+01     
   0.000         285.000           -8.511e-01          -2.732e+00             101.602          -5.392e+00             255.639           1.319e+01     
   0.000         286.000           -8.511e-01          -2.834e+00             101.928          -5.210e+00             256.221           1.319e+01     
   0.000         287.000           -8.511e-01          -2.940e+00             102.262          -5.033e+00             256.780           1.319e+01     
   0.000         288.000           -8.511e-01          -3.049e+00             102.604          -4.861e+00             257.317           1.319e+01     
   0.000         289.000           -8.511e-01          -3.162e+00             102.956          -4.695e+00             257.833           1.319e+01     
   0.000         290.000           -8.511e-01          -3.279e+00             103.316          -4.534e+00             258.330           1.319e+01     
   0.000         291.000           -8.511e-01          -3.400e+00             103.687          -4.377e+00             258.810           1.319e+01     
   0.000         292.000           -8.511e-01          -3.525e+00             104.068          -4.226e+00             259.272           1.319e+01     
   0.000         293.000           -8.511e-01          -3.654e+00             104.461          -4.079e+00             259.719           1.319e+01     
   0.000         294.000           -8.511e-01          -3.787e+00             104.866          -3.937e+00             260.151           1.319e+01     
   0.000         295.000           -8.511e-01          -3.925e+00             105.283          -3.799e+00             260.570           1.319e+01     
   0.000         296.000           -8.511e-01          -4.067e+00             105.715          -3.665e+00             260.976           1.319e+01     
   0.000         297.000           -8.511e-01          -4.213e+00             106.160          -3.536e+00             261.370           1.319e+01     
   0.000         298.000           -8.511e-01          -4.365e+00             106.622          -3.411e+00             261.752           1.319e+01     
   0.000         299.000           -8.511e-01          -4.520e+00             107.099          -3.289e+00             262.123           1.319e+01     
   0.000         300.000           -8.511e-01          -4.681e+00             107.595          -3.172e+00             262.485           1.319e+01     
   0.000         301.000           -8.511e-01          -4.847e+00             108.110          -3.059e+00             262.837           1.319e+01     
   0.000         302.000           -8.511e-01          -5.018e+00             108.645          -2.949e+00             263.180           1.319e+01     
   0.000         303.000           -8.511e-01          -5.195e+00             109.201          -2.843e+00             263.515           1.319e+01     
   0.000         304.000           -8.511e-01          -5.376e+00             109.782          -2.740e+00             263.841           1.319e+01     
   0.000         305.000           -8.511e-01          -5.564e+00             110.387          -2.642e+00             264.161           1.319e+01     
   0.000         306.000           -8.511e-01          -5.757e+00             111.020          -2.546e+00             264.473           1.319e+01     
   0.000         307.000           -8.511e-01          -5.957e+00             111.681          -2.454e+00             264.778           1.319e+01     
   0.000         308.000           -8.511e-01          -6.162e+00             112.375          -2.365e+00             265.078           1.319e+01     
   0.000         309.000           -8.511e-01          -6.374e+00             113.102          -2.280e+00             265.371           1.319e+01     
   0.000         310.000           -8.511e-01          -6.592e+00             113.867          -2.198e+00             265.659           1.319e+01     
   0.000         311.000           -8.511e-01          -6.817e+00             114.671          -2.119e+00             265.941           1.319e+01     
   0.000         312.000           -8.511e-01          -7.049e+00             115.519          -2.043e+00             266.218           1.319e+01     
   0.000         313.000           -8.511e-01          -7.287e+00             116.414          -1.970e+00             266.491           1.319e+01     
   0.000         314.000           -8.511e-01          -7.533e+00             117.361          -1.901e+00             266.759           1.319e+01     
   0.000         315.000           -8.511e-01          -7.787e+00             118.363          -1.834e+00             267.024           1.319e+01     
   0.000         316.000           -8.511e-01          -8.047e+00             119.427          -1.770e+00             267.284           1.319e+01     
   0.000         317.000           -8.511e-01          -8.316e+00             120.557          -1.709e+00             267.540           1.319e+01     
   0.000         318.000           -8.511e-01          -8.591e+00             121.761          -1.651e+00             267.793           1.319e+01     
   0.000         319.000           -8.511e-01          -8.875e+00             123.044          -1.596e+00             268.043           1.319e+01     
   0.000         320.000           -8.511e-01          -9.165e+00             124.415          -1.544e+00             268.290           1.319e+01     
   0.000         321.000           -8.511e-01          -9.463e+00             125.883          -1.494e+00             268.533           1.319e+01     
   0.000         322.000           -8.511e-01          -9.769e+00             127.456          -1.447e+00             268.774           1.319e+01     
   0.000         323.000           -8.511e-01          -1.008e+01             129.144          -1.403e+00             269.013           1.319e+01     
   0.000         324.000           -8.511e-01          -1.040e+01             130.960          -1.362e+00             269.249           1.319e+01     
   0.000         325.000           -8.511e-01          -1.072e+01             132.914          -1.323e+00             269.483           1.319e+01     
   0.000         326.000           -8.511e-01          -1.105e+01             135.021          -1.287e+00             269.715           1.319e+01     
   0.000         327.000           -8.511e-01          -1.138e+01             137.292          -1.254e+00             269.945           1.319e+01     
   0.000         328.000           -8.511e-01          -1.170e+01             139.742          -1.223e+00             270.174           1.319e+01     
   0.000         329.000           -8.511e-01          -1.203e+01             142.385          -1.195e+00             270.401           1.319e+01     
   0.000         330.000           -8.511e-01          -1.235e+01             145.233          -1.170e+00             270.627           1.319e+01     
   0.000         331.000           -8.511e-01          -1.267e+01             148.297          -1.147e+00             270.851           1.319e+01     
   0.000         332.000           -8.511e-01          -1.297e+01             151.586          -1.126e+00             271.074           1.319e+01     
   0.000         333.000           -8.511e-01          -1.325e+01             155.102          -1.109e+00             271.296           1.319e+01     
   0.000         334.000           -8.511e-01          -1.351e+01             158.844          -1.093e+00             271.518           1.319e+01     
   0.000         335.000           -8.511e-01          -1.373e+01             162.802          -1.081e+00             271.738           1.319e+01     
   0.000         336.000           -8.511e-01          -1.393e+01             166.957          -1.070e+00             271.958           1.319e+01     
   0.000         337.000           -8.511e-01          -1.408e+01             171.279          -1.063e+00             272.178           1.319e+01     
   0.000         338.000           -8.511e-01          -1.418e+01             175.730          -1.058e+00             272.397           1.319e+01     
   0.000         339.000           -8.511e-01          -1.424e+01             180.263          -1.055e+00             272.617           1.319e+01     
   0.000         340.000           -8.511e-01          -1.424e+01             184.826          -1.055e+00             272.836           1.319e+01     
   0.000         341.000           -8.511e-01          -1.419e+01             189.364          -1.057e+00             273.055           1.319e+01     
   0.000         342.000           -8.511e-01          -1.409e+01             193.824          -1.062e+00             273.274           1.319e+01     
   0.000         343.000           -8.511e-01          -1.394e+01             198.158          -1.070e+00             273.494           1.319e+01     
   0.000         344.000           -8.511e-01          -1.375e+01             202.328          -1.080e+00             273.714           1.319e+01     
   0.000         345.000           -8.511e-01          -1.353e+01             206.303          -1.092e+00             273.934           1.319e+01     
   0.000         346.000           -8.511e-01          -1.327e+01             210.064          -1.107e+00             274.156           1.319e+01     
   0.000         347.000           -8.511e-01          -1.299e+01             213.599          -1.125e+00             274.378           1.319e+01     
   0.000         348.000           -8.511e-01          -1.269e+01             216.907          -1.145e+00             274.601           1.319e+01     
   0.000         349.000           -8.511e-01          -1.238e+01             219.990          -1.168e+00             274.825           1.319e+01     
   0.000         350.000           -8.511e-01          -1.206e+01             222.855          -1.193e+00             275.051           1.319e+01     
   0.000         351.000           -8.511e-01          -1.173e+01             225.515          -1.221e+00             275.277           1.319e+01     
   0.000         352.000           -8.511e-01          -1.140e+01             227.980          -1.251e+00             275.506           1.319e+01     
   0.000         353.000           -8.511e-01          -1.107e+01             230.266          -1.285e+00             275.736           1.319e+01     
   0.000         354.000           -8.511e-01          -1.075e+01             232.386          -1.320e+00             275.968           1.319e+01     
   0.000         355.000           -8.511e-01          -1.042e+01             234.353          -1.359e+00             276.202           1.319e+01     
   0.000         356.000           -8.511e-01          -1.011e+01             236.179          -1.400e+00             276.438           1.319e+01     
   0.000         357.000           -8.511e-01          -9.794e+00             237.878          -1.444e+00             276.676           1.319e+01     
   0.000         358.000           -8.511e-01          -9.489e+00             239.460          -1.490e+00             276.917           1.319e+01     
   0.000         359.000           -8.511e-01          -9.190e+00             240.936          -1.540e+00             277.160           1.319e+01     
