Theta [deg.]  Phi   [deg.]  Abs(Dir.)[dBi   ]   Abs(Theta)[dBi   ]  Phase(Theta)[deg.]  Abs(Phi  )[dBi   ]  Phase(Phi  )[deg.]  Ax.Ratio[dB    ]    
------------------------------------------------------------------------------------------------------------------------------------------------------
  90.000           0.000           -4.492e+00          -1.738e+01             186.132          -4.721e+00             170.261           2.435e+01     
  90.000           1.000           -4.504e+00          -1.739e+01             186.776          -4.733e+00             170.386           2.407e+01     
  90.000           2.000           -4.519e+00          -1.740e+01             187.429          -4.748e+00             170.552           2.382e+01     
  90.000           3.000           -4.537e+00          -1.742e+01             188.091          -4.766e+00             170.759           2.360e+01     
  90.000           4.000           -4.557e+00          -1.745e+01             188.764          -4.786e+00             171.005           2.339e+01     
  90.000           5.000           -4.581e+00          -1.748e+01             189.448          -4.809e+00             171.292           2.321e+01     
  90.000           6.000           -4.607e+00          -1.751e+01             190.144          -4.835e+00             171.618           2.305e+01     
  90.000           7.000           -4.636e+00          -1.756e+01             190.854          -4.863e+00             171.984           2.291e+01     
  90.000           8.000           -4.667e+00          -1.760e+01             191.578          -4.894e+00             172.387           2.278e+01     
  90.000           9.000           -4.701e+00          -1.765e+01             192.318          -4.927e+00             172.830           2.267e+01     
  90.000          10.000           -4.738e+00          -1.771e+01             193.075          -4.963e+00             173.309           2.257e+01     
  90.000          11.000           -4.777e+00          -1.777e+01             193.849          -5.001e+00             173.826           2.248e+01     
  90.000          12.000           -4.819e+00          -1.784e+01             194.643          -5.041e+00             174.379           2.240e+01     
  90.000          13.000           -4.863e+00          -1.791e+01             195.456          -5.084e+00             174.968           2.233e+01     
  90.000          14.000           -4.909e+00          -1.798e+01             196.291          -5.129e+00             175.592           2.228e+01     
  90.000          15.000           -4.958e+00          -1.806e+01             197.148          -5.176e+00             176.250           2.223e+01     
  90.000          16.000           -5.009e+00          -1.815e+01             198.028          -5.225e+00             176.942           2.218e+01     
  90.000          17.000           -5.062e+00          -1.824e+01             198.934          -5.276e+00             177.666           2.215e+01     
  90.000          18.000           -5.117e+00          -1.833e+01             199.865          -5.329e+00             178.422           2.212e+01     
  90.000          19.000           -5.174e+00          -1.843e+01             200.824          -5.384e+00             179.209           2.209e+01     
  90.000          20.000           -5.233e+00          -1.853e+01             201.811          -5.441e+00             180.025           2.206e+01     
  90.000          21.000           -5.295e+00          -1.864e+01             202.827          -5.500e+00             180.870           2.204e+01     
  90.000          22.000           -5.358e+00          -1.875e+01             203.875          -5.561e+00             181.743           2.202e+01     
  90.000          23.000           -5.423e+00          -1.886e+01             204.955          -5.624e+00             182.642           2.200e+01     
  90.000          24.000           -5.489e+00          -1.898e+01             206.069          -5.688e+00             183.567           2.198e+01     
  90.000          25.000           -5.558e+00          -1.910e+01             207.217          -5.755e+00             184.516           2.195e+01     
  90.000          26.000           -5.628e+00          -1.922e+01             208.400          -5.822e+00             185.488           2.192e+01     
  90.000          27.000           -5.700e+00          -1.934e+01             209.621          -5.892e+00             186.481           2.189e+01     
  90.000          28.000           -5.774e+00          -1.947e+01             210.879          -5.964e+00             187.496           2.186e+01     
  90.000          29.000           -5.850e+00          -1.960e+01             212.176          -6.037e+00             188.529           2.181e+01     
  90.000          30.000           -5.927e+00          -1.973e+01             213.513          -6.112e+00             189.581           2.177e+01     
  90.000          31.000           -6.007e+00          -1.986e+01             214.891          -6.189e+00             190.650           2.171e+01     
  90.000          32.000           -6.088e+00          -1.999e+01             216.309          -6.268e+00             191.734           2.164e+01     
  90.000          33.000           -6.171e+00          -2.012e+01             217.768          -6.349e+00             192.832           2.157e+01     
  90.000          34.000           -6.256e+00          -2.025e+01             219.269          -6.433e+00             193.944           2.149e+01     
  90.000          35.000           -6.343e+00          -2.038e+01             220.812          -6.518e+00             195.067           2.139e+01     
  90.000          36.000           -6.433e+00          -2.051e+01             222.395          -6.606e+00             196.201           2.129e+01     
  90.000          37.000           -6.524e+00          -2.064e+01             224.019          -6.696e+00             197.344           2.118e+01     
  90.000          38.000           -6.618e+00          -2.076e+01             225.683          -6.789e+00             198.496           2.105e+01     
  90.000          39.000           -6.715e+00          -2.088e+01             227.385          -6.884e+00             199.654           2.091e+01     
  90.000          40.000           -6.814e+00          -2.100e+01             229.124          -6.983e+00             200.818           2.077e+01     
  90.000          41.000           -6.916e+00          -2.112e+01             230.898          -7.084e+00             201.987           2.061e+01     
  90.000          42.000           -7.021e+00          -2.123e+01             232.705          -7.189e+00             203.159           2.044e+01     
  90.000          43.000           -7.129e+00          -2.133e+01             234.542          -7.297e+00             204.334           2.025e+01     
  90.000          44.000           -7.241e+00          -2.143e+01             236.405          -7.409e+00             205.511           2.006e+01     
  90.000          45.000           -7.356e+00          -2.152e+01             238.287          -7.526e+00             206.687           1.986e+01     
  90.000          46.000           -7.475e+00          -2.161e+01             240.192          -7.646e+00             207.864           1.965e+01     
  90.000          47.000           -7.598e+00          -2.169e+01             242.114          -7.771e+00             209.039           1.942e+01     
  90.000          48.000           -7.726e+00          -2.176e+01             244.046          -7.901e+00             210.211           1.919e+01     
  90.000          49.000           -7.858e+00          -2.182e+01             245.984          -8.036e+00             211.381           1.895e+01     
  90.000          50.000           -7.995e+00          -2.188e+01             247.924          -8.177e+00             212.546           1.870e+01     
  90.000          51.000           -8.138e+00          -2.193e+01             249.860          -8.323e+00             213.706           1.844e+01     
  90.000          52.000           -8.287e+00          -2.197e+01             251.788          -8.476e+00             214.860           1.817e+01     
  90.000          53.000           -8.441e+00          -2.201e+01             253.703          -8.636e+00             216.007           1.789e+01     
  90.000          54.000           -8.602e+00          -2.203e+01             255.600          -8.804e+00             217.146           1.761e+01     
  90.000          55.000           -8.770e+00          -2.205e+01             257.474          -8.979e+00             218.276           1.732e+01     
  90.000          56.000           -8.945e+00          -2.207e+01             259.321          -9.162e+00             219.397           1.702e+01     
  90.000          57.000           -9.129e+00          -2.207e+01             261.137          -9.355e+00             220.507           1.671e+01     
  90.000          58.000           -9.320e+00          -2.207e+01             262.917          -9.557e+00             221.605           1.640e+01     
  90.000          59.000           -9.521e+00          -2.207e+01             264.659          -9.770e+00             222.691           1.608e+01     
  90.000          60.000           -9.732e+00          -2.205e+01             266.359          -9.994e+00             223.762           1.575e+01     
  90.000          61.000           -9.953e+00          -2.204e+01             268.015          -1.023e+01             224.818           1.541e+01     
  90.000          62.000           -1.019e+01          -2.201e+01             269.623          -1.048e+01             225.856           1.506e+01     
  90.000          63.000           -1.043e+01          -2.199e+01             271.182          -1.074e+01             226.876           1.470e+01     
  90.000          64.000           -1.069e+01          -2.196e+01             272.690          -1.102e+01             227.876           1.433e+01     
  90.000          65.000           -1.096e+01          -2.192e+01             274.145          -1.132e+01             228.852           1.395e+01     
  90.000          66.000           -1.124e+01          -2.189e+01             275.547          -1.164e+01             229.802           1.356e+01     
  90.000          67.000           -1.155e+01          -2.185e+01             276.894          -1.197e+01             230.724           1.315e+01     
  90.000          68.000           -1.187e+01          -2.181e+01             278.187          -1.233e+01             231.612           1.273e+01     
  90.000          69.000           -1.221e+01          -2.177e+01             279.424          -1.271e+01             232.464           1.230e+01     
  90.000          70.000           -1.256e+01          -2.172e+01             280.605          -1.313e+01             233.272           1.184e+01     
  90.000          71.000           -1.295e+01          -2.168e+01             281.731          -1.357e+01             234.030           1.136e+01     
  90.000          72.000           -1.335e+01          -2.164e+01             282.802          -1.405e+01             234.728           1.087e+01     
  90.000          73.000           -1.378e+01          -2.159e+01             283.817          -1.457e+01             235.355           1.034e+01     
  90.000          74.000           -1.424e+01          -2.155e+01             284.778          -1.514e+01             235.895           9.790e+00     
  90.000          75.000           -1.473e+01          -2.150e+01             285.685          -1.576e+01             236.329           9.209e+00     
  90.000          76.000           -1.525e+01          -2.146e+01             286.538          -1.644e+01             236.626           8.597e+00     
  90.000          77.000           -1.581e+01          -2.141e+01             287.338          -1.720e+01             236.749           7.955e+00     
  90.000          78.000           -1.639e+01          -2.137e+01             288.086          -1.805e+01             236.639           7.289e+00     
  90.000          79.000           -1.701e+01          -2.133e+01             288.782          -1.902e+01             236.208           6.615e+00     
  90.000          80.000           -1.765e+01          -2.129e+01             289.427          -2.012e+01             235.322           5.971e+00     
  90.000          81.000           -1.831e+01          -2.125e+01             290.021          -2.139e+01             233.751           5.439e+00     
  90.000          82.000           -1.896e+01          -2.122e+01             290.566          -2.289e+01             231.095           5.174e+00     
  90.000          83.000           -1.958e+01          -2.118e+01             291.061          -2.469e+01             226.587           5.406e+00     
  90.000          84.000           -2.011e+01          -2.114e+01             291.508          -2.685e+01             218.650           6.358e+00     
  90.000          85.000           -2.049e+01          -2.111e+01             291.907          -2.927e+01             203.999           8.167e+00     
  90.000          86.000           -2.067e+01          -2.108e+01             292.259          -3.112e+01             178.151           1.099e+01     
  90.000          87.000           -2.059e+01          -2.105e+01             292.564          -3.060e+01             146.573           1.526e+01     
  90.000          88.000           -2.026e+01          -2.102e+01             292.823          -2.821e+01             124.383           2.263e+01     
  90.000          89.000           -1.971e+01          -2.099e+01             293.036          -2.565e+01             112.236           4.000e+01     
  90.000          90.000           -1.901e+01          -2.097e+01             293.204          -2.342e+01             105.541           2.383e+01     
  90.000          91.000           -1.821e+01          -2.094e+01             293.328          -2.153e+01             101.646           1.982e+01     
  90.000          92.000           -1.737e+01          -2.092e+01             293.408          -1.991e+01              99.294           1.821e+01     
  90.000          93.000           -1.653e+01          -2.089e+01             293.445          -1.851e+01              97.862           1.761e+01     
  90.000          94.000           -1.569e+01          -2.087e+01             293.439          -1.726e+01              97.014           1.757e+01     
  90.000          95.000           -1.488e+01          -2.085e+01             293.391          -1.615e+01              96.556           1.786e+01     
  90.000          96.000           -1.410e+01          -2.083e+01             293.301          -1.514e+01              96.372           1.835e+01     
  90.000          97.000           -1.336e+01          -2.080e+01             293.171          -1.422e+01              96.383           1.899e+01     
  90.000          98.000           -1.265e+01          -2.078e+01             293.000          -1.337e+01              96.539           1.972e+01     
  90.000          99.000           -1.196e+01          -2.076e+01             292.789          -1.258e+01              96.804           2.054e+01     
  90.000         100.000           -1.132e+01          -2.074e+01             292.540          -1.184e+01              97.153           2.141e+01     
  90.000         101.000           -1.069e+01          -2.072e+01             292.252          -1.115e+01              97.567           2.235e+01     
  90.000         102.000           -1.010e+01          -2.070e+01             291.927          -1.050e+01              98.030           2.334e+01     
  90.000         103.000           -9.531e+00          -2.068e+01             291.567          -9.878e+00              98.534           2.440e+01     
  90.000         104.000           -8.986e+00          -2.065e+01             291.170          -9.292e+00              99.069           2.552e+01     
  90.000         105.000           -8.461e+00          -2.063e+01             290.740          -8.733e+00              99.628           2.672e+01     
  90.000         106.000           -7.957e+00          -2.061e+01             290.276          -8.200e+00             100.207           2.802e+01     
  90.000         107.000           -7.472e+00          -2.058e+01             289.780          -7.690e+00             100.801           2.945e+01     
  90.000         108.000           -7.004e+00          -2.055e+01             289.254          -7.200e+00             101.406           3.103e+01     
  90.000         109.000           -6.553e+00          -2.052e+01             288.699          -6.730e+00             102.019           3.283e+01     
  90.000         110.000           -6.116e+00          -2.049e+01             288.115          -6.278e+00             102.638           3.494e+01     
  90.000         111.000           -5.694e+00          -2.046e+01             287.505          -5.842e+00             103.261           3.752e+01     
  90.000         112.000           -5.286e+00          -2.042e+01             286.871          -5.421e+00             103.886           4.000e+01     
  90.000         113.000           -4.890e+00          -2.038e+01             286.213          -5.014e+00             104.512           4.000e+01     
  90.000         114.000           -4.506e+00          -2.034e+01             285.533          -4.621e+00             105.137           4.000e+01     
  90.000         115.000           -4.134e+00          -2.030e+01             284.834          -4.240e+00             105.759           4.000e+01     
  90.000         116.000           -3.772e+00          -2.026e+01             284.118          -3.871e+00             106.379           4.000e+01     
  90.000         117.000           -3.421e+00          -2.021e+01             283.385          -3.513e+00             106.995           4.000e+01     
  90.000         118.000           -3.080e+00          -2.016e+01             282.637          -3.165e+00             107.607           3.841e+01     
  90.000         119.000           -2.748e+00          -2.011e+01             281.878          -2.828e+00             108.213           3.658e+01     
  90.000         120.000           -2.425e+00          -2.005e+01             281.108          -2.500e+00             108.814           3.515e+01     
  90.000         121.000           -2.111e+00          -1.999e+01             280.329          -2.182e+00             109.408           3.399e+01     
  90.000         122.000           -1.805e+00          -1.993e+01             279.544          -1.872e+00             109.995           3.302e+01     
  90.000         123.000           -1.507e+00          -1.987e+01             278.754          -1.571e+00             110.575           3.219e+01     
  90.000         124.000           -1.217e+00          -1.981e+01             277.960          -1.277e+00             111.148           3.148e+01     
  90.000         125.000           -9.344e-01          -1.974e+01             277.165          -9.920e-01             111.712           3.086e+01     
  90.000         126.000           -6.592e-01          -1.967e+01             276.370          -7.141e-01             112.268           3.031e+01     
  90.000         127.000           -3.912e-01          -1.960e+01             275.576          -4.436e-01             112.816           2.982e+01     
  90.000         128.000           -1.300e-01          -1.953e+01             274.786          -1.802e-01             113.354           2.938e+01     
  90.000         129.000            1.244e-01          -1.945e+01             274.001           7.623e-02             113.884           2.898e+01     
  90.000         130.000            3.722e-01          -1.938e+01             273.221           3.259e-01             114.404           2.862e+01     
  90.000         131.000            6.136e-01          -1.930e+01             272.448           5.691e-01             114.914           2.830e+01     
  90.000         132.000            8.488e-01          -1.922e+01             271.683           8.058e-01             115.415           2.800e+01     
  90.000         133.000            1.078e+00          -1.914e+01             270.927           1.036e+00             115.906           2.773e+01     
  90.000         134.000            1.301e+00          -1.906e+01             270.181           1.260e+00             116.387           2.748e+01     
  90.000         135.000            1.518e+00          -1.898e+01             269.446           1.479e+00             116.858           2.726e+01     
  90.000         136.000            1.729e+00          -1.890e+01             268.725           1.691e+00             117.318           2.705e+01     
  90.000         137.000            1.934e+00          -1.882e+01             268.013           1.897e+00             117.768           2.686e+01     
  90.000         138.000            2.134e+00          -1.874e+01             267.314           2.098e+00             118.207           2.668e+01     
  90.000         139.000            2.328e+00          -1.866e+01             266.627           2.293e+00             118.636           2.651e+01     
  90.000         140.000            2.516e+00          -1.858e+01             265.952           2.483e+00             119.054           2.636e+01     
  90.000         141.000            2.700e+00          -1.850e+01             265.292           2.666e+00             119.461           2.622e+01     
  90.000         142.000            2.877e+00          -1.842e+01             264.644           2.845e+00             119.857           2.609e+01     
  90.000         143.000            3.050e+00          -1.834e+01             264.010           3.018e+00             120.242           2.597e+01     
  90.000         144.000            3.217e+00          -1.827e+01             263.389           3.186e+00             120.617           2.586e+01     
  90.000         145.000            3.378e+00          -1.819e+01             262.781           3.348e+00             120.980           2.575e+01     
  90.000         146.000            3.535e+00          -1.812e+01             262.187           3.505e+00             121.331           2.566e+01     
  90.000         147.000            3.686e+00          -1.805e+01             261.605           3.657e+00             121.672           2.557e+01     
  90.000         148.000            3.832e+00          -1.798e+01             261.035           3.804e+00             122.001           2.549e+01     
  90.000         149.000            3.973e+00          -1.792e+01             260.478           3.945e+00             122.319           2.541e+01     
  90.000         150.000            4.109e+00          -1.786e+01             259.933           4.082e+00             122.626           2.534e+01     
  90.000         151.000            4.240e+00          -1.780e+01             259.399           4.213e+00             122.921           2.528e+01     
  90.000         152.000            4.366e+00          -1.774e+01             258.876           4.339e+00             123.205           2.522e+01     
  90.000         153.000            4.487e+00          -1.769e+01             258.364           4.461e+00             123.477           2.517e+01     
  90.000         154.000            4.603e+00          -1.764e+01             257.862           4.577e+00             123.737           2.512e+01     
  90.000         155.000            4.714e+00          -1.759e+01             257.369           4.688e+00             123.986           2.507e+01     
  90.000         156.000            4.820e+00          -1.754e+01             256.886           4.794e+00             124.224           2.503e+01     
  90.000         157.000            4.921e+00          -1.750e+01             256.411           4.896e+00             124.450           2.500e+01     
  90.000         158.000            5.017e+00          -1.747e+01             255.944           4.992e+00             124.664           2.496e+01     
  90.000         159.000            5.108e+00          -1.744e+01             255.485           5.083e+00             124.867           2.493e+01     
  90.000         160.000            5.194e+00          -1.741e+01             255.032           5.170e+00             125.058           2.491e+01     
  90.000         161.000            5.275e+00          -1.738e+01             254.585           5.252e+00             125.237           2.489e+01     
  90.000         162.000            5.352e+00          -1.736e+01             254.144           5.328e+00             125.405           2.487e+01     
  90.000         163.000            5.423e+00          -1.735e+01             253.708           5.400e+00             125.561           2.485e+01     
  90.000         164.000            5.490e+00          -1.734e+01             253.277           5.467e+00             125.706           2.484e+01     
  90.000         165.000            5.551e+00          -1.733e+01             252.849           5.529e+00             125.838           2.483e+01     
  90.000         166.000            5.608e+00          -1.733e+01             252.425           5.586e+00             125.960           2.482e+01     
  90.000         167.000            5.660e+00          -1.733e+01             252.002           5.639e+00             126.069           2.482e+01     
  90.000         168.000            5.708e+00          -1.734e+01             251.582           5.686e+00             126.167           2.482e+01     
  90.000         169.000            5.750e+00          -1.735e+01             251.162           5.729e+00             126.253           2.482e+01     
  90.000         170.000            5.787e+00          -1.737e+01             250.744           5.766e+00             126.328           2.482e+01     
  90.000         171.000            5.820e+00          -1.739e+01             250.324           5.799e+00             126.390           2.483e+01     
  90.000         172.000            5.848e+00          -1.742e+01             249.904           5.827e+00             126.442           2.483e+01     
  90.000         173.000            5.871e+00          -1.745e+01             249.482           5.851e+00             126.482           2.485e+01     
  90.000         174.000            5.889e+00          -1.749e+01             249.058           5.869e+00             126.510           2.486e+01     
  90.000         175.000            5.902e+00          -1.754e+01             248.631           5.882e+00             126.527           2.487e+01     
  90.000         176.000            5.911e+00          -1.759e+01             248.199           5.891e+00             126.532           2.489e+01     
  90.000         177.000            5.914e+00          -1.764e+01             247.763           5.895e+00             126.525           2.491e+01     
  90.000         178.000            5.913e+00          -1.771e+01             247.321           5.894e+00             126.508           2.493e+01     
  90.000         179.000            5.907e+00          -1.777e+01             246.873           5.888e+00             126.479           2.496e+01     
  90.000         180.000            5.896e+00          -1.785e+01             246.419           5.878e+00             126.438           2.498e+01     
  90.000         181.000            5.880e+00          -1.793e+01             245.955           5.862e+00             126.387           2.501e+01     
  90.000         182.000            5.860e+00          -1.801e+01             245.482           5.842e+00             126.324           2.504e+01     
  90.000         183.000            5.834e+00          -1.811e+01             244.999           5.817e+00             126.249           2.507e+01     
  90.000         184.000            5.804e+00          -1.820e+01             244.505           5.787e+00             126.164           2.511e+01     
  90.000         185.000            5.769e+00          -1.831e+01             243.998           5.752e+00             126.068           2.515e+01     
  90.000         186.000            5.729e+00          -1.842e+01             243.478           5.713e+00             125.960           2.518e+01     
  90.000         187.000            5.684e+00          -1.854e+01             242.943           5.668e+00             125.842           2.523e+01     
  90.000         188.000            5.635e+00          -1.867e+01             242.392           5.619e+00             125.712           2.527e+01     
  90.000         189.000            5.580e+00          -1.880e+01             241.824           5.564e+00             125.572           2.532e+01     
  90.000         190.000            5.521e+00          -1.894e+01             241.237           5.505e+00             125.421           2.536e+01     
  90.000         191.000            5.457e+00          -1.909e+01             240.629           5.441e+00             125.259           2.541e+01     
  90.000         192.000            5.388e+00          -1.924e+01             239.998           5.373e+00             125.087           2.547e+01     
  90.000         193.000            5.314e+00          -1.940e+01             239.344           5.299e+00             124.904           2.552e+01     
  90.000         194.000            5.235e+00          -1.957e+01             238.664           5.220e+00             124.711           2.558e+01     
  90.000         195.000            5.151e+00          -1.975e+01             237.955           5.137e+00             124.508           2.564e+01     
  90.000         196.000            5.062e+00          -1.993e+01             237.216           5.048e+00             124.294           2.570e+01     
  90.000         197.000            4.968e+00          -2.013e+01             236.443           4.955e+00             124.070           2.577e+01     
  90.000         198.000            4.870e+00          -2.033e+01             235.635           4.856e+00             123.836           2.583e+01     
  90.000         199.000            4.766e+00          -2.054e+01             234.787           4.753e+00             123.593           2.590e+01     
  90.000         200.000            4.657e+00          -2.076e+01             233.898           4.645e+00             123.339           2.598e+01     
  90.000         201.000            4.544e+00          -2.098e+01             232.962           4.531e+00             123.076           2.605e+01     
  90.000         202.000            4.425e+00          -2.122e+01             231.977           4.413e+00             122.804           2.613e+01     
  90.000         203.000            4.301e+00          -2.146e+01             230.938           4.289e+00             122.522           2.621e+01     
  90.000         204.000            4.172e+00          -2.171e+01             229.840           4.161e+00             122.232           2.629e+01     
  90.000         205.000            4.038e+00          -2.197e+01             228.678           4.027e+00             121.932           2.638e+01     
  90.000         206.000            3.899e+00          -2.224e+01             227.447           3.888e+00             121.623           2.647e+01     
  90.000         207.000            3.754e+00          -2.252e+01             226.139           3.744e+00             121.306           2.656e+01     
  90.000         208.000            3.605e+00          -2.281e+01             224.750           3.595e+00             120.981           2.666e+01     
  90.000         209.000            3.449e+00          -2.310e+01             223.270           3.440e+00             120.647           2.675e+01     
  90.000         210.000            3.289e+00          -2.340e+01             221.693           3.280e+00             120.306           2.686e+01     
  90.000         211.000            3.123e+00          -2.371e+01             220.010           3.114e+00             119.957           2.696e+01     
  90.000         212.000            2.952e+00          -2.403e+01             218.211           2.943e+00             119.600           2.707e+01     
  90.000         213.000            2.775e+00          -2.435e+01             216.287           2.767e+00             119.236           2.718e+01     
  90.000         214.000            2.593e+00          -2.467e+01             214.228           2.585e+00             118.865           2.729e+01     
  90.000         215.000            2.405e+00          -2.500e+01             212.023           2.397e+00             118.488           2.741e+01     
  90.000         216.000            2.211e+00          -2.533e+01             209.663           2.203e+00             118.104           2.753e+01     
  90.000         217.000            2.011e+00          -2.565e+01             207.137           2.004e+00             117.715           2.766e+01     
  90.000         218.000            1.805e+00          -2.598e+01             204.436           1.798e+00             117.320           2.779e+01     
  90.000         219.000            1.594e+00          -2.629e+01             201.553           1.586e+00             116.919           2.792e+01     
  90.000         220.000            1.375e+00          -2.660e+01             198.484           1.369e+00             116.514           2.805e+01     
  90.000         221.000            1.151e+00          -2.689e+01             195.227           1.144e+00             116.105           2.819e+01     
  90.000         222.000            9.203e-01          -2.716e+01             191.786           9.136e-01             115.692           2.834e+01     
  90.000         223.000            6.829e-01          -2.741e+01             188.169           6.761e-01             115.276           2.848e+01     
  90.000         224.000            4.386e-01          -2.763e+01             184.391           4.318e-01             114.857           2.863e+01     
  90.000         225.000            1.874e-01          -2.782e+01             180.480           1.805e-01             114.435           2.879e+01     
  90.000         226.000           -7.102e-02          -2.798e+01             176.453          -7.806e-02             114.013           2.895e+01     
  90.000         227.000           -3.368e-01          -2.809e+01             172.351          -3.441e-01             113.589           2.911e+01     
  90.000         228.000           -6.103e-01          -2.817e+01             168.212          -6.179e-01             113.166           2.928e+01     
  90.000         229.000           -8.916e-01          -2.820e+01             164.078          -8.997e-01             112.744           2.945e+01     
  90.000         230.000           -1.181e+00          -2.819e+01             159.990          -1.190e+00             112.323           2.963e+01     
  90.000         231.000           -1.479e+00          -2.814e+01             155.987          -1.488e+00             111.906           2.981e+01     
  90.000         232.000           -1.786e+00          -2.806e+01             152.104          -1.796e+00             111.492           3.000e+01     
  90.000         233.000           -2.102e+00          -2.794e+01             148.367          -2.113e+00             111.084           3.020e+01     
  90.000         234.000           -2.427e+00          -2.780e+01             144.800          -2.440e+00             110.683           3.040e+01     
  90.000         235.000           -2.763e+00          -2.763e+01             141.415          -2.777e+00             110.290           3.061e+01     
  90.000         236.000           -3.109e+00          -2.745e+01             138.222          -3.125e+00             109.907           3.083e+01     
  90.000         237.000           -3.466e+00          -2.725e+01             135.224          -3.484e+00             109.536           3.106e+01     
  90.000         238.000           -3.834e+00          -2.704e+01             132.418          -3.855e+00             109.181           3.130e+01     
  90.000         239.000           -4.215e+00          -2.682e+01             129.801          -4.239e+00             108.842           3.156e+01     
  90.000         240.000           -4.608e+00          -2.661e+01             127.364          -4.636e+00             108.523           3.184e+01     
  90.000         241.000           -5.016e+00          -2.638e+01             125.099          -5.048e+00             108.229           3.214e+01     
  90.000         242.000           -5.438e+00          -2.616e+01             122.997          -5.474e+00             107.962           3.248e+01     
  90.000         243.000           -5.875e+00          -2.595e+01             121.048          -5.918e+00             107.727           3.286e+01     
  90.000         244.000           -6.329e+00          -2.573e+01             119.241          -6.379e+00             107.531           3.330e+01     
  90.000         245.000           -6.800e+00          -2.552e+01             117.566          -6.858e+00             107.379           3.383e+01     
  90.000         246.000           -7.290e+00          -2.532e+01             116.016          -7.359e+00             107.280           3.447e+01     
  90.000         247.000           -7.800e+00          -2.513e+01             114.580          -7.881e+00             107.243           3.528e+01     
  90.000         248.000           -8.332e+00          -2.494e+01             113.251          -8.428e+00             107.279           3.635e+01     
  90.000         249.000           -8.888e+00          -2.475e+01             112.022          -9.002e+00             107.403           3.786e+01     
  90.000         250.000           -9.468e+00          -2.458e+01             110.885          -9.604e+00             107.632           4.000e+01     
  90.000         251.000           -1.008e+01          -2.441e+01             109.835          -1.024e+01             107.987           4.000e+01     
  90.000         252.000           -1.071e+01          -2.426e+01             108.866          -1.091e+01             108.496           4.000e+01     
  90.000         253.000           -1.138e+01          -2.411e+01             107.973          -1.162e+01             109.194           4.000e+01     
  90.000         254.000           -1.208e+01          -2.396e+01             107.152          -1.237e+01             110.126           3.788e+01     
  90.000         255.000           -1.281e+01          -2.383e+01             106.398          -1.316e+01             111.352           3.265e+01     
  90.000         256.000           -1.357e+01          -2.370e+01             105.708          -1.401e+01             112.949           2.856e+01     
  90.000         257.000           -1.436e+01          -2.358e+01             105.080          -1.492e+01             115.023           2.500e+01     
  90.000         258.000           -1.518e+01          -2.347e+01             104.509          -1.588e+01             117.714           2.176e+01     
  90.000         259.000           -1.601e+01          -2.337e+01             103.994          -1.689e+01             121.212           1.870e+01     
  90.000         260.000           -1.683e+01          -2.327e+01             103.533          -1.795e+01             125.764           1.578e+01     
  90.000         261.000           -1.761e+01          -2.318e+01             103.123          -1.902e+01             131.671           1.297e+01     
  90.000         262.000           -1.830e+01          -2.310e+01             102.764          -2.004e+01             139.252           1.029e+01     
  90.000         263.000           -1.884e+01          -2.302e+01             102.454          -2.092e+01             148.698           7.750e+00     
  90.000         264.000           -1.917e+01          -2.295e+01             102.191          -2.152e+01             159.824           5.406e+00     
  90.000         265.000           -1.926e+01          -2.289e+01             101.976          -2.173e+01             171.843           3.336e+00     
  90.000         266.000           -1.910e+01          -2.283e+01             101.806          -2.150e+01             183.536           1.839e+00     
  90.000         267.000           -1.874e+01          -2.278e+01             101.683          -2.092e+01             193.847           1.889e+00     
  90.000         268.000           -1.824e+01          -2.274e+01             101.604          -2.014e+01             202.305           3.081e+00     
  90.000         269.000           -1.764e+01          -2.270e+01             101.571          -1.927e+01             208.953           4.392e+00     
  90.000         270.000           -1.701e+01          -2.266e+01             101.583          -1.839e+01             214.071           5.614e+00     
  90.000         271.000           -1.637e+01          -2.264e+01             101.640          -1.754e+01             217.981           6.713e+00     
  90.000         272.000           -1.574e+01          -2.261e+01             101.743          -1.674e+01             220.956           7.690e+00     
  90.000         273.000           -1.513e+01          -2.259e+01             101.891          -1.599e+01             223.215           8.555e+00     
  90.000         274.000           -1.456e+01          -2.258e+01             102.085          -1.530e+01             224.919           9.320e+00     
  90.000         275.000           -1.401e+01          -2.257e+01             102.325          -1.466e+01             226.190           9.996e+00     
  90.000         276.000           -1.350e+01          -2.257e+01             102.613          -1.408e+01             227.118           1.059e+01     
  90.000         277.000           -1.302e+01          -2.256e+01             102.948          -1.353e+01             227.771           1.112e+01     
  90.000         278.000           -1.257e+01          -2.257e+01             103.331          -1.303e+01             228.201           1.159e+01     
  90.000         279.000           -1.215e+01          -2.257e+01             103.763          -1.257e+01             228.447           1.200e+01     
  90.000         280.000           -1.176e+01          -2.258e+01             104.246          -1.213e+01             228.539           1.236e+01     
  90.000         281.000           -1.139e+01          -2.259e+01             104.778          -1.173e+01             228.502           1.269e+01     
  90.000         282.000           -1.104e+01          -2.260e+01             105.362          -1.136e+01             228.355           1.298e+01     
  90.000         283.000           -1.072e+01          -2.262e+01             105.997          -1.101e+01             228.113           1.323e+01     
  90.000         284.000           -1.041e+01          -2.264e+01             106.685          -1.068e+01             227.789           1.346e+01     
  90.000         285.000           -1.012e+01          -2.266e+01             107.426          -1.037e+01             227.392           1.366e+01     
  90.000         286.000           -9.853e+00          -2.267e+01             108.221          -1.009e+01             226.932           1.384e+01     
  90.000         287.000           -9.598e+00          -2.269e+01             109.069          -9.817e+00             226.415           1.400e+01     
  90.000         288.000           -9.358e+00          -2.271e+01             109.971          -9.563e+00             225.848           1.415e+01     
  90.000         289.000           -9.132e+00          -2.273e+01             110.927          -9.326e+00             225.234           1.428e+01     
  90.000         290.000           -8.918e+00          -2.275e+01             111.937          -9.102e+00             224.579           1.440e+01     
  90.000         291.000           -8.716e+00          -2.276e+01             113.000          -8.891e+00             223.885           1.451e+01     
  90.000         292.000           -8.526e+00          -2.278e+01             114.116          -8.692e+00             223.157           1.461e+01     
  90.000         293.000           -8.346e+00          -2.279e+01             115.283          -8.505e+00             222.395           1.471e+01     
  90.000         294.000           -8.176e+00          -2.280e+01             116.500          -8.328e+00             221.604           1.479e+01     
  90.000         295.000           -8.015e+00          -2.280e+01             117.764          -8.162e+00             220.785           1.488e+01     
  90.000         296.000           -7.863e+00          -2.280e+01             119.075          -8.004e+00             219.940           1.496e+01     
  90.000         297.000           -7.718e+00          -2.279e+01             120.430          -7.855e+00             219.070           1.504e+01     
  90.000         298.000           -7.582e+00          -2.278e+01             121.824          -7.715e+00             218.177           1.512e+01     
  90.000         299.000           -7.452e+00          -2.276e+01             123.257          -7.582e+00             217.263           1.520e+01     
  90.000         300.000           -7.329e+00          -2.274e+01             124.722          -7.456e+00             216.328           1.529e+01     
  90.000         301.000           -7.212e+00          -2.271e+01             126.218          -7.337e+00             215.374           1.537e+01     
  90.000         302.000           -7.102e+00          -2.267e+01             127.739          -7.224e+00             214.401           1.546e+01     
  90.000         303.000           -6.996e+00          -2.262e+01             129.281          -7.117e+00             213.412           1.556e+01     
  90.000         304.000           -6.896e+00          -2.257e+01             130.839          -7.015e+00             212.407           1.566e+01     
  90.000         305.000           -6.800e+00          -2.251e+01             132.409          -6.918e+00             211.387           1.576e+01     
  90.000         306.000           -6.709e+00          -2.244e+01             133.986          -6.826e+00             210.354           1.588e+01     
  90.000         307.000           -6.622e+00          -2.237e+01             135.565          -6.739e+00             209.307           1.600e+01     
  90.000         308.000           -6.538e+00          -2.229e+01             137.141          -6.656e+00             208.249           1.614e+01     
  90.000         309.000           -6.459e+00          -2.220e+01             138.710          -6.576e+00             207.180           1.628e+01     
  90.000         310.000           -6.382e+00          -2.210e+01             140.267          -6.500e+00             206.102           1.644e+01     
  90.000         311.000           -6.308e+00          -2.200e+01             141.809          -6.427e+00             205.016           1.661e+01     
  90.000         312.000           -6.237e+00          -2.189e+01             143.332          -6.357e+00             203.922           1.679e+01     
  90.000         313.000           -6.169e+00          -2.177e+01             144.832          -6.290e+00             202.822           1.699e+01     
  90.000         314.000           -6.102e+00          -2.165e+01             146.306          -6.225e+00             201.718           1.720e+01     
  90.000         315.000           -6.038e+00          -2.153e+01             147.752          -6.163e+00             200.610           1.743e+01     
  90.000         316.000           -5.976e+00          -2.140e+01             149.163          -6.102e+00             199.501           1.767e+01     
  90.000         317.000           -5.915e+00          -2.127e+01             150.547          -6.043e+00             198.391           1.794e+01     
  90.000         318.000           -5.856e+00          -2.113e+01             151.896          -5.987e+00             197.281           1.823e+01     
  90.000         319.000           -5.798e+00          -2.099e+01             153.210          -5.931e+00             196.174           1.854e+01     
  90.000         320.000           -5.741e+00          -2.085e+01             154.489          -5.877e+00             195.071           1.887e+01     
  90.000         321.000           -5.686e+00          -2.071e+01             155.732          -5.825e+00             193.974           1.923e+01     
  90.000         322.000           -5.631e+00          -2.057e+01             156.939          -5.773e+00             192.883           1.961e+01     
  90.000         323.000           -5.578e+00          -2.042e+01             158.110          -5.722e+00             191.801           2.002e+01     
  90.000         324.000           -5.525e+00          -2.028e+01             159.245          -5.673e+00             190.729           2.047e+01     
  90.000         325.000           -5.473e+00          -2.014e+01             160.345          -5.624e+00             189.669           2.095e+01     
  90.000         326.000           -5.422e+00          -2.000e+01             161.411          -5.576e+00             188.623           2.146e+01     
  90.000         327.000           -5.372e+00          -1.986e+01             162.444          -5.529e+00             187.592           2.202e+01     
  90.000         328.000           -5.322e+00          -1.972e+01             163.444          -5.483e+00             186.577           2.262e+01     
  90.000         329.000           -5.273e+00          -1.958e+01             164.413          -5.437e+00             185.581           2.328e+01     
  90.000         330.000           -5.225e+00          -1.945e+01             165.353          -5.392e+00             184.605           2.399e+01     
  90.000         331.000           -5.177e+00          -1.932e+01             166.263          -5.348e+00             183.650           2.477e+01     
  90.000         332.000           -5.131e+00          -1.919e+01             167.147          -5.305e+00             182.718           2.563e+01     
  90.000         333.000           -5.085e+00          -1.906e+01             168.004          -5.262e+00             181.811           2.658e+01     
  90.000         334.000           -5.040e+00          -1.894e+01             168.837          -5.221e+00             180.930           2.764e+01     
  90.000         335.000           -4.996e+00          -1.882e+01             169.646          -5.180e+00             180.076           2.884e+01     
  90.000         336.000           -4.953e+00          -1.871e+01             170.434          -5.140e+00             179.250           3.022e+01     
  90.000         337.000           -4.912e+00          -1.860e+01             171.201          -5.102e+00             178.454           3.184e+01     
  90.000         338.000           -4.872e+00          -1.849e+01             171.950          -5.065e+00             177.689           3.381e+01     
  90.000         339.000           -4.833e+00          -1.839e+01             172.680          -5.029e+00             176.957           3.630e+01     
  90.000         340.000           -4.795e+00          -1.829e+01             173.394          -4.994e+00             176.257           3.972e+01     
  90.000         341.000           -4.759e+00          -1.820e+01             174.094          -4.961e+00             175.591           4.000e+01     
  90.000         342.000           -4.725e+00          -1.811e+01             174.779          -4.929e+00             174.961           4.000e+01     
  90.000         343.000           -4.692e+00          -1.802e+01             175.453          -4.899e+00             174.367           4.000e+01     
  90.000         344.000           -4.662e+00          -1.794e+01             176.115          -4.871e+00             173.809           4.000e+01     
  90.000         345.000           -4.633e+00          -1.787e+01             176.767          -4.844e+00             173.288           3.779e+01     
  90.000         346.000           -4.606e+00          -1.780e+01             177.410          -4.820e+00             172.806           3.531e+01     
  90.000         347.000           -4.582e+00          -1.774e+01             178.046          -4.797e+00             172.362           3.345e+01     
  90.000         348.000           -4.560e+00          -1.768e+01             178.676          -4.777e+00             171.957           3.197e+01     
  90.000         349.000           -4.540e+00          -1.762e+01             179.300          -4.759e+00             171.592           3.074e+01     
  90.000         350.000           -4.522e+00          -1.757e+01             179.921          -4.743e+00             171.267           2.972e+01     
  90.000         351.000           -4.507e+00          -1.753e+01             180.538          -4.729e+00             170.982           2.883e+01     
  90.000         352.000           -4.495e+00          -1.749e+01             181.153          -4.718e+00             170.738           2.806e+01     
  90.000         353.000           -4.485e+00          -1.746e+01             181.768          -4.709e+00             170.534           2.739e+01     
  90.000         354.000           -4.477e+00          -1.743e+01             182.382          -4.703e+00             170.371           2.680e+01     
  90.000         355.000           -4.473e+00          -1.741e+01             182.998          -4.700e+00             170.250           2.627e+01     
  90.000         356.000           -4.471e+00          -1.739e+01             183.616          -4.699e+00             170.170           2.580e+01     
  90.000         357.000           -4.472e+00          -1.738e+01             184.238          -4.700e+00             170.131           2.537e+01     
  90.000         358.000           -4.476e+00          -1.737e+01             184.863          -4.704e+00             170.133           2.499e+01     
  90.000         359.000           -4.482e+00          -1.737e+01             185.494          -4.711e+00             170.176           2.465e+01     
