Theta [deg.]  Phi   [deg.]  Abs(Dir.)[dBi   ]   Abs(Theta)[dBi   ]  Phase(Theta)[deg.]  Abs(Phi  )[dBi   ]  Phase(Phi  )[deg.]  Ax.Ratio[dB    ]    
------------------------------------------------------------------------------------------------------------------------------------------------------
 135.000           0.000           -7.000e-01          -2.426e+01               6.709          -7.191e-01             252.497           2.435e+01     
 135.000           1.000           -5.711e-01          -2.349e+01              14.635          -5.933e-01             252.675           2.434e+01     
 135.000           2.000           -4.441e-01          -2.264e+01              21.457          -4.704e-01             252.854           2.433e+01     
 135.000           3.000           -3.190e-01          -2.175e+01              27.254          -3.504e-01             253.032           2.433e+01     
 135.000           4.000           -1.960e-01          -2.086e+01              32.158          -2.334e-01             253.210           2.432e+01     
 135.000           5.000           -7.500e-02          -1.998e+01              36.316          -1.196e-01             253.387           2.432e+01     
 135.000           6.000            4.380e-02          -1.913e+01              39.859          -9.035e-03             253.565           2.431e+01     
 135.000           7.000            1.604e-01          -1.831e+01              42.900           9.823e-02             253.742           2.431e+01     
 135.000           8.000            2.747e-01          -1.753e+01              45.530           2.021e-01             253.918           2.430e+01     
 135.000           9.000            3.867e-01          -1.678e+01              47.824           3.025e-01             254.095           2.430e+01     
 135.000          10.000            4.963e-01          -1.607e+01              49.840           3.994e-01             254.271           2.430e+01     
 135.000          11.000            6.035e-01          -1.538e+01              51.624           4.926e-01             254.446           2.429e+01     
 135.000          12.000            7.082e-01          -1.473e+01              53.215           5.822e-01             254.622           2.428e+01     
 135.000          13.000            8.104e-01          -1.410e+01              54.643           6.680e-01             254.797           2.428e+01     
 135.000          14.000            9.101e-01          -1.350e+01              55.932           7.500e-01             254.972           2.427e+01     
 135.000          15.000            1.007e+00          -1.293e+01              57.103           8.281e-01             255.147           2.426e+01     
 135.000          16.000            1.102e+00          -1.238e+01              58.171           9.023e-01             255.323           2.425e+01     
 135.000          17.000            1.194e+00          -1.185e+01              59.151           9.724e-01             255.498           2.424e+01     
 135.000          18.000            1.283e+00          -1.134e+01              60.054           1.038e+00             255.673           2.423e+01     
 135.000          19.000            1.369e+00          -1.085e+01              60.890           1.100e+00             255.849           2.421e+01     
 135.000          20.000            1.453e+00          -1.037e+01              61.666           1.158e+00             256.026           2.420e+01     
 135.000          21.000            1.534e+00          -9.916e+00              62.390           1.211e+00             256.203           2.418e+01     
 135.000          22.000            1.612e+00          -9.475e+00              63.067           1.260e+00             256.381           2.416e+01     
 135.000          23.000            1.688e+00          -9.049e+00              63.703           1.305e+00             256.560           2.414e+01     
 135.000          24.000            1.761e+00          -8.637e+00              64.301           1.345e+00             256.740           2.411e+01     
 135.000          25.000            1.831e+00          -8.238e+00              64.867           1.381e+00             256.921           2.409e+01     
 135.000          26.000            1.898e+00          -7.852e+00              65.402           1.412e+00             257.104           2.406e+01     
 135.000          27.000            1.963e+00          -7.479e+00              65.911           1.439e+00             257.289           2.403e+01     
 135.000          28.000            2.025e+00          -7.117e+00              66.396           1.460e+00             257.475           2.400e+01     
 135.000          29.000            2.084e+00          -6.766e+00              66.858           1.477e+00             257.663           2.396e+01     
 135.000          30.000            2.140e+00          -6.426e+00              67.301           1.490e+00             257.853           2.393e+01     
 135.000          31.000            2.194e+00          -6.096e+00              67.726           1.497e+00             258.046           2.389e+01     
 135.000          32.000            2.245e+00          -5.775e+00              68.134           1.499e+00             258.241           2.385e+01     
 135.000          33.000            2.293e+00          -5.465e+00              68.528           1.497e+00             258.439           2.380e+01     
 135.000          34.000            2.339e+00          -5.163e+00              68.908           1.489e+00             258.640           2.376e+01     
 135.000          35.000            2.382e+00          -4.870e+00              69.276           1.476e+00             258.844           2.371e+01     
 135.000          36.000            2.422e+00          -4.586e+00              69.633           1.457e+00             259.052           2.366e+01     
 135.000          37.000            2.460e+00          -4.310e+00              69.980           1.434e+00             259.263           2.360e+01     
 135.000          38.000            2.495e+00          -4.041e+00              70.317           1.404e+00             259.478           2.355e+01     
 135.000          39.000            2.527e+00          -3.781e+00              70.647           1.370e+00             259.697           2.349e+01     
 135.000          40.000            2.557e+00          -3.528e+00              70.968           1.329e+00             259.920           2.343e+01     
 135.000          41.000            2.585e+00          -3.282e+00              71.284           1.283e+00             260.148           2.337e+01     
 135.000          42.000            2.610e+00          -3.043e+00              71.593           1.231e+00             260.381           2.331e+01     
 135.000          43.000            2.633e+00          -2.811e+00              71.896           1.173e+00             260.620           2.325e+01     
 135.000          44.000            2.654e+00          -2.586e+00              72.195           1.110e+00             260.863           2.318e+01     
 135.000          45.000            2.672e+00          -2.367e+00              72.490           1.039e+00             261.113           2.311e+01     
 135.000          46.000            2.688e+00          -2.155e+00              72.780           9.627e-01             261.368           2.304e+01     
 135.000          47.000            2.702e+00          -1.948e+00              73.068           8.796e-01             261.630           2.297e+01     
 135.000          48.000            2.714e+00          -1.748e+00              73.352           7.899e-01             261.899           2.290e+01     
 135.000          49.000            2.724e+00          -1.554e+00              73.634           6.933e-01             262.175           2.283e+01     
 135.000          50.000            2.732e+00          -1.365e+00              73.914           5.896e-01             262.458           2.275e+01     
 135.000          51.000            2.738e+00          -1.182e+00              74.193           4.788e-01             262.750           2.268e+01     
 135.000          52.000            2.742e+00          -1.005e+00              74.470           3.604e-01             263.050           2.261e+01     
 135.000          53.000            2.744e+00          -8.324e-01              74.746           2.345e-01             263.359           2.253e+01     
 135.000          54.000            2.745e+00          -6.655e-01              75.021           1.006e-01             263.677           2.245e+01     
 135.000          55.000            2.744e+00          -5.038e-01              75.295          -4.154e-02             264.006           2.238e+01     
 135.000          56.000            2.741e+00          -3.472e-01              75.570          -1.921e-01             264.346           2.230e+01     
 135.000          57.000            2.737e+00          -1.955e-01              75.845          -3.515e-01             264.697           2.223e+01     
 135.000          58.000            2.732e+00          -4.872e-02              76.120          -5.201e-01             265.060           2.215e+01     
 135.000          59.000            2.726e+00           9.329e-02              76.395          -6.982e-01             265.437           2.208e+01     
 135.000          60.000            2.718e+00           2.306e-01              76.671          -8.862e-01             265.827           2.200e+01     
 135.000          61.000            2.710e+00           3.633e-01              76.949          -1.085e+00             266.233           2.193e+01     
 135.000          62.000            2.700e+00           4.915e-01              77.227          -1.294e+00             266.655           2.186e+01     
 135.000          63.000            2.690e+00           6.152e-01              77.507          -1.515e+00             267.095           2.179e+01     
 135.000          64.000            2.679e+00           7.345e-01              77.788          -1.748e+00             267.555           2.172e+01     
 135.000          65.000            2.667e+00           8.495e-01              78.072          -1.993e+00             268.035           2.166e+01     
 135.000          66.000            2.655e+00           9.602e-01              78.356          -2.252e+00             268.539           2.159e+01     
 135.000          67.000            2.642e+00           1.067e+00              78.643          -2.526e+00             269.068           2.153e+01     
 135.000          68.000            2.629e+00           1.169e+00              78.933          -2.814e+00             269.624           2.147e+01     
 135.000          69.000            2.616e+00           1.268e+00              79.224          -3.119e+00             270.213           2.142e+01     
 135.000          70.000            2.603e+00           1.362e+00              79.518          -3.442e+00             270.835           2.137e+01     
 135.000          71.000            2.590e+00           1.452e+00              79.814          -3.783e+00             271.497           2.132e+01     
 135.000          72.000            2.577e+00           1.539e+00              80.113          -4.145e+00             272.203           2.127e+01     
 135.000          73.000            2.565e+00           1.621e+00              80.415          -4.528e+00             272.960           2.123e+01     
 135.000          74.000            2.553e+00           1.700e+00              80.719          -4.936e+00             273.774           2.120e+01     
 135.000          75.000            2.541e+00           1.775e+00              81.027          -5.369e+00             274.655           2.117e+01     
 135.000          76.000            2.531e+00           1.846e+00              81.338          -5.832e+00             275.614           2.114e+01     
 135.000          77.000            2.521e+00           1.914e+00              81.651          -6.326e+00             276.665           2.112e+01     
 135.000          78.000            2.512e+00           1.978e+00              81.968          -6.856e+00             277.826           2.110e+01     
 135.000          79.000            2.504e+00           2.038e+00              82.288          -7.425e+00             279.119           2.109e+01     
 135.000          80.000            2.497e+00           2.095e+00              82.613          -8.039e+00             280.574           2.109e+01     
 135.000          81.000            2.491e+00           2.148e+00              82.940          -8.702e+00             282.229           2.109e+01     
 135.000          82.000            2.487e+00           2.198e+00              83.270          -9.423e+00             284.137           2.110e+01     
 135.000          83.000            2.484e+00           2.244e+00              83.604          -1.021e+01             286.368           2.111e+01     
 135.000          84.000            2.483e+00           2.287e+00              83.942          -1.107e+01             289.022           2.113e+01     
 135.000          85.000            2.483e+00           2.326e+00              84.283          -1.201e+01             292.241           2.116e+01     
 135.000          86.000            2.485e+00           2.362e+00              84.628          -1.304e+01             296.231           2.120e+01     
 135.000          87.000            2.489e+00           2.394e+00              84.976          -1.417e+01             301.295           2.124e+01     
 135.000          88.000            2.494e+00           2.423e+00              85.329          -1.539e+01             307.875           2.129e+01     
 135.000          89.000            2.502e+00           2.448e+00              85.685          -1.665e+01             316.585           2.134e+01     
 135.000          90.000            2.511e+00           2.471e+00              86.044          -1.784e+01             328.125           2.141e+01     
 135.000          91.000            2.522e+00           2.490e+00              86.408          -1.874e+01             342.841           2.148e+01     
 135.000          92.000            2.535e+00           2.505e+00              86.776          -1.904e+01             359.812           2.155e+01     
 135.000          93.000            2.551e+00           2.517e+00              87.148          -1.861e+01              16.597           2.164e+01     
 135.000          94.000            2.568e+00           2.526e+00              87.523          -1.762e+01              30.901           2.173e+01     
 135.000          95.000            2.587e+00           2.532e+00              87.903          -1.637e+01              42.032           2.184e+01     
 135.000          96.000            2.608e+00           2.534e+00              88.286          -1.507e+01              50.434           2.194e+01     
 135.000          97.000            2.632e+00           2.533e+00              88.674          -1.383e+01              56.810           2.206e+01     
 135.000          98.000            2.657e+00           2.528e+00              89.065          -1.268e+01              61.749           2.218e+01     
 135.000          99.000            2.684e+00           2.520e+00              89.461          -1.163e+01              65.673           2.231e+01     
 135.000         100.000            2.713e+00           2.509e+00              89.860          -1.067e+01              68.867           2.245e+01     
 135.000         101.000            2.744e+00           2.494e+00              90.263          -9.786e+00              71.528           2.260e+01     
 135.000         102.000            2.777e+00           2.477e+00              90.670          -8.976e+00              73.790           2.275e+01     
 135.000         103.000            2.811e+00           2.455e+00              91.081          -8.229e+00              75.749           2.291e+01     
 135.000         104.000            2.847e+00           2.430e+00              91.496          -7.538e+00              77.471           2.307e+01     
 135.000         105.000            2.885e+00           2.402e+00              91.916          -6.895e+00              79.008           2.324e+01     
 135.000         106.000            2.924e+00           2.371e+00              92.339          -6.296e+00              80.396           2.342e+01     
 135.000         107.000            2.965e+00           2.336e+00              92.766          -5.736e+00              81.663           2.360e+01     
 135.000         108.000            3.007e+00           2.297e+00              93.197          -5.210e+00              82.831           2.379e+01     
 135.000         109.000            3.050e+00           2.255e+00              93.632          -4.716e+00              83.917           2.398e+01     
 135.000         110.000            3.094e+00           2.209e+00              94.071          -4.249e+00              84.935           2.418e+01     
 135.000         111.000            3.140e+00           2.160e+00              94.513          -3.808e+00              85.895           2.438e+01     
 135.000         112.000            3.186e+00           2.107e+00              94.960          -3.390e+00              86.806           2.459e+01     
 135.000         113.000            3.233e+00           2.051e+00              95.410          -2.994e+00              87.675           2.480e+01     
 135.000         114.000            3.281e+00           1.990e+00              95.864          -2.617e+00              88.509           2.502e+01     
 135.000         115.000            3.330e+00           1.926e+00              96.322          -2.259e+00              89.311           2.523e+01     
 135.000         116.000            3.379e+00           1.859e+00              96.784          -1.917e+00              90.087           2.546e+01     
 135.000         117.000            3.429e+00           1.787e+00              97.249          -1.591e+00              90.839           2.568e+01     
 135.000         118.000            3.479e+00           1.711e+00              97.718          -1.280e+00              91.571           2.591e+01     
 135.000         119.000            3.529e+00           1.632e+00              98.191          -9.819e-01              92.284           2.614e+01     
 135.000         120.000            3.579e+00           1.548e+00              98.668          -6.972e-01              92.982           2.637e+01     
 135.000         121.000            3.629e+00           1.460e+00              99.148          -4.246e-01              93.665           2.660e+01     
 135.000         122.000            3.680e+00           1.368e+00              99.632          -1.635e-01              94.336           2.683e+01     
 135.000         123.000            3.730e+00           1.272e+00             100.119           8.681e-02              94.996           2.707e+01     
 135.000         124.000            3.780e+00           1.171e+00             100.610           3.268e-01              95.645           2.730e+01     
 135.000         125.000            3.829e+00           1.066e+00             101.105           5.571e-01              96.286           2.753e+01     
 135.000         126.000            3.878e+00           9.565e-01             101.603           7.780e-01              96.919           2.777e+01     
 135.000         127.000            3.927e+00           8.422e-01             102.105           9.901e-01              97.545           2.800e+01     
 135.000         128.000            3.975e+00           7.232e-01             102.610           1.194e+00              98.164           2.823e+01     
 135.000         129.000            4.022e+00           5.993e-01             103.119           1.389e+00              98.777           2.846e+01     
 135.000         130.000            4.069e+00           4.704e-01             103.631           1.577e+00              99.384           2.869e+01     
 135.000         131.000            4.115e+00           3.364e-01             104.147           1.757e+00              99.987           2.891e+01     
 135.000         132.000            4.160e+00           1.972e-01             104.667           1.930e+00             100.585           2.913e+01     
 135.000         133.000            4.203e+00           5.255e-02             105.190           2.096e+00             101.179           2.935e+01     
 135.000         134.000            4.246e+00          -9.764e-02             105.717           2.255e+00             101.769           2.957e+01     
 135.000         135.000            4.288e+00          -2.536e-01             106.247           2.407e+00             102.355           2.978e+01     
 135.000         136.000            4.328e+00          -4.154e-01             106.781           2.554e+00             102.938           2.998e+01     
 135.000         137.000            4.368e+00          -5.833e-01             107.319           2.694e+00             103.517           3.019e+01     
 135.000         138.000            4.406e+00          -7.575e-01             107.861           2.828e+00             104.094           3.038e+01     
 135.000         139.000            4.442e+00          -9.382e-01             108.407           2.957e+00             104.668           3.057e+01     
 135.000         140.000            4.477e+00          -1.126e+00             108.957           3.080e+00             105.238           3.075e+01     
 135.000         141.000            4.511e+00          -1.320e+00             109.512           3.197e+00             105.806           3.093e+01     
 135.000         142.000            4.543e+00          -1.522e+00             110.070           3.309e+00             106.372           3.110e+01     
 135.000         143.000            4.574e+00          -1.731e+00             110.634           3.416e+00             106.934           3.126e+01     
 135.000         144.000            4.603e+00          -1.949e+00             111.202           3.517e+00             107.495           3.142e+01     
 135.000         145.000            4.630e+00          -2.174e+00             111.775           3.614e+00             108.052           3.157e+01     
 135.000         146.000            4.656e+00          -2.408e+00             112.354           3.705e+00             108.607           3.170e+01     
 135.000         147.000            4.680e+00          -2.651e+00             112.939           3.792e+00             109.160           3.183e+01     
 135.000         148.000            4.702e+00          -2.904e+00             113.530           3.874e+00             109.710           3.196e+01     
 135.000         149.000            4.722e+00          -3.166e+00             114.128           3.952e+00             110.258           3.207e+01     
 135.000         150.000            4.741e+00          -3.439e+00             114.733           4.025e+00             110.802           3.217e+01     
 135.000         151.000            4.757e+00          -3.723e+00             115.347           4.093e+00             111.345           3.226e+01     
 135.000         152.000            4.772e+00          -4.019e+00             115.969           4.157e+00             111.884           3.235e+01     
 135.000         153.000            4.785e+00          -4.327e+00             116.601           4.216e+00             112.421           3.242e+01     
 135.000         154.000            4.795e+00          -4.648e+00             117.245           4.271e+00             112.955           3.248e+01     
 135.000         155.000            4.804e+00          -4.983e+00             117.900           4.322e+00             113.486           3.254e+01     
 135.000         156.000            4.810e+00          -5.333e+00             118.570           4.368e+00             114.014           3.258e+01     
 135.000         157.000            4.815e+00          -5.699e+00             119.255           4.411e+00             114.539           3.261e+01     
 135.000         158.000            4.817e+00          -6.083e+00             119.959           4.449e+00             115.061           3.264e+01     
 135.000         159.000            4.817e+00          -6.485e+00             120.683           4.483e+00             115.579           3.265e+01     
 135.000         160.000            4.815e+00          -6.908e+00             121.430           4.513e+00             116.095           3.265e+01     
 135.000         161.000            4.811e+00          -7.352e+00             122.206           4.539e+00             116.607           3.264e+01     
 135.000         162.000            4.804e+00          -7.821e+00             123.014           4.560e+00             117.115           3.263e+01     
 135.000         163.000            4.796e+00          -8.316e+00             123.860           4.578e+00             117.620           3.260e+01     
 135.000         164.000            4.784e+00          -8.840e+00             124.752           4.592e+00             118.121           3.256e+01     
 135.000         165.000            4.771e+00          -9.397e+00             125.699           4.601e+00             118.618           3.252e+01     
 135.000         166.000            4.755e+00          -9.991e+00             126.711           4.607e+00             119.111           3.246e+01     
 135.000         167.000            4.737e+00          -1.062e+01             127.805           4.609e+00             119.600           3.240e+01     
 135.000         168.000            4.717e+00          -1.131e+01             129.000           4.607e+00             120.085           3.232e+01     
 135.000         169.000            4.694e+00          -1.204e+01             130.323           4.601e+00             120.565           3.224e+01     
 135.000         170.000            4.668e+00          -1.284e+01             131.808           4.590e+00             121.042           3.215e+01     
 135.000         171.000            4.640e+00          -1.370e+01             133.507           4.576e+00             121.513           3.205e+01     
 135.000         172.000            4.610e+00          -1.466e+01             135.490           4.558e+00             121.980           3.194e+01     
 135.000         173.000            4.577e+00          -1.571e+01             137.863           4.536e+00             122.442           3.183e+01     
 135.000         174.000            4.542e+00          -1.689e+01             140.789           4.510e+00             122.900           3.171e+01     
 135.000         175.000            4.504e+00          -1.821e+01             144.525           4.481e+00             123.352           3.158e+01     
 135.000         176.000            4.463e+00          -1.971e+01             149.503           4.447e+00             123.800           3.144e+01     
 135.000         177.000            4.420e+00          -2.141e+01             156.466           4.409e+00             124.242           3.130e+01     
 135.000         178.000            4.374e+00          -2.329e+01             166.705           4.367e+00             124.679           3.115e+01     
 135.000         179.000            4.326e+00          -2.515e+01             182.182           4.321e+00             125.110           3.099e+01     
 135.000         180.000            4.275e+00          -2.639e+01             204.157           4.271e+00             125.536           3.083e+01     
 135.000         181.000            4.221e+00          -2.623e+01             228.847           4.217e+00             125.956           3.067e+01     
 135.000         182.000            4.165e+00          -2.483e+01             249.084           4.159e+00             126.371           3.050e+01     
 135.000         183.000            4.106e+00          -2.303e+01             262.868           4.097e+00             126.780           3.032e+01     
 135.000         184.000            4.044e+00          -2.130e+01             271.987           4.031e+00             127.183           3.014e+01     
 135.000         185.000            3.979e+00          -1.976e+01             278.245           3.961e+00             127.580           2.995e+01     
 135.000         186.000            3.912e+00          -1.842e+01             282.754           3.886e+00             127.971           2.976e+01     
 135.000         187.000            3.842e+00          -1.724e+01             286.152           3.808e+00             128.356           2.956e+01     
 135.000         188.000            3.769e+00          -1.621e+01             288.810           3.725e+00             128.735           2.936e+01     
 135.000         189.000            3.693e+00          -1.529e+01             290.956           3.638e+00             129.108           2.916e+01     
 135.000         190.000            3.614e+00          -1.447e+01             292.732           3.546e+00             129.475           2.895e+01     
 135.000         191.000            3.533e+00          -1.373e+01             294.233           3.450e+00             129.835           2.874e+01     
 135.000         192.000            3.448e+00          -1.306e+01             295.524           3.350e+00             130.188           2.853e+01     
 135.000         193.000            3.361e+00          -1.245e+01             296.650           3.245e+00             130.536           2.831e+01     
 135.000         194.000            3.271e+00          -1.189e+01             297.644           3.136e+00             130.877           2.809e+01     
 135.000         195.000            3.178e+00          -1.137e+01             298.530           3.023e+00             131.211           2.786e+01     
 135.000         196.000            3.082e+00          -1.090e+01             299.327           2.904e+00             131.539           2.764e+01     
 135.000         197.000            2.983e+00          -1.046e+01             300.048           2.782e+00             131.860           2.741e+01     
 135.000         198.000            2.881e+00          -1.005e+01             300.704           2.654e+00             132.175           2.717e+01     
 135.000         199.000            2.776e+00          -9.676e+00             301.304           2.522e+00             132.484           2.694e+01     
 135.000         200.000            2.668e+00          -9.324e+00             301.855           2.385e+00             132.786           2.670e+01     
 135.000         201.000            2.558e+00          -8.997e+00             302.363           2.243e+00             133.082           2.646e+01     
 135.000         202.000            2.444e+00          -8.692e+00             302.831           2.096e+00             133.371           2.622e+01     
 135.000         203.000            2.327e+00          -8.407e+00             303.263           1.944e+00             133.654           2.597e+01     
 135.000         204.000            2.208e+00          -8.141e+00             303.664           1.787e+00             133.931           2.573e+01     
 135.000         205.000            2.085e+00          -7.892e+00             304.034           1.625e+00             134.201           2.548e+01     
 135.000         206.000            1.960e+00          -7.660e+00             304.377           1.458e+00             134.466           2.523e+01     
 135.000         207.000            1.831e+00          -7.444e+00             304.694           1.285e+00             134.724           2.497e+01     
 135.000         208.000            1.700e+00          -7.242e+00             304.987           1.107e+00             134.977           2.472e+01     
 135.000         209.000            1.565e+00          -7.053e+00             305.256           9.232e-01             135.224           2.446e+01     
 135.000         210.000            1.428e+00          -6.878e+00             305.504           7.340e-01             135.465           2.421e+01     
 135.000         211.000            1.288e+00          -6.715e+00             305.730           5.389e-01             135.701           2.395e+01     
 135.000         212.000            1.145e+00          -6.563e+00             305.937           3.381e-01             135.932           2.369e+01     
 135.000         213.000            9.988e-01          -6.423e+00             306.123           1.312e-01             136.158           2.343e+01     
 135.000         214.000            8.500e-01          -6.293e+00             306.291          -8.171e-02             136.380           2.316e+01     
 135.000         215.000            6.983e-01          -6.173e+00             306.441          -3.009e-01             136.597           2.290e+01     
 135.000         216.000            5.438e-01          -6.063e+00             306.573          -5.265e-01             136.810           2.263e+01     
 135.000         217.000            3.866e-01          -5.962e+00             306.687          -7.586e-01             137.020           2.237e+01     
 135.000         218.000            2.267e-01          -5.871e+00             306.784          -9.974e-01             137.226           2.210e+01     
 135.000         219.000            6.401e-02          -5.788e+00             306.864          -1.243e+00             137.430           2.184e+01     
 135.000         220.000           -1.013e-01          -5.713e+00             306.927          -1.496e+00             137.632           2.157e+01     
 135.000         221.000           -2.691e-01          -5.647e+00             306.974          -1.756e+00             137.832           2.130e+01     
 135.000         222.000           -4.395e-01          -5.588e+00             307.004          -2.023e+00             138.031           2.103e+01     
 135.000         223.000           -6.124e-01          -5.537e+00             307.019          -2.299e+00             138.229           2.076e+01     
 135.000         224.000           -7.876e-01          -5.493e+00             307.017          -2.582e+00             138.429           2.050e+01     
 135.000         225.000           -9.652e-01          -5.457e+00             306.999          -2.873e+00             138.629           2.023e+01     
 135.000         226.000           -1.145e+00          -5.427e+00             306.965          -3.173e+00             138.833           1.996e+01     
 135.000         227.000           -1.327e+00          -5.404e+00             306.915          -3.481e+00             139.039           1.969e+01     
 135.000         228.000           -1.511e+00          -5.388e+00             306.849          -3.799e+00             139.251           1.943e+01     
 135.000         229.000           -1.697e+00          -5.378e+00             306.767          -4.126e+00             139.469           1.916e+01     
 135.000         230.000           -1.885e+00          -5.374e+00             306.669          -4.463e+00             139.694           1.890e+01     
 135.000         231.000           -2.074e+00          -5.377e+00             306.556          -4.811e+00             139.929           1.864e+01     
 135.000         232.000           -2.265e+00          -5.385e+00             306.426          -5.168e+00             140.176           1.838e+01     
 135.000         233.000           -2.458e+00          -5.399e+00             306.280          -5.538e+00             140.437           1.812e+01     
 135.000         234.000           -2.651e+00          -5.419e+00             306.119          -5.918e+00             140.715           1.787e+01     
 135.000         235.000           -2.846e+00          -5.445e+00             305.940          -6.312e+00             141.012           1.761e+01     
 135.000         236.000           -3.042e+00          -5.475e+00             305.746          -6.718e+00             141.332           1.737e+01     
 135.000         237.000           -3.238e+00          -5.512e+00             305.535          -7.137e+00             141.680           1.712e+01     
 135.000         238.000           -3.435e+00          -5.553e+00             305.308          -7.571e+00             142.060           1.688e+01     
 135.000         239.000           -3.633e+00          -5.599e+00             305.064          -8.020e+00             142.477           1.665e+01     
 135.000         240.000           -3.830e+00          -5.651e+00             304.804          -8.485e+00             142.937           1.642e+01     
 135.000         241.000           -4.028e+00          -5.707e+00             304.526          -8.967e+00             143.449           1.619e+01     
 135.000         242.000           -4.225e+00          -5.768e+00             304.232          -9.467e+00             144.021           1.598e+01     
 135.000         243.000           -4.421e+00          -5.834e+00             303.920          -9.986e+00             144.663           1.577e+01     
 135.000         244.000           -4.617e+00          -5.904e+00             303.591          -1.053e+01             145.388           1.556e+01     
 135.000         245.000           -4.811e+00          -5.979e+00             303.245          -1.109e+01             146.211           1.537e+01     
 135.000         246.000           -5.004e+00          -6.058e+00             302.881          -1.167e+01             147.149           1.518e+01     
 135.000         247.000           -5.195e+00          -6.141e+00             302.499          -1.228e+01             148.225           1.501e+01     
 135.000         248.000           -5.384e+00          -6.228e+00             302.100          -1.292e+01             149.465           1.485e+01     
 135.000         249.000           -5.571e+00          -6.319e+00             301.682          -1.358e+01             150.902           1.469e+01     
 135.000         250.000           -5.755e+00          -6.414e+00             301.247          -1.427e+01             152.576           1.455e+01     
 135.000         251.000           -5.936e+00          -6.513e+00             300.793          -1.499e+01             154.536           1.443e+01     
 135.000         252.000           -6.114e+00          -6.616e+00             300.320          -1.573e+01             156.843           1.431e+01     
 135.000         253.000           -6.288e+00          -6.722e+00             299.829          -1.651e+01             159.570           1.422e+01     
 135.000         254.000           -6.459e+00          -6.832e+00             299.319          -1.730e+01             162.807           1.413e+01     
 135.000         255.000           -6.625e+00          -6.945e+00             298.790          -1.811e+01             166.655           1.407e+01     
 135.000         256.000           -6.786e+00          -7.061e+00             298.242          -1.891e+01             171.226           1.402e+01     
 135.000         257.000           -6.943e+00          -7.180e+00             297.675          -1.969e+01             176.625           1.399e+01     
 135.000         258.000           -7.095e+00          -7.302e+00             297.089          -2.041e+01             182.923           1.398e+01     
 135.000         259.000           -7.241e+00          -7.427e+00             296.484          -2.102e+01             190.113           1.399e+01     
 135.000         260.000           -7.381e+00          -7.554e+00             295.861          -2.148e+01             198.056           1.402e+01     
 135.000         261.000           -7.517e+00          -7.684e+00             295.218          -2.175e+01             206.459           1.407e+01     
 135.000         262.000           -7.646e+00          -7.816e+00             294.555          -2.180e+01             214.908           1.414e+01     
 135.000         263.000           -7.769e+00          -7.950e+00             293.873          -2.165e+01             222.974           1.423e+01     
 135.000         264.000           -7.885e+00          -8.086e+00             293.172          -2.133e+01             230.323           1.434e+01     
 135.000         265.000           -7.996e+00          -8.225e+00             292.453          -2.089e+01             236.774           1.448e+01     
 135.000         266.000           -8.099e+00          -8.364e+00             291.715          -2.038e+01             242.287           1.464e+01     
 135.000         267.000           -8.197e+00          -8.506e+00             290.958          -1.983e+01             246.917           1.482e+01     
 135.000         268.000           -8.288e+00          -8.648e+00             290.184          -1.928e+01             250.764           1.502e+01     
 135.000         269.000           -8.372e+00          -8.792e+00             289.391          -1.873e+01             253.939           1.525e+01     
 135.000         270.000           -8.450e+00          -8.936e+00             288.582          -1.820e+01             256.549           1.550e+01     
 135.000         271.000           -8.521e+00          -9.081e+00             287.758          -1.769e+01             258.684           1.577e+01     
 135.000         272.000           -8.586e+00          -9.227e+00             286.916          -1.721e+01             260.427           1.607e+01     
 135.000         273.000           -8.644e+00          -9.373e+00             286.059          -1.676e+01             261.839           1.638e+01     
 135.000         274.000           -8.696e+00          -9.519e+00             285.188          -1.633e+01             262.975           1.672e+01     
 135.000         275.000           -8.742e+00          -9.665e+00             284.302          -1.592e+01             263.876           1.708e+01     
 135.000         276.000           -8.782e+00          -9.811e+00             283.405          -1.554e+01             264.578           1.746e+01     
 135.000         277.000           -8.817e+00          -9.956e+00             282.495          -1.519e+01             265.110           1.786e+01     
 135.000         278.000           -8.845e+00          -1.010e+01             281.575          -1.485e+01             265.495           1.828e+01     
 135.000         279.000           -8.868e+00          -1.024e+01             280.646          -1.453e+01             265.753           1.872e+01     
 135.000         280.000           -8.885e+00          -1.039e+01             279.709          -1.423e+01             265.901           1.918e+01     
 135.000         281.000           -8.897e+00          -1.053e+01             278.763          -1.394e+01             265.952           1.966e+01     
 135.000         282.000           -8.904e+00          -1.067e+01             277.815          -1.367e+01             265.919           2.016e+01     
 135.000         283.000           -8.906e+00          -1.081e+01             276.864          -1.341e+01             265.811           2.068e+01     
 135.000         284.000           -8.902e+00          -1.094e+01             275.911          -1.316e+01             265.637           2.121e+01     
 135.000         285.000           -8.894e+00          -1.108e+01             274.959          -1.293e+01             265.406           2.176e+01     
 135.000         286.000           -8.882e+00          -1.121e+01             274.009          -1.270e+01             265.124           2.232e+01     
 135.000         287.000           -8.865e+00          -1.134e+01             273.063          -1.248e+01             264.796           2.290e+01     
 135.000         288.000           -8.843e+00          -1.147e+01             272.123          -1.227e+01             264.429           2.348e+01     
 135.000         289.000           -8.817e+00          -1.160e+01             271.191          -1.207e+01             264.028           2.408e+01     
 135.000         290.000           -8.787e+00          -1.172e+01             270.270          -1.188e+01             263.596           2.469e+01     
 135.000         291.000           -8.753e+00          -1.184e+01             269.361          -1.169e+01             263.138           2.530e+01     
 135.000         292.000           -8.715e+00          -1.196e+01             268.466          -1.150e+01             262.658           2.591e+01     
 135.000         293.000           -8.673e+00          -1.208e+01             267.588          -1.132e+01             262.159           2.652e+01     
 135.000         294.000           -8.627e+00          -1.219e+01             266.728          -1.115e+01             261.645           2.712e+01     
 135.000         295.000           -8.577e+00          -1.230e+01             265.888          -1.097e+01             261.118           2.771e+01     
 135.000         296.000           -8.524e+00          -1.241e+01             265.071          -1.080e+01             260.582           2.829e+01     
 135.000         297.000           -8.467e+00          -1.252e+01             264.278          -1.064e+01             260.040           2.884e+01     
 135.000         298.000           -8.407e+00          -1.263e+01             263.511          -1.047e+01             259.493           2.936e+01     
 135.000         299.000           -8.343e+00          -1.273e+01             262.772          -1.031e+01             258.945           2.986e+01     
 135.000         300.000           -8.276e+00          -1.283e+01             262.062          -1.015e+01             258.398           3.031e+01     
 135.000         301.000           -8.205e+00          -1.293e+01             261.384          -9.989e+00             257.854           3.072e+01     
 135.000         302.000           -8.131e+00          -1.303e+01             260.738          -9.831e+00             257.315           3.107e+01     
 135.000         303.000           -8.054e+00          -1.312e+01             260.125          -9.673e+00             256.783           3.137e+01     
 135.000         304.000           -7.974e+00          -1.322e+01             259.548          -9.516e+00             256.260           3.161e+01     
 135.000         305.000           -7.891e+00          -1.331e+01             259.007          -9.359e+00             255.747           3.179e+01     
 135.000         306.000           -7.804e+00          -1.341e+01             258.503          -9.202e+00             255.246           3.191e+01     
 135.000         307.000           -7.715e+00          -1.350e+01             258.038          -9.046e+00             254.759           3.196e+01     
 135.000         308.000           -7.623e+00          -1.359e+01             257.611          -8.889e+00             254.287           3.197e+01     
 135.000         309.000           -7.527e+00          -1.368e+01             257.223          -8.733e+00             253.831           3.191e+01     
 135.000         310.000           -7.429e+00          -1.377e+01             256.876          -8.576e+00             253.392           3.181e+01     
 135.000         311.000           -7.329e+00          -1.387e+01             256.569          -8.419e+00             252.971           3.167e+01     
 135.000         312.000           -7.225e+00          -1.396e+01             256.303          -8.261e+00             252.570           3.149e+01     
 135.000         313.000           -7.119e+00          -1.405e+01             256.079          -8.103e+00             252.188           3.128e+01     
 135.000         314.000           -7.011e+00          -1.414e+01             255.895          -7.944e+00             251.826           3.104e+01     
 135.000         315.000           -6.900e+00          -1.424e+01             255.753          -7.785e+00             251.485           3.078e+01     
 135.000         316.000           -6.786e+00          -1.433e+01             255.653          -7.626e+00             251.165           3.051e+01     
 135.000         317.000           -6.670e+00          -1.443e+01             255.595          -7.466e+00             250.867           3.023e+01     
 135.000         318.000           -6.552e+00          -1.453e+01             255.577          -7.305e+00             250.591           2.994e+01     
 135.000         319.000           -6.432e+00          -1.463e+01             255.602          -7.144e+00             250.336           2.965e+01     
 135.000         320.000           -6.309e+00          -1.474e+01             255.668          -6.982e+00             250.103           2.936e+01     
 135.000         321.000           -6.184e+00          -1.485e+01             255.775          -6.820e+00             249.891           2.907e+01     
 135.000         322.000           -6.058e+00          -1.496e+01             255.924          -6.657e+00             249.701           2.879e+01     
 135.000         323.000           -5.929e+00          -1.507e+01             256.114          -6.494e+00             249.533           2.851e+01     
 135.000         324.000           -5.799e+00          -1.519e+01             256.345          -6.330e+00             249.385           2.824e+01     
 135.000         325.000           -5.667e+00          -1.531e+01             256.619          -6.166e+00             249.257           2.798e+01     
 135.000         326.000           -5.533e+00          -1.544e+01             256.934          -6.001e+00             249.149           2.773e+01     
 135.000         327.000           -5.398e+00          -1.558e+01             257.293          -5.836e+00             249.061           2.748e+01     
 135.000         328.000           -5.261e+00          -1.572e+01             257.694          -5.671e+00             248.992           2.725e+01     
 135.000         329.000           -5.123e+00          -1.586e+01             258.139          -5.505e+00             248.940           2.703e+01     
 135.000         330.000           -4.983e+00          -1.602e+01             258.630          -5.340e+00             248.906           2.682e+01     
 135.000         331.000           -4.843e+00          -1.618e+01             259.168          -5.174e+00             248.889           2.662e+01     
 135.000         332.000           -4.701e+00          -1.635e+01             259.755          -5.008e+00             248.888           2.643e+01     
 135.000         333.000           -4.558e+00          -1.653e+01             260.394          -4.843e+00             248.903           2.625e+01     
 135.000         334.000           -4.414e+00          -1.672e+01             261.087          -4.677e+00             248.932           2.608e+01     
 135.000         335.000           -4.269e+00          -1.693e+01             261.838          -4.511e+00             248.974           2.593e+01     
 135.000         336.000           -4.124e+00          -1.714e+01             262.652          -4.346e+00             249.030           2.578e+01     
 135.000         337.000           -3.978e+00          -1.737e+01             263.535          -4.181e+00             249.098           2.564e+01     
 135.000         338.000           -3.832e+00          -1.762e+01             264.494          -4.017e+00             249.178           2.551e+01     
 135.000         339.000           -3.685e+00          -1.788e+01             265.537          -3.853e+00             249.268           2.539e+01     
 135.000         340.000           -3.538e+00          -1.816e+01             266.674          -3.690e+00             249.368           2.528e+01     
 135.000         341.000           -3.390e+00          -1.846e+01             267.920          -3.527e+00             249.477           2.518e+01     
 135.000         342.000           -3.243e+00          -1.879e+01             269.289          -3.366e+00             249.595           2.509e+01     
 135.000         343.000           -3.096e+00          -1.913e+01             270.801          -3.205e+00             249.720           2.500e+01     
 135.000         344.000           -2.948e+00          -1.950e+01             272.481          -3.046e+00             249.853           2.492e+01     
 135.000         345.000           -2.802e+00          -1.990e+01             274.358          -2.887e+00             249.991           2.485e+01     
 135.000         346.000           -2.655e+00          -2.033e+01             276.471          -2.730e+00             250.136           2.478e+01     
 135.000         347.000           -2.509e+00          -2.079e+01             278.868          -2.574e+00             250.286           2.472e+01     
 135.000         348.000           -2.363e+00          -2.128e+01             281.608          -2.419e+00             250.441           2.467e+01     
 135.000         349.000           -2.219e+00          -2.181e+01             284.767          -2.267e+00             250.600           2.462e+01     
 135.000         350.000           -2.075e+00          -2.236e+01             288.439          -2.115e+00             250.762           2.458e+01     
 135.000         351.000           -1.931e+00          -2.294e+01             292.739          -1.966e+00             250.927           2.454e+01     
 135.000         352.000           -1.789e+00          -2.353e+01             297.800          -1.819e+00             251.096           2.450e+01     
 135.000         353.000           -1.648e+00          -2.412e+01             303.769          -1.673e+00             251.266           2.447e+01     
 135.000         354.000           -1.509e+00          -2.466e+01             310.775          -1.530e+00             251.439           2.445e+01     
 135.000         355.000           -1.370e+00          -2.510e+01             318.880          -1.388e+00             251.613           2.442e+01     
 135.000         356.000           -1.233e+00          -2.540e+01             328.006          -1.250e+00             251.788           2.440e+01     
 135.000         357.000           -1.097e+00          -2.548e+01             337.863          -1.113e+00             251.964           2.439e+01     
 135.000         358.000           -9.631e-01          -2.531e+01             347.962          -9.791e-01             252.141           2.437e+01     
 135.000         359.000           -8.307e-01          -2.489e+01             357.733          -8.478e-01             252.319           2.436e+01     
