Theta [deg.]  Phi   [deg.]  Abs(Dir.)[dBi   ]   Abs(Theta)[dBi   ]  Phase(Theta)[deg.]  Abs(Phi  )[dBi   ]  Phase(Phi  )[deg.]  Ax.Ratio[dB    ]    
------------------------------------------------------------------------------------------------------------------------------------------------------
  45.000           0.000           -3.327e+00          -3.815e+01             171.785          -3.329e+00             208.063           3.938e+01     
  45.000           1.000           -3.224e+00          -3.408e+01             183.786          -3.227e+00             209.035           3.826e+01     
  45.000           2.000           -3.119e+00          -3.116e+01             189.865          -3.125e+00             210.004           3.731e+01     
  45.000           3.000           -3.012e+00          -2.890e+01             193.769          -3.023e+00             210.965           3.649e+01     
  45.000           4.000           -2.905e+00          -2.706e+01             196.653          -2.921e+00             211.920           3.576e+01     
  45.000           5.000           -2.796e+00          -2.550e+01             198.976          -2.819e+00             212.865           3.512e+01     
  45.000           6.000           -2.687e+00          -2.415e+01             200.954          -2.718e+00             213.801           3.455e+01     
  45.000           7.000           -2.577e+00          -2.294e+01             202.703          -2.617e+00             214.726           3.403e+01     
  45.000           8.000           -2.466e+00          -2.186e+01             204.289          -2.516e+00             215.639           3.356e+01     
  45.000           9.000           -2.355e+00          -2.087e+01             205.753          -2.417e+00             216.539           3.313e+01     
  45.000          10.000           -2.244e+00          -1.996e+01             207.122          -2.318e+00             217.426           3.273e+01     
  45.000          11.000           -2.133e+00          -1.911e+01             208.414          -2.221e+00             218.299           3.237e+01     
  45.000          12.000           -2.023e+00          -1.832e+01             209.641          -2.126e+00             219.158           3.203e+01     
  45.000          13.000           -1.912e+00          -1.758e+01             210.812          -2.032e+00             220.003           3.171e+01     
  45.000          14.000           -1.803e+00          -1.687e+01             211.935          -1.940e+00             220.833           3.141e+01     
  45.000          15.000           -1.694e+00          -1.621e+01             213.013          -1.850e+00             221.647           3.113e+01     
  45.000          16.000           -1.586e+00          -1.558e+01             214.051          -1.763e+00             222.447           3.087e+01     
  45.000          17.000           -1.479e+00          -1.497e+01             215.053          -1.678e+00             223.231           3.062e+01     
  45.000          18.000           -1.373e+00          -1.439e+01             216.020          -1.596e+00             224.001           3.038e+01     
  45.000          19.000           -1.269e+00          -1.384e+01             216.956          -1.516e+00             224.755           3.016e+01     
  45.000          20.000           -1.166e+00          -1.331e+01             217.861          -1.440e+00             225.495           2.994e+01     
  45.000          21.000           -1.065e+00          -1.279e+01             218.738          -1.367e+00             226.220           2.973e+01     
  45.000          22.000           -9.655e-01          -1.230e+01             219.588          -1.297e+00             226.931           2.952e+01     
  45.000          23.000           -8.680e-01          -1.182e+01             220.412          -1.231e+00             227.627           2.933e+01     
  45.000          24.000           -7.723e-01          -1.136e+01             221.212          -1.169e+00             228.311           2.914e+01     
  45.000          25.000           -6.788e-01          -1.092e+01             221.988          -1.111e+00             228.981           2.895e+01     
  45.000          26.000           -5.874e-01          -1.048e+01             222.742          -1.057e+00             229.638           2.877e+01     
  45.000          27.000           -4.982e-01          -1.007e+01             223.474          -1.006e+00             230.283           2.859e+01     
  45.000          28.000           -4.113e-01          -9.662e+00             224.187          -9.607e-01             230.916           2.841e+01     
  45.000          29.000           -3.268e-01          -9.269e+00             224.879          -9.195e-01             231.537           2.824e+01     
  45.000          30.000           -2.446e-01          -8.888e+00             225.553          -8.829e-01             232.148           2.807e+01     
  45.000          31.000           -1.649e-01          -8.518e+00             226.210          -8.510e-01             232.748           2.790e+01     
  45.000          32.000           -8.777e-02          -8.159e+00             226.849          -8.240e-01             233.339           2.773e+01     
  45.000          33.000           -1.314e-02          -7.809e+00             227.472          -8.020e-01             233.920           2.756e+01     
  45.000          34.000            5.894e-02          -7.470e+00             228.079          -7.852e-01             234.493           2.740e+01     
  45.000          35.000            1.284e-01          -7.140e+00             228.672          -7.736e-01             235.057           2.723e+01     
  45.000          36.000            1.953e-01          -6.820e+00             229.250          -7.674e-01             235.614           2.707e+01     
  45.000          37.000            2.596e-01          -6.508e+00             229.816          -7.667e-01             236.163           2.690e+01     
  45.000          38.000            3.213e-01          -6.205e+00             230.368          -7.717e-01             236.706           2.674e+01     
  45.000          39.000            3.804e-01          -5.911e+00             230.908          -7.825e-01             237.243           2.658e+01     
  45.000          40.000            4.368e-01          -5.624e+00             231.437          -7.991e-01             237.775           2.642e+01     
  45.000          41.000            4.907e-01          -5.346e+00             231.954          -8.219e-01             238.302           2.626e+01     
  45.000          42.000            5.420e-01          -5.075e+00             232.462          -8.508e-01             238.825           2.609e+01     
  45.000          43.000            5.908e-01          -4.811e+00             232.959          -8.860e-01             239.345           2.593e+01     
  45.000          44.000            6.371e-01          -4.555e+00             233.447          -9.277e-01             239.861           2.577e+01     
  45.000          45.000            6.809e-01          -4.306e+00             233.926          -9.761e-01             240.375           2.561e+01     
  45.000          46.000            7.222e-01          -4.064e+00             234.397          -1.031e+00             240.887           2.545e+01     
  45.000          47.000            7.612e-01          -3.829e+00             234.860          -1.093e+00             241.399           2.529e+01     
  45.000          48.000            7.978e-01          -3.600e+00             235.315          -1.163e+00             241.910           2.513e+01     
  45.000          49.000            8.321e-01          -3.378e+00             235.764          -1.239e+00             242.421           2.497e+01     
  45.000          50.000            8.642e-01          -3.162e+00             236.206          -1.324e+00             242.933           2.481e+01     
  45.000          51.000            8.941e-01          -2.952e+00             236.642          -1.416e+00             243.447           2.465e+01     
  45.000          52.000            9.219e-01          -2.749e+00             237.072          -1.516e+00             243.964           2.449e+01     
  45.000          53.000            9.476e-01          -2.551e+00             237.497          -1.624e+00             244.483           2.434e+01     
  45.000          54.000            9.714e-01          -2.359e+00             237.916          -1.741e+00             245.007           2.418e+01     
  45.000          55.000            9.933e-01          -2.173e+00             238.331          -1.866e+00             245.536           2.402e+01     
  45.000          56.000            1.013e+00          -1.993e+00             238.742          -2.001e+00             246.071           2.387e+01     
  45.000          57.000            1.032e+00          -1.818e+00             239.148          -2.145e+00             246.614           2.372e+01     
  45.000          58.000            1.048e+00          -1.649e+00             239.551          -2.300e+00             247.164           2.356e+01     
  45.000          59.000            1.064e+00          -1.485e+00             239.950          -2.464e+00             247.724           2.341e+01     
  45.000          60.000            1.077e+00          -1.326e+00             240.346          -2.639e+00             248.294           2.326e+01     
  45.000          61.000            1.090e+00          -1.172e+00             240.739          -2.826e+00             248.877           2.312e+01     
  45.000          62.000            1.101e+00          -1.024e+00             241.130          -3.024e+00             249.474           2.297e+01     
  45.000          63.000            1.111e+00          -8.800e-01             241.518          -3.234e+00             250.086           2.283e+01     
  45.000          64.000            1.120e+00          -7.414e-01             241.904          -3.458e+00             250.716           2.269e+01     
  45.000          65.000            1.128e+00          -6.077e-01             242.288          -3.695e+00             251.366           2.255e+01     
  45.000          66.000            1.135e+00          -4.787e-01             242.671          -3.947e+00             252.039           2.241e+01     
  45.000          67.000            1.141e+00          -3.545e-01             243.051          -4.214e+00             252.737           2.228e+01     
  45.000          68.000            1.147e+00          -2.349e-01             243.431          -4.498e+00             253.465           2.215e+01     
  45.000          69.000            1.153e+00          -1.199e-01             243.809          -4.799e+00             254.226           2.203e+01     
  45.000          70.000            1.158e+00          -9.498e-03             244.187          -5.119e+00             255.024           2.190e+01     
  45.000          71.000            1.162e+00           9.647e-02             244.563          -5.460e+00             255.867           2.179e+01     
  45.000          72.000            1.167e+00           1.980e-01             244.940          -5.822e+00             256.760           2.167e+01     
  45.000          73.000            1.172e+00           2.952e-01             245.315          -6.208e+00             257.711           2.156e+01     
  45.000          74.000            1.177e+00           3.880e-01             245.690          -6.620e+00             258.730           2.146e+01     
  45.000          75.000            1.182e+00           4.766e-01             246.066          -7.060e+00             259.829           2.136e+01     
  45.000          76.000            1.187e+00           5.609e-01             246.441          -7.532e+00             261.024           2.126e+01     
  45.000          77.000            1.193e+00           6.410e-01             246.816          -8.037e+00             262.333           2.117e+01     
  45.000          78.000            1.200e+00           7.170e-01             247.192          -8.581e+00             263.779           2.108e+01     
  45.000          79.000            1.207e+00           7.888e-01             247.567          -9.167e+00             265.394           2.100e+01     
  45.000          80.000            1.215e+00           8.565e-01             247.944          -9.801e+00             267.217           2.093e+01     
  45.000          81.000            1.223e+00           9.202e-01             248.320          -1.049e+01             269.302           2.086e+01     
  45.000          82.000            1.233e+00           9.799e-01             248.698          -1.123e+01             271.720           2.080e+01     
  45.000          83.000            1.244e+00           1.036e+00             249.076          -1.205e+01             274.571           2.075e+01     
  45.000          84.000            1.256e+00           1.087e+00             249.456          -1.293e+01             277.992           2.070e+01     
  45.000          85.000            1.269e+00           1.135e+00             249.836          -1.389e+01             282.177           2.066e+01     
  45.000          86.000            1.284e+00           1.179e+00             250.217          -1.494e+01             287.401           2.062e+01     
  45.000          87.000            1.300e+00           1.219e+00             250.599          -1.604e+01             294.044           2.060e+01     
  45.000          88.000            1.317e+00           1.255e+00             250.983          -1.716e+01             302.593           2.057e+01     
  45.000          89.000            1.336e+00           1.287e+00             251.368          -1.818e+01             313.540           2.056e+01     
  45.000          90.000            1.356e+00           1.315e+00             251.753          -1.894e+01             327.038           2.056e+01     
  45.000          91.000            1.378e+00           1.340e+00             252.141          -1.922e+01             342.326           2.056e+01     
  45.000          92.000            1.401e+00           1.360e+00             252.530          -1.889e+01             357.616           2.056e+01     
  45.000          93.000            1.426e+00           1.377e+00             252.920          -1.808e+01              11.119           2.058e+01     
  45.000          94.000            1.452e+00           1.390e+00             253.312          -1.700e+01              22.074           2.060e+01     
  45.000          95.000            1.480e+00           1.399e+00             253.706          -1.583e+01              30.634           2.063e+01     
  45.000          96.000            1.510e+00           1.404e+00             254.101          -1.468e+01              37.291           2.067e+01     
  45.000          97.000            1.541e+00           1.406e+00             254.498          -1.359e+01              42.532           2.072e+01     
  45.000          98.000            1.574e+00           1.403e+00             254.896          -1.257e+01              46.737           2.077e+01     
  45.000          99.000            1.608e+00           1.397e+00             255.297          -1.164e+01              50.181           2.083e+01     
  45.000         100.000            1.643e+00           1.387e+00             255.699          -1.077e+01              53.058           2.089e+01     
  45.000         101.000            1.680e+00           1.372e+00             256.103          -9.975e+00              55.505           2.097e+01     
  45.000         102.000            1.718e+00           1.354e+00             256.509          -9.237e+00              57.621           2.105e+01     
  45.000         103.000            1.757e+00           1.332e+00             256.917          -8.551e+00              59.478           2.113e+01     
  45.000         104.000            1.797e+00           1.306e+00             257.327          -7.913e+00              61.129           2.122e+01     
  45.000         105.000            1.839e+00           1.277e+00             257.739          -7.316e+00              62.614           2.132e+01     
  45.000         106.000            1.881e+00           1.243e+00             258.153          -6.758e+00              63.964           2.143e+01     
  45.000         107.000            1.925e+00           1.205e+00             258.569          -6.233e+00              65.202           2.154e+01     
  45.000         108.000            1.969e+00           1.163e+00             258.987          -5.740e+00              66.348           2.165e+01     
  45.000         109.000            2.014e+00           1.116e+00             259.407          -5.274e+00              67.415           2.178e+01     
  45.000         110.000            2.060e+00           1.066e+00             259.829          -4.834e+00              68.416           2.190e+01     
  45.000         111.000            2.106e+00           1.011e+00             260.254          -4.417e+00              69.360           2.203e+01     
  45.000         112.000            2.152e+00           9.527e-01             260.680          -4.022e+00              70.255           2.217e+01     
  45.000         113.000            2.199e+00           8.896e-01             261.109          -3.646e+00              71.109           2.231e+01     
  45.000         114.000            2.246e+00           8.221e-01             261.540          -3.290e+00              71.925           2.245e+01     
  45.000         115.000            2.293e+00           7.502e-01             261.974          -2.950e+00              72.709           2.260e+01     
  45.000         116.000            2.340e+00           6.739e-01             262.410          -2.626e+00              73.465           2.275e+01     
  45.000         117.000            2.387e+00           5.929e-01             262.848          -2.317e+00              74.196           2.291e+01     
  45.000         118.000            2.434e+00           5.074e-01             263.288          -2.023e+00              74.905           2.307e+01     
  45.000         119.000            2.481e+00           4.171e-01             263.731          -1.742e+00              75.594           2.323e+01     
  45.000         120.000            2.527e+00           3.221e-01             264.176          -1.473e+00              76.266           2.339e+01     
  45.000         121.000            2.573e+00           2.221e-01             264.624          -1.216e+00              76.921           2.356e+01     
  45.000         122.000            2.618e+00           1.173e-01             265.075          -9.701e-01              77.562           2.372e+01     
  45.000         123.000            2.662e+00           7.297e-03             265.528          -7.352e-01              78.191           2.389e+01     
  45.000         124.000            2.706e+00          -1.078e-01             265.984          -5.105e-01              78.807           2.406e+01     
  45.000         125.000            2.749e+00          -2.283e-01             266.443          -2.955e-01              79.413           2.423e+01     
  45.000         126.000            2.790e+00          -3.541e-01             266.904          -8.988e-02              80.009           2.441e+01     
  45.000         127.000            2.831e+00          -4.855e-01             267.369           1.068e-01              80.596           2.458e+01     
  45.000         128.000            2.871e+00          -6.225e-01             267.837           2.948e-01              81.175           2.475e+01     
  45.000         129.000            2.909e+00          -7.654e-01             268.307           4.745e-01              81.746           2.492e+01     
  45.000         130.000            2.946e+00          -9.142e-01             268.781           6.462e-01              82.310           2.509e+01     
  45.000         131.000            2.982e+00          -1.069e+00             269.259           8.102e-01              82.868           2.527e+01     
  45.000         132.000            3.016e+00          -1.230e+00             269.740           9.667e-01              83.419           2.544e+01     
  45.000         133.000            3.049e+00          -1.398e+00             270.225           1.116e+00              83.965           2.560e+01     
  45.000         134.000            3.080e+00          -1.573e+00             270.714           1.258e+00              84.506           2.577e+01     
  45.000         135.000            3.109e+00          -1.754e+00             271.207           1.393e+00              85.041           2.594e+01     
  45.000         136.000            3.137e+00          -1.943e+00             271.704           1.522e+00              85.572           2.610e+01     
  45.000         137.000            3.163e+00          -2.139e+00             272.206           1.644e+00              86.098           2.626e+01     
  45.000         138.000            3.187e+00          -2.342e+00             272.713           1.760e+00              86.620           2.642e+01     
  45.000         139.000            3.209e+00          -2.554e+00             273.225           1.870e+00              87.138           2.657e+01     
  45.000         140.000            3.229e+00          -2.774e+00             273.743           1.973e+00              87.652           2.672e+01     
  45.000         141.000            3.247e+00          -3.002e+00             274.268           2.071e+00              88.162           2.687e+01     
  45.000         142.000            3.263e+00          -3.239e+00             274.798           2.163e+00              88.668           2.701e+01     
  45.000         143.000            3.277e+00          -3.486e+00             275.336           2.249e+00              89.171           2.715e+01     
  45.000         144.000            3.288e+00          -3.743e+00             275.882           2.330e+00              89.670           2.729e+01     
  45.000         145.000            3.298e+00          -4.009e+00             276.436           2.405e+00              90.166           2.742e+01     
  45.000         146.000            3.305e+00          -4.287e+00             277.000           2.474e+00              90.658           2.754e+01     
  45.000         147.000            3.310e+00          -4.575e+00             277.574           2.539e+00              91.147           2.766e+01     
  45.000         148.000            3.312e+00          -4.876e+00             278.160           2.598e+00              91.633           2.778e+01     
  45.000         149.000            3.312e+00          -5.189e+00             278.758           2.651e+00              92.115           2.788e+01     
  45.000         150.000            3.310e+00          -5.516e+00             279.370           2.700e+00              92.594           2.799e+01     
  45.000         151.000            3.305e+00          -5.857e+00             279.998           2.743e+00              93.070           2.808e+01     
  45.000         152.000            3.298e+00          -6.212e+00             280.644           2.782e+00              93.542           2.817e+01     
  45.000         153.000            3.288e+00          -6.584e+00             281.310           2.816e+00              94.011           2.825e+01     
  45.000         154.000            3.275e+00          -6.973e+00             281.999           2.844e+00              94.477           2.833e+01     
  45.000         155.000            3.260e+00          -7.381e+00             282.714           2.868e+00              94.939           2.840e+01     
  45.000         156.000            3.242e+00          -7.809e+00             283.459           2.887e+00              95.398           2.846e+01     
  45.000         157.000            3.221e+00          -8.258e+00             284.239           2.901e+00              95.853           2.851e+01     
  45.000         158.000            3.198e+00          -8.731e+00             285.060           2.910e+00              96.305           2.856e+01     
  45.000         159.000            3.171e+00          -9.229e+00             285.927           2.914e+00              96.753           2.859e+01     
  45.000         160.000            3.142e+00          -9.756e+00             286.851           2.914e+00              97.197           2.862e+01     
  45.000         161.000            3.110e+00          -1.031e+01             287.842           2.908e+00              97.637           2.865e+01     
  45.000         162.000            3.076e+00          -1.091e+01             288.913           2.899e+00              98.074           2.866e+01     
  45.000         163.000            3.038e+00          -1.154e+01             290.081           2.884e+00              98.507           2.867e+01     
  45.000         164.000            2.998e+00          -1.221e+01             291.369           2.865e+00              98.935           2.867e+01     
  45.000         165.000            2.954e+00          -1.294e+01             292.807           2.841e+00              99.359           2.866e+01     
  45.000         166.000            2.907e+00          -1.371e+01             294.433           2.812e+00              99.780           2.864e+01     
  45.000         167.000            2.858e+00          -1.456e+01             296.302           2.778e+00             100.195           2.862e+01     
  45.000         168.000            2.805e+00          -1.548e+01             298.489           2.740e+00             100.606           2.859e+01     
  45.000         169.000            2.750e+00          -1.648e+01             301.102           2.697e+00             101.013           2.855e+01     
  45.000         170.000            2.691e+00          -1.758e+01             304.300           2.650e+00             101.415           2.850e+01     
  45.000         171.000            2.629e+00          -1.879e+01             308.322           2.597e+00             101.812           2.845e+01     
  45.000         172.000            2.564e+00          -2.013e+01             313.537           2.540e+00             102.204           2.839e+01     
  45.000         173.000            2.495e+00          -2.159e+01             320.517           2.478e+00             102.590           2.832e+01     
  45.000         174.000            2.424e+00          -2.312e+01             330.107           2.412e+00             102.972           2.824e+01     
  45.000         175.000            2.349e+00          -2.456e+01             343.328           2.340e+00             103.348           2.816e+01     
  45.000         176.000            2.271e+00          -2.558e+01               0.588           2.264e+00             103.718           2.807e+01     
  45.000         177.000            2.190e+00          -2.575e+01              20.059           2.183e+00             104.083           2.798e+01     
  45.000         178.000            2.105e+00          -2.502e+01              37.966           2.097e+00             104.442           2.787e+01     
  45.000         179.000            2.017e+00          -2.378e+01              51.954           2.006e+00             104.794           2.777e+01     
  45.000         180.000            1.926e+00          -2.240e+01              62.130           1.910e+00             105.141           2.765e+01     
  45.000         181.000            1.831e+00          -2.108e+01              69.490           1.808e+00             105.481           2.753e+01     
  45.000         182.000            1.732e+00          -1.987e+01              74.932           1.702e+00             105.814           2.741e+01     
  45.000         183.000            1.631e+00          -1.878e+01              79.076           1.591e+00             106.141           2.728e+01     
  45.000         184.000            1.525e+00          -1.782e+01              82.326           1.475e+00             106.461           2.714e+01     
  45.000         185.000            1.417e+00          -1.695e+01              84.939           1.353e+00             106.774           2.700e+01     
  45.000         186.000            1.304e+00          -1.617e+01              87.088           1.226e+00             107.079           2.686e+01     
  45.000         187.000            1.188e+00          -1.547e+01              88.888           1.093e+00             107.377           2.671e+01     
  45.000         188.000            1.069e+00          -1.483e+01              90.420           9.555e-01             107.668           2.655e+01     
  45.000         189.000            9.453e-01          -1.425e+01              91.742           8.121e-01             107.950           2.640e+01     
  45.000         190.000            8.184e-01          -1.373e+01              92.894           6.632e-01             108.224           2.624e+01     
  45.000         191.000            6.878e-01          -1.324e+01              93.909           5.085e-01             108.490           2.607e+01     
  45.000         192.000            5.534e-01          -1.280e+01              94.808           3.481e-01             108.748           2.590e+01     
  45.000         193.000            4.153e-01          -1.239e+01              95.612           1.818e-01             108.997           2.573e+01     
  45.000         194.000            2.734e-01          -1.202e+01              96.332           9.453e-03             109.237           2.555e+01     
  45.000         195.000            1.277e-01          -1.167e+01              96.981          -1.689e-01             109.467           2.538e+01     
  45.000         196.000           -2.183e-02          -1.136e+01              97.566          -3.536e-01             109.688           2.520e+01     
  45.000         197.000           -1.752e-01          -1.106e+01              98.096          -5.445e-01             109.900           2.501e+01     
  45.000         198.000           -3.325e-01          -1.079e+01              98.576          -7.420e-01             110.102           2.483e+01     
  45.000         199.000           -4.938e-01          -1.054e+01              99.010          -9.460e-01             110.293           2.464e+01     
  45.000         200.000           -6.589e-01          -1.031e+01              99.402          -1.157e+00             110.474           2.445e+01     
  45.000         201.000           -8.280e-01          -1.010e+01              99.755          -1.375e+00             110.644           2.426e+01     
  45.000         202.000           -1.001e+00          -9.905e+00             100.073          -1.599e+00             110.803           2.407e+01     
  45.000         203.000           -1.178e+00          -9.726e+00             100.356          -1.832e+00             110.951           2.388e+01     
  45.000         204.000           -1.359e+00          -9.563e+00             100.607          -2.071e+00             111.087           2.368e+01     
  45.000         205.000           -1.544e+00          -9.414e+00             100.827          -2.319e+00             111.211           2.349e+01     
  45.000         206.000           -1.733e+00          -9.279e+00             101.018          -2.574e+00             111.322           2.329e+01     
  45.000         207.000           -1.926e+00          -9.157e+00             101.179          -2.837e+00             111.421           2.310e+01     
  45.000         208.000           -2.124e+00          -9.047e+00             101.312          -3.109e+00             111.507           2.291e+01     
  45.000         209.000           -2.325e+00          -8.950e+00             101.418          -3.390e+00             111.579           2.271e+01     
  45.000         210.000           -2.530e+00          -8.864e+00             101.496          -3.680e+00             111.637           2.252e+01     
  45.000         211.000           -2.739e+00          -8.789e+00             101.548          -3.979e+00             111.681           2.233e+01     
  45.000         212.000           -2.952e+00          -8.725e+00             101.572          -4.288e+00             111.710           2.214e+01     
  45.000         213.000           -3.169e+00          -8.671e+00             101.570          -4.607e+00             111.724           2.196e+01     
  45.000         214.000           -3.390e+00          -8.628e+00             101.540          -4.936e+00             111.721           2.178e+01     
  45.000         215.000           -3.615e+00          -8.593e+00             101.484          -5.276e+00             111.702           2.160e+01     
  45.000         216.000           -3.844e+00          -8.569e+00             101.400          -5.628e+00             111.666           2.143e+01     
  45.000         217.000           -4.076e+00          -8.553e+00             101.288          -5.992e+00             111.611           2.126e+01     
  45.000         218.000           -4.312e+00          -8.547e+00             101.148          -6.369e+00             111.538           2.110e+01     
  45.000         219.000           -4.552e+00          -8.549e+00             100.980          -6.759e+00             111.446           2.095e+01     
  45.000         220.000           -4.795e+00          -8.560e+00             100.781          -7.163e+00             111.332           2.081e+01     
  45.000         221.000           -5.041e+00          -8.579e+00             100.553          -7.581e+00             111.197           2.067e+01     
  45.000         222.000           -5.290e+00          -8.606e+00             100.294          -8.016e+00             111.039           2.055e+01     
  45.000         223.000           -5.543e+00          -8.641e+00             100.004          -8.467e+00             110.857           2.045e+01     
  45.000         224.000           -5.798e+00          -8.683e+00              99.680          -8.936e+00             110.649           2.036e+01     
  45.000         225.000           -6.055e+00          -8.734e+00              99.324          -9.425e+00             110.414           2.028e+01     
  45.000         226.000           -6.315e+00          -8.791e+00              98.932          -9.934e+00             110.149           2.023e+01     
  45.000         227.000           -6.576e+00          -8.856e+00              98.505          -1.046e+01             109.852           2.021e+01     
  45.000         228.000           -6.839e+00          -8.928e+00              98.041          -1.102e+01             109.521           2.021e+01     
  45.000         229.000           -7.103e+00          -9.007e+00              97.538          -1.160e+01             109.152           2.024e+01     
  45.000         230.000           -7.368e+00          -9.093e+00              96.995          -1.221e+01             108.741           2.031e+01     
  45.000         231.000           -7.633e+00          -9.185e+00              96.411          -1.286e+01             108.283           2.043e+01     
  45.000         232.000           -7.898e+00          -9.284e+00              95.784          -1.353e+01             107.773           2.060e+01     
  45.000         233.000           -8.162e+00          -9.389e+00              95.113          -1.425e+01             107.203           2.082e+01     
  45.000         234.000           -8.424e+00          -9.500e+00              94.395          -1.501e+01             106.564           2.112e+01     
  45.000         235.000           -8.684e+00          -9.616e+00              93.629          -1.583e+01             105.842           2.150e+01     
  45.000         236.000           -8.941e+00          -9.738e+00              92.812          -1.670e+01             105.023           2.199e+01     
  45.000         237.000           -9.195e+00          -9.866e+00              91.944          -1.764e+01             104.083           2.261e+01     
  45.000         238.000           -9.444e+00          -9.998e+00              91.021          -1.866e+01             102.992           2.339e+01     
  45.000         239.000           -9.687e+00          -1.013e+01              90.042          -1.978e+01             101.704           2.439e+01     
  45.000         240.000           -9.924e+00          -1.028e+01              89.004          -2.102e+01             100.149           2.570e+01     
  45.000         241.000           -1.015e+01          -1.042e+01              87.905          -2.241e+01              98.220           2.744e+01     
  45.000         242.000           -1.038e+01          -1.057e+01              86.744          -2.399e+01              95.732           2.992e+01     
  45.000         243.000           -1.059e+01          -1.072e+01              85.518          -2.583e+01              92.349           3.387e+01     
  45.000         244.000           -1.079e+01          -1.087e+01              84.224          -2.804e+01              87.397           4.000e+01     
  45.000         245.000           -1.098e+01          -1.103e+01              82.862          -3.075e+01              79.341           4.000e+01     
  45.000         246.000           -1.116e+01          -1.118e+01              81.429          -3.408e+01              64.211           3.351e+01     
  45.000         247.000           -1.133e+01          -1.134e+01              79.924          -3.727e+01              32.943           2.866e+01     
  45.000         248.000           -1.148e+01          -1.150e+01              78.346          -3.691e+01             349.768           2.542e+01     
  45.000         249.000           -1.162e+01          -1.165e+01              76.694          -3.386e+01             323.212           2.297e+01     
  45.000         250.000           -1.175e+01          -1.180e+01              74.967          -3.105e+01             310.231           2.099e+01     
  45.000         251.000           -1.186e+01          -1.195e+01              73.166          -2.886e+01             302.922           1.933e+01     
  45.000         252.000           -1.196e+01          -1.210e+01              71.292          -2.714e+01             298.145           1.791e+01     
  45.000         253.000           -1.205e+01          -1.224e+01              69.346          -2.575e+01             294.654           1.667e+01     
  45.000         254.000           -1.212e+01          -1.237e+01              67.331          -2.460e+01             291.884           1.557e+01     
  45.000         255.000           -1.217e+01          -1.250e+01              65.251          -2.363e+01             289.544           1.460e+01     
  45.000         256.000           -1.222e+01          -1.261e+01              63.108          -2.280e+01             287.474           1.373e+01     
  45.000         257.000           -1.225e+01          -1.272e+01              60.908          -2.208e+01             285.574           1.294e+01     
  45.000         258.000           -1.227e+01          -1.282e+01              58.658          -2.146e+01             283.781           1.224e+01     
  45.000         259.000           -1.227e+01          -1.291e+01              56.364          -2.091e+01             282.052           1.161e+01     
  45.000         260.000           -1.227e+01          -1.299e+01              54.033          -2.043e+01             280.356           1.104e+01     
  45.000         261.000           -1.225e+01          -1.305e+01              51.675          -2.000e+01             278.674           1.053e+01     
  45.000         262.000           -1.223e+01          -1.310e+01              49.298          -1.961e+01             276.987           1.007e+01     
  45.000         263.000           -1.219e+01          -1.314e+01              46.912          -1.927e+01             275.283           9.662e+00     
  45.000         264.000           -1.215e+01          -1.317e+01              44.525          -1.896e+01             273.551           9.303e+00     
  45.000         265.000           -1.210e+01          -1.318e+01              42.148          -1.868e+01             271.783           8.988e+00     
  45.000         266.000           -1.204e+01          -1.318e+01              39.789          -1.843e+01             269.972           8.716e+00     
  45.000         267.000           -1.198e+01          -1.317e+01              37.457          -1.820e+01             268.114           8.484e+00     
  45.000         268.000           -1.191e+01          -1.314e+01              35.160          -1.799e+01             266.205           8.289e+00     
  45.000         269.000           -1.184e+01          -1.311e+01              32.906          -1.779e+01             264.241           8.131e+00     
  45.000         270.000           -1.176e+01          -1.307e+01              30.700          -1.761e+01             262.221           8.008e+00     
  45.000         271.000           -1.168e+01          -1.302e+01              28.553          -1.744e+01             260.146           7.917e+00     
  45.000         272.000           -1.159e+01          -1.296e+01              26.462          -1.727e+01             258.011           7.858e+00     
  45.000         273.000           -1.150e+01          -1.289e+01              24.434          -1.711e+01             255.821           7.827e+00     
  45.000         274.000           -1.140e+01          -1.282e+01              22.472          -1.696e+01             253.576           7.825e+00     
  45.000         275.000           -1.130e+01          -1.274e+01              20.578          -1.681e+01             251.282           7.848e+00     
  45.000         276.000           -1.120e+01          -1.266e+01              18.753          -1.666e+01             248.942           7.895e+00     
  45.000         277.000           -1.110e+01          -1.257e+01              16.999          -1.651e+01             246.562           7.965e+00     
  45.000         278.000           -1.099e+01          -1.249e+01              15.316          -1.635e+01             244.149           8.056e+00     
  45.000         279.000           -1.088e+01          -1.240e+01              13.702          -1.619e+01             241.709           8.166e+00     
  45.000         280.000           -1.077e+01          -1.232e+01              12.157          -1.602e+01             239.251           8.294e+00     
  45.000         281.000           -1.066e+01          -1.223e+01              10.682          -1.585e+01             236.784           8.439e+00     
  45.000         282.000           -1.055e+01          -1.214e+01               9.272          -1.567e+01             234.317           8.599e+00     
  45.000         283.000           -1.043e+01          -1.206e+01               7.927          -1.549e+01             231.859           8.772e+00     
  45.000         284.000           -1.032e+01          -1.198e+01               6.645          -1.529e+01             229.421           8.959e+00     
  45.000         285.000           -1.020e+01          -1.190e+01               5.424          -1.509e+01             227.011           9.158e+00     
  45.000         286.000           -1.008e+01          -1.183e+01               4.263          -1.488e+01             224.637           9.367e+00     
  45.000         287.000           -9.961e+00          -1.176e+01               3.159          -1.466e+01             222.308           9.586e+00     
  45.000         288.000           -9.841e+00          -1.169e+01               2.111          -1.444e+01             220.032           9.815e+00     
  45.000         289.000           -9.720e+00          -1.163e+01               1.117          -1.421e+01             217.815           1.005e+01     
  45.000         290.000           -9.599e+00          -1.157e+01               0.174          -1.397e+01             215.662           1.030e+01     
  45.000         291.000           -9.477e+00          -1.152e+01             359.281          -1.373e+01             213.578           1.055e+01     
  45.000         292.000           -9.355e+00          -1.147e+01             358.437          -1.349e+01             211.568           1.081e+01     
  45.000         293.000           -9.234e+00          -1.143e+01             357.640          -1.324e+01             209.634           1.107e+01     
  45.000         294.000           -9.112e+00          -1.140e+01             356.888          -1.299e+01             207.777           1.134e+01     
  45.000         295.000           -8.991e+00          -1.137e+01             356.179          -1.274e+01             206.001           1.162e+01     
  45.000         296.000           -8.870e+00          -1.134e+01             355.514          -1.249e+01             204.304           1.190e+01     
  45.000         297.000           -8.749e+00          -1.133e+01             354.889          -1.224e+01             202.688           1.218e+01     
  45.000         298.000           -8.630e+00          -1.131e+01             354.305          -1.199e+01             201.151           1.247e+01     
  45.000         299.000           -8.511e+00          -1.131e+01             353.760          -1.174e+01             199.694           1.277e+01     
  45.000         300.000           -8.393e+00          -1.131e+01             353.254          -1.150e+01             198.314           1.307e+01     
  45.000         301.000           -8.277e+00          -1.132e+01             352.784          -1.126e+01             197.011           1.337e+01     
  45.000         302.000           -8.161e+00          -1.133e+01             352.352          -1.102e+01             195.782           1.367e+01     
  45.000         303.000           -8.047e+00          -1.136e+01             351.955          -1.078e+01             194.627           1.398e+01     
  45.000         304.000           -7.935e+00          -1.138e+01             351.593          -1.055e+01             193.543           1.429e+01     
  45.000         305.000           -7.823e+00          -1.142e+01             351.267          -1.032e+01             192.529           1.461e+01     
  45.000         306.000           -7.714e+00          -1.146e+01             350.974          -1.009e+01             191.582           1.492e+01     
  45.000         307.000           -7.606e+00          -1.151e+01             350.716          -9.874e+00             190.701           1.524e+01     
  45.000         308.000           -7.500e+00          -1.157e+01             350.491          -9.659e+00             189.884           1.557e+01     
  45.000         309.000           -7.396e+00          -1.163e+01             350.300          -9.450e+00             189.129           1.589e+01     
  45.000         310.000           -7.294e+00          -1.171e+01             350.142          -9.246e+00             188.435           1.622e+01     
  45.000         311.000           -7.193e+00          -1.179e+01             350.017          -9.046e+00             187.799           1.656e+01     
  45.000         312.000           -7.095e+00          -1.187e+01             349.925          -8.852e+00             187.221           1.690e+01     
  45.000         313.000           -6.998e+00          -1.197e+01             349.866          -8.664e+00             186.700           1.724e+01     
  45.000         314.000           -6.904e+00          -1.207e+01             349.840          -8.480e+00             186.232           1.758e+01     
  45.000         315.000           -6.812e+00          -1.218e+01             349.847          -8.302e+00             185.819           1.793e+01     
  45.000         316.000           -6.722e+00          -1.230e+01             349.888          -8.129e+00             185.457           1.828e+01     
  45.000         317.000           -6.633e+00          -1.243e+01             349.962          -7.962e+00             185.147           1.864e+01     
  45.000         318.000           -6.547e+00          -1.256e+01             350.070          -7.799e+00             184.887           1.900e+01     
  45.000         319.000           -6.463e+00          -1.270e+01             350.211          -7.641e+00             184.676           1.937e+01     
  45.000         320.000           -6.381e+00          -1.286e+01             350.387          -7.489e+00             184.513           1.974e+01     
  45.000         321.000           -6.300e+00          -1.302e+01             350.597          -7.341e+00             184.398           2.012e+01     
  45.000         322.000           -6.222e+00          -1.319e+01             350.842          -7.197e+00             184.330           2.051e+01     
  45.000         323.000           -6.145e+00          -1.336e+01             351.122          -7.058e+00             184.307           2.090e+01     
  45.000         324.000           -6.070e+00          -1.355e+01             351.438          -6.924e+00             184.330           2.130e+01     
  45.000         325.000           -5.996e+00          -1.375e+01             351.790          -6.793e+00             184.398           2.171e+01     
  45.000         326.000           -5.924e+00          -1.396e+01             352.177          -6.667e+00             184.510           2.213e+01     
  45.000         327.000           -5.854e+00          -1.418e+01             352.602          -6.545e+00             184.666           2.256e+01     
  45.000         328.000           -5.784e+00          -1.441e+01             353.064          -6.426e+00             184.864           2.301e+01     
  45.000         329.000           -5.716e+00          -1.465e+01             353.563          -6.311e+00             185.105           2.346e+01     
  45.000         330.000           -5.649e+00          -1.490e+01             354.100          -6.198e+00             185.387           2.393e+01     
  45.000         331.000           -5.582e+00          -1.516e+01             354.675          -6.089e+00             185.711           2.441e+01     
  45.000         332.000           -5.516e+00          -1.543e+01             355.290          -5.983e+00             186.075           2.491e+01     
  45.000         333.000           -5.451e+00          -1.572e+01             355.943          -5.880e+00             186.479           2.543e+01     
  45.000         334.000           -5.386e+00          -1.603e+01             356.636          -5.778e+00             186.921           2.597e+01     
  45.000         335.000           -5.322e+00          -1.634e+01             357.369          -5.679e+00             187.402           2.654e+01     
  45.000         336.000           -5.257e+00          -1.668e+01             358.143          -5.582e+00             187.921           2.713e+01     
  45.000         337.000           -5.192e+00          -1.703e+01             358.958          -5.487e+00             188.475           2.775e+01     
  45.000         338.000           -5.127e+00          -1.739e+01             359.814          -5.393e+00             189.066           2.840e+01     
  45.000         339.000           -5.061e+00          -1.778e+01               0.713          -5.300e+00             189.690           2.908e+01     
  45.000         340.000           -4.995e+00          -1.819e+01               1.655          -5.208e+00             190.348           2.981e+01     
  45.000         341.000           -4.928e+00          -1.863e+01               2.641          -5.117e+00             191.038           3.059e+01     
  45.000         342.000           -4.860e+00          -1.909e+01               3.674          -5.027e+00             191.759           3.143e+01     
  45.000         343.000           -4.790e+00          -1.958e+01               4.754          -4.937e+00             192.509           3.233e+01     
  45.000         344.000           -4.719e+00          -2.010e+01               5.884          -4.847e+00             193.286           3.330e+01     
  45.000         345.000           -4.647e+00          -2.066e+01               7.069          -4.757e+00             194.091           3.438e+01     
  45.000         346.000           -4.573e+00          -2.127e+01               8.313          -4.667e+00             194.919           3.557e+01     
  45.000         347.000           -4.497e+00          -2.193e+01               9.623          -4.576e+00             195.771           3.691e+01     
  45.000         348.000           -4.419e+00          -2.265e+01              11.011          -4.485e+00             196.643           3.846e+01     
  45.000         349.000           -4.340e+00          -2.344e+01              12.491          -4.393e+00             197.535           4.000e+01     
  45.000         350.000           -4.258e+00          -2.433e+01              14.088          -4.301e+00             198.445           4.000e+01     
  45.000         351.000           -4.174e+00          -2.532e+01              15.837          -4.208e+00             199.369           4.000e+01     
  45.000         352.000           -4.089e+00          -2.647e+01              17.798          -4.114e+00             200.308           4.000e+01     
  45.000         353.000           -4.001e+00          -2.780e+01              20.073          -4.019e+00             201.257           4.000e+01     
  45.000         354.000           -3.910e+00          -2.939e+01              22.852          -3.923e+00             202.216           4.000e+01     
  45.000         355.000           -3.818e+00          -3.137e+01              26.529          -3.826e+00             203.183           4.000e+01     
  45.000         356.000           -3.724e+00          -3.395e+01              32.055          -3.728e+00             204.155           4.000e+01     
  45.000         357.000           -3.627e+00          -3.756e+01              42.355          -3.629e+00             205.131           4.000e+01     
  45.000         358.000           -3.529e+00          -4.271e+01              69.970          -3.530e+00             206.109           4.000e+01     
  45.000         359.000           -3.429e+00          -4.360e+01             137.126          -3.429e+00             207.087           4.000e+01     
