Theta [deg.]  Phi   [deg.]  Abs(Dir.)[dBi   ]   Abs(Theta)[dBi   ]  Phase(Theta)[deg.]  Abs(Phi  )[dBi   ]  Phase(Phi  )[deg.]  Ax.Ratio[dB    ]    
------------------------------------------------------------------------------------------------------------------------------------------------------
  45.000           0.000           -6.910e+00          -1.834e+01             119.377          -7.235e+00             161.569           1.493e+01     
  45.000           1.000           -6.966e+00          -1.800e+01             120.538          -7.322e+00             164.618           1.422e+01     
  45.000           2.000           -6.999e+00          -1.771e+01             121.802          -7.385e+00             167.740           1.359e+01     
  45.000           3.000           -7.008e+00          -1.744e+01             123.170          -7.420e+00             170.912           1.304e+01     
  45.000           4.000           -6.994e+00          -1.721e+01             124.647          -7.428e+00             174.111           1.256e+01     
  45.000           5.000           -6.955e+00          -1.699e+01             126.236          -7.408e+00             177.310           1.216e+01     
  45.000           6.000           -6.893e+00          -1.680e+01             127.941          -7.361e+00             180.484           1.183e+01     
  45.000           7.000           -6.809e+00          -1.662e+01             129.765          -7.288e+00             183.611           1.157e+01     
  45.000           8.000           -6.704e+00          -1.646e+01             131.710          -7.190e+00             186.668           1.137e+01     
  45.000           9.000           -6.581e+00          -1.631e+01             133.778          -7.070e+00             189.637           1.123e+01     
  45.000          10.000           -6.441e+00          -1.616e+01             135.968          -6.930e+00             192.503           1.114e+01     
  45.000          11.000           -6.286e+00          -1.602e+01             138.281          -6.774e+00             195.254           1.111e+01     
  45.000          12.000           -6.118e+00          -1.588e+01             140.711          -6.603e+00             197.883           1.111e+01     
  45.000          13.000           -5.940e+00          -1.574e+01             143.253          -6.421e+00             200.384           1.115e+01     
  45.000          14.000           -5.753e+00          -1.559e+01             145.901          -6.230e+00             202.755           1.122e+01     
  45.000          15.000           -5.560e+00          -1.543e+01             148.642          -6.033e+00             204.998           1.131e+01     
  45.000          16.000           -5.363e+00          -1.526e+01             151.463          -5.832e+00             207.115           1.143e+01     
  45.000          17.000           -5.162e+00          -1.508e+01             154.350          -5.629e+00             209.109           1.155e+01     
  45.000          18.000           -4.959e+00          -1.488e+01             157.284          -5.426e+00             210.985           1.169e+01     
  45.000          19.000           -4.756e+00          -1.466e+01             160.246          -5.224e+00             212.749           1.183e+01     
  45.000          20.000           -4.554e+00          -1.443e+01             163.216          -5.025e+00             214.408           1.198e+01     
  45.000          21.000           -4.353e+00          -1.418e+01             166.174          -4.830e+00             215.968           1.213e+01     
  45.000          22.000           -4.154e+00          -1.391e+01             169.100          -4.639e+00             217.435           1.228e+01     
  45.000          23.000           -3.958e+00          -1.363e+01             171.977          -4.454e+00             218.816           1.242e+01     
  45.000          24.000           -3.767e+00          -1.333e+01             174.787          -4.276e+00             220.117           1.256e+01     
  45.000          25.000           -3.579e+00          -1.301e+01             177.516          -4.104e+00             221.344           1.270e+01     
  45.000          26.000           -3.395e+00          -1.269e+01             180.154          -3.939e+00             222.503           1.282e+01     
  45.000          27.000           -3.216e+00          -1.235e+01             182.690          -3.782e+00             223.599           1.294e+01     
  45.000          28.000           -3.042e+00          -1.200e+01             185.119          -3.633e+00             224.638           1.306e+01     
  45.000          29.000           -2.874e+00          -1.165e+01             187.436          -3.491e+00             225.624           1.316e+01     
  45.000          30.000           -2.710e+00          -1.129e+01             189.640          -3.358e+00             226.562           1.325e+01     
  45.000          31.000           -2.552e+00          -1.093e+01             191.730          -3.233e+00             227.456           1.334e+01     
  45.000          32.000           -2.399e+00          -1.057e+01             193.709          -3.117e+00             228.309           1.342e+01     
  45.000          33.000           -2.251e+00          -1.021e+01             195.578          -3.009e+00             229.127           1.348e+01     
  45.000          34.000           -2.109e+00          -9.847e+00             197.342          -2.909e+00             229.912           1.354e+01     
  45.000          35.000           -1.972e+00          -9.490e+00             199.004          -2.818e+00             230.668           1.359e+01     
  45.000          36.000           -1.840e+00          -9.136e+00             200.570          -2.736e+00             231.397           1.363e+01     
  45.000          37.000           -1.714e+00          -8.786e+00             202.043          -2.662e+00             232.103           1.366e+01     
  45.000          38.000           -1.592e+00          -8.442e+00             203.430          -2.597e+00             232.788           1.368e+01     
  45.000          39.000           -1.476e+00          -8.103e+00             204.734          -2.540e+00             233.454           1.369e+01     
  45.000          40.000           -1.364e+00          -7.770e+00             205.962          -2.492e+00             234.106           1.370e+01     
  45.000          41.000           -1.257e+00          -7.444e+00             207.118          -2.453e+00             234.743           1.369e+01     
  45.000          42.000           -1.155e+00          -7.125e+00             208.207          -2.422e+00             235.370           1.368e+01     
  45.000          43.000           -1.058e+00          -6.812e+00             209.232          -2.399e+00             235.988           1.366e+01     
  45.000          44.000           -9.643e-01          -6.507e+00             210.199          -2.385e+00             236.599           1.364e+01     
  45.000          45.000           -8.754e-01          -6.209e+00             211.112          -2.380e+00             237.205           1.360e+01     
  45.000          46.000           -7.905e-01          -5.919e+00             211.973          -2.383e+00             237.809           1.356e+01     
  45.000          47.000           -7.097e-01          -5.635e+00             212.787          -2.395e+00             238.412           1.351e+01     
  45.000          48.000           -6.328e-01          -5.359e+00             213.557          -2.416e+00             239.016           1.346e+01     
  45.000          49.000           -5.595e-01          -5.091e+00             214.285          -2.446e+00             239.624           1.340e+01     
  45.000          50.000           -4.898e-01          -4.829e+00             214.976          -2.484e+00             240.237           1.334e+01     
  45.000          51.000           -4.234e-01          -4.575e+00             215.631          -2.531e+00             240.858           1.327e+01     
  45.000          52.000           -3.603e-01          -4.328e+00             216.253          -2.587e+00             241.488           1.319e+01     
  45.000          53.000           -3.003e-01          -4.088e+00             216.844          -2.652e+00             242.130           1.311e+01     
  45.000          54.000           -2.433e-01          -3.855e+00             217.406          -2.726e+00             242.785           1.303e+01     
  45.000          55.000           -1.890e-01          -3.628e+00             217.942          -2.809e+00             243.458           1.294e+01     
  45.000          56.000           -1.373e-01          -3.409e+00             218.452          -2.901e+00             244.149           1.285e+01     
  45.000          57.000           -8.809e-02          -3.196e+00             218.940          -3.003e+00             244.861           1.276e+01     
  45.000          58.000           -4.115e-02          -2.989e+00             219.406          -3.115e+00             245.598           1.267e+01     
  45.000          59.000            3.663e-03          -2.789e+00             219.852          -3.236e+00             246.363           1.257e+01     
  45.000          60.000            4.651e-02          -2.595e+00             220.280          -3.367e+00             247.158           1.247e+01     
  45.000          61.000            8.756e-02          -2.407e+00             220.690          -3.509e+00             247.987           1.237e+01     
  45.000          62.000            1.270e-01          -2.225e+00             221.084          -3.660e+00             248.855           1.227e+01     
  45.000          63.000            1.649e-01          -2.049e+00             221.463          -3.822e+00             249.765           1.217e+01     
  45.000          64.000            2.016e-01          -1.878e+00             221.828          -3.995e+00             250.722           1.207e+01     
  45.000          65.000            2.371e-01          -1.714e+00             222.180          -4.178e+00             251.731           1.197e+01     
  45.000          66.000            2.716e-01          -1.554e+00             222.520          -4.372e+00             252.798           1.187e+01     
  45.000          67.000            3.053e-01          -1.401e+00             222.849          -4.578e+00             253.930           1.177e+01     
  45.000          68.000            3.383e-01          -1.253e+00             223.167          -4.795e+00             255.133           1.168e+01     
  45.000          69.000            3.708e-01          -1.109e+00             223.475          -5.023e+00             256.416           1.158e+01     
  45.000          70.000            4.030e-01          -9.716e-01             223.775          -5.262e+00             257.786           1.149e+01     
  45.000          71.000            4.350e-01          -8.389e-01             224.066          -5.513e+00             259.255           1.140e+01     
  45.000          72.000            4.669e-01          -7.111e-01             224.349          -5.775e+00             260.832           1.132e+01     
  45.000          73.000            4.989e-01          -5.883e-01             224.625          -6.048e+00             262.530           1.124e+01     
  45.000          74.000            5.311e-01          -4.702e-01             224.895          -6.332e+00             264.363           1.116e+01     
  45.000          75.000            5.637e-01          -3.570e-01             225.158          -6.625e+00             266.346           1.109e+01     
  45.000          76.000            5.968e-01          -2.484e-01             225.415          -6.927e+00             268.494           1.102e+01     
  45.000          77.000            6.305e-01          -1.445e-01             225.668          -7.236e+00             270.826           1.096e+01     
  45.000          78.000            6.649e-01          -4.512e-02             225.915          -7.551e+00             273.361           1.090e+01     
  45.000          79.000            7.001e-01           4.976e-02             226.158          -7.868e+00             276.118           1.085e+01     
  45.000          80.000            7.362e-01           1.402e-01             226.397          -8.184e+00             279.117           1.081e+01     
  45.000          81.000            7.733e-01           2.263e-01             226.632          -8.495e+00             282.375           1.077e+01     
  45.000          82.000            8.115e-01           3.080e-01             226.864          -8.795e+00             285.909           1.074e+01     
  45.000          83.000            8.508e-01           3.854e-01             227.092          -9.079e+00             289.728           1.072e+01     
  45.000          84.000            8.914e-01           4.586e-01             227.318          -9.338e+00             293.836           1.070e+01     
  45.000          85.000            9.332e-01           5.276e-01             227.541          -9.565e+00             298.225           1.070e+01     
  45.000          86.000            9.763e-01           5.925e-01             227.762          -9.751e+00             302.873           1.070e+01     
  45.000          87.000            1.021e+00           6.532e-01             227.981          -9.887e+00             307.743           1.071e+01     
  45.000          88.000            1.066e+00           7.098e-01             228.197          -9.966e+00             312.784           1.072e+01     
  45.000          89.000            1.114e+00           7.624e-01             228.413          -9.984e+00             317.929           1.075e+01     
  45.000          90.000            1.162e+00           8.107e-01             228.626          -9.936e+00             323.103           1.078e+01     
  45.000          91.000            1.212e+00           8.552e-01             228.839          -9.825e+00             328.230           1.082e+01     
  45.000          92.000            1.263e+00           8.958e-01             229.050          -9.653e+00             333.236           1.087e+01     
  45.000          93.000            1.315e+00           9.323e-01             229.260          -9.425e+00             338.058           1.092e+01     
  45.000          94.000            1.368e+00           9.649e-01             229.469          -9.150e+00             342.649           1.099e+01     
  45.000          95.000            1.423e+00           9.935e-01             229.678          -8.837e+00             346.975           1.106e+01     
  45.000          96.000            1.479e+00           1.018e+00             229.886          -8.492e+00             351.019           1.114e+01     
  45.000          97.000            1.536e+00           1.039e+00             230.093          -8.125e+00             354.776           1.123e+01     
  45.000          98.000            1.594e+00           1.056e+00             230.301          -7.743e+00             358.252           1.132e+01     
  45.000          99.000            1.652e+00           1.069e+00             230.508          -7.352e+00               1.458           1.142e+01     
  45.000         100.000            1.712e+00           1.077e+00             230.714          -6.956e+00               4.410           1.153e+01     
  45.000         101.000            1.772e+00           1.082e+00             230.921          -6.561e+00               7.126           1.164e+01     
  45.000         102.000            1.833e+00           1.083e+00             231.128          -6.168e+00               9.628           1.176e+01     
  45.000         103.000            1.894e+00           1.081e+00             231.334          -5.781e+00              11.933           1.189e+01     
  45.000         104.000            1.956e+00           1.074e+00             231.541          -5.401e+00              14.059           1.202e+01     
  45.000         105.000            2.018e+00           1.063e+00             231.748          -5.029e+00              16.026           1.216e+01     
  45.000         106.000            2.080e+00           1.048e+00             231.955          -4.667e+00              17.847           1.231e+01     
  45.000         107.000            2.142e+00           1.029e+00             232.163          -4.315e+00              19.538           1.246e+01     
  45.000         108.000            2.204e+00           1.006e+00             232.371          -3.974e+00              21.111           1.261e+01     
  45.000         109.000            2.266e+00           9.785e-01             232.579          -3.643e+00              22.578           1.277e+01     
  45.000         110.000            2.327e+00           9.472e-01             232.788          -3.323e+00              23.950           1.293e+01     
  45.000         111.000            2.388e+00           9.118e-01             232.997          -3.014e+00              25.235           1.310e+01     
  45.000         112.000            2.449e+00           8.721e-01             233.206          -2.715e+00              26.443           1.327e+01     
  45.000         113.000            2.509e+00           8.282e-01             233.416          -2.427e+00              27.579           1.345e+01     
  45.000         114.000            2.568e+00           7.800e-01             233.627          -2.149e+00              28.652           1.363e+01     
  45.000         115.000            2.626e+00           7.275e-01             233.838          -1.882e+00              29.665           1.381e+01     
  45.000         116.000            2.683e+00           6.706e-01             234.050          -1.624e+00              30.626           1.399e+01     
  45.000         117.000            2.740e+00           6.093e-01             234.262          -1.376e+00              31.538           1.418e+01     
  45.000         118.000            2.794e+00           5.434e-01             234.475          -1.137e+00              32.406           1.437e+01     
  45.000         119.000            2.848e+00           4.730e-01             234.689          -9.072e-01              33.233           1.457e+01     
  45.000         120.000            2.900e+00           3.980e-01             234.903          -6.865e-01              34.022           1.476e+01     
  45.000         121.000            2.950e+00           3.183e-01             235.118          -4.745e-01              34.777           1.496e+01     
  45.000         122.000            2.999e+00           2.338e-01             235.333          -2.711e-01              35.500           1.516e+01     
  45.000         123.000            3.046e+00           1.445e-01             235.549          -7.599e-02              36.194           1.537e+01     
  45.000         124.000            3.091e+00           5.024e-02             235.766           1.110e-01              36.860           1.557e+01     
  45.000         125.000            3.134e+00          -4.900e-02             235.984           2.900e-01              37.501           1.578e+01     
  45.000         126.000            3.175e+00          -1.533e-01             236.203           4.613e-01              38.119           1.599e+01     
  45.000         127.000            3.214e+00          -2.629e-01             236.422           6.249e-01              38.714           1.620e+01     
  45.000         128.000            3.251e+00          -3.777e-01             236.642           7.811e-01              39.289           1.641e+01     
  45.000         129.000            3.285e+00          -4.979e-01             236.863           9.300e-01              39.845           1.662e+01     
  45.000         130.000            3.317e+00          -6.235e-01             237.085           1.072e+00              40.383           1.684e+01     
  45.000         131.000            3.346e+00          -7.548e-01             237.308           1.206e+00              40.904           1.705e+01     
  45.000         132.000            3.372e+00          -8.919e-01             237.532           1.334e+00              41.409           1.727e+01     
  45.000         133.000            3.396e+00          -1.035e+00             237.757           1.455e+00              41.898           1.749e+01     
  45.000         134.000            3.418e+00          -1.184e+00             237.983           1.569e+00              42.374           1.771e+01     
  45.000         135.000            3.436e+00          -1.339e+00             238.211           1.677e+00              42.836           1.793e+01     
  45.000         136.000            3.451e+00          -1.500e+00             238.440           1.778e+00              43.285           1.815e+01     
  45.000         137.000            3.464e+00          -1.668e+00             238.670           1.872e+00              43.722           1.837e+01     
  45.000         138.000            3.473e+00          -1.842e+00             238.902           1.960e+00              44.147           1.859e+01     
  45.000         139.000            3.479e+00          -2.023e+00             239.136           2.042e+00              44.561           1.881e+01     
  45.000         140.000            3.482e+00          -2.211e+00             239.372           2.118e+00              44.965           1.903e+01     
  45.000         141.000            3.481e+00          -2.407e+00             239.610           2.187e+00              45.358           1.925e+01     
  45.000         142.000            3.477e+00          -2.609e+00             239.851           2.250e+00              45.741           1.948e+01     
  45.000         143.000            3.470e+00          -2.820e+00             240.095           2.307e+00              46.115           1.970e+01     
  45.000         144.000            3.459e+00          -3.038e+00             240.341           2.358e+00              46.479           1.992e+01     
  45.000         145.000            3.445e+00          -3.264e+00             240.591           2.403e+00              46.834           2.014e+01     
  45.000         146.000            3.427e+00          -3.498e+00             240.845           2.442e+00              47.181           2.036e+01     
  45.000         147.000            3.405e+00          -3.742e+00             241.103           2.474e+00              47.519           2.059e+01     
  45.000         148.000            3.379e+00          -3.994e+00             241.366           2.501e+00              47.849           2.081e+01     
  45.000         149.000            3.350e+00          -4.255e+00             241.634           2.522e+00              48.170           2.102e+01     
  45.000         150.000            3.316e+00          -4.526e+00             241.909           2.537e+00              48.484           2.124e+01     
  45.000         151.000            3.279e+00          -4.807e+00             242.191           2.546e+00              48.790           2.146e+01     
  45.000         152.000            3.237e+00          -5.099e+00             242.480           2.549e+00              49.088           2.167e+01     
  45.000         153.000            3.192e+00          -5.401e+00             242.778           2.545e+00              49.378           2.188e+01     
  45.000         154.000            3.142e+00          -5.715e+00             243.087           2.536e+00              49.661           2.209e+01     
  45.000         155.000            3.088e+00          -6.040e+00             243.407           2.521e+00              49.936           2.230e+01     
  45.000         156.000            3.029e+00          -6.378e+00             243.740           2.500e+00              50.204           2.250e+01     
  45.000         157.000            2.966e+00          -6.729e+00             244.089           2.473e+00              50.464           2.270e+01     
  45.000         158.000            2.898e+00          -7.093e+00             244.454           2.440e+00              50.717           2.289e+01     
  45.000         159.000            2.826e+00          -7.472e+00             244.839           2.400e+00              50.963           2.308e+01     
  45.000         160.000            2.749e+00          -7.866e+00             245.247           2.355e+00              51.201           2.327e+01     
  45.000         161.000            2.667e+00          -8.277e+00             245.682           2.303e+00              51.432           2.344e+01     
  45.000         162.000            2.581e+00          -8.704e+00             246.146           2.245e+00              51.655           2.362e+01     
  45.000         163.000            2.489e+00          -9.149e+00             246.646           2.181e+00              51.870           2.378e+01     
  45.000         164.000            2.393e+00          -9.613e+00             247.186           2.110e+00              52.078           2.393e+01     
  45.000         165.000            2.291e+00          -1.010e+01             247.774           2.033e+00              52.278           2.408e+01     
  45.000         166.000            2.184e+00          -1.061e+01             248.418           1.950e+00              52.470           2.421e+01     
  45.000         167.000            2.072e+00          -1.114e+01             249.128           1.860e+00              52.654           2.434e+01     
  45.000         168.000            1.955e+00          -1.169e+01             249.917           1.763e+00              52.830           2.445e+01     
  45.000         169.000            1.832e+00          -1.227e+01             250.799           1.660e+00              52.997           2.454e+01     
  45.000         170.000            1.703e+00          -1.289e+01             251.792           1.549e+00              53.156           2.462e+01     
  45.000         171.000            1.569e+00          -1.353e+01             252.920           1.432e+00              53.307           2.469e+01     
  45.000         172.000            1.428e+00          -1.421e+01             254.212           1.308e+00              53.448           2.474e+01     
  45.000         173.000            1.282e+00          -1.493e+01             255.703           1.177e+00              53.580           2.477e+01     
  45.000         174.000            1.130e+00          -1.568e+01             257.442           1.038e+00              53.703           2.478e+01     
  45.000         175.000            9.712e-01          -1.648e+01             259.486           8.923e-01              53.817           2.477e+01     
  45.000         176.000            8.062e-01          -1.732e+01             261.914           7.388e-01              53.920           2.473e+01     
  45.000         177.000            6.347e-01          -1.820e+01             264.826           5.776e-01              54.013           2.468e+01     
  45.000         178.000            4.565e-01          -1.913e+01             268.346           4.085e-01              54.095           2.460e+01     
  45.000         179.000            2.716e-01          -2.009e+01             272.635           2.314e-01              54.166           2.449e+01     
  45.000         180.000            7.957e-02          -2.106e+01             277.881           4.601e-02              54.226           2.436e+01     
  45.000         181.000           -1.196e-01          -2.201e+01             284.280          -1.478e-01              54.274           2.420e+01     
  45.000         182.000           -3.262e-01          -2.289e+01             291.987          -3.503e-01              54.309           2.401e+01     
  45.000         183.000           -5.403e-01          -2.361e+01             301.008          -5.617e-01              54.331           2.380e+01     
  45.000         184.000           -7.621e-01          -2.410e+01             311.070          -7.823e-01              54.340           2.356e+01     
  45.000         185.000           -9.920e-01          -2.429e+01             321.571          -1.012e+00              54.334           2.329e+01     
  45.000         186.000           -1.230e+00          -2.417e+01             331.734          -1.252e+00              54.313           2.299e+01     
  45.000         187.000           -1.477e+00          -2.380e+01             340.897          -1.502e+00              54.276           2.267e+01     
  45.000         188.000           -1.732e+00          -2.325e+01             348.715          -1.762e+00              54.222           2.232e+01     
  45.000         189.000           -1.996e+00          -2.261e+01             355.144          -2.034e+00              54.151           2.194e+01     
  45.000         190.000           -2.269e+00          -2.195e+01               0.316          -2.316e+00              54.060           2.154e+01     
  45.000         191.000           -2.552e+00          -2.129e+01               4.424          -2.610e+00              53.950           2.111e+01     
  45.000         192.000           -2.845e+00          -2.066e+01               7.661          -2.917e+00              53.818           2.065e+01     
  45.000         193.000           -3.147e+00          -2.007e+01              10.192          -3.236e+00              53.662           2.018e+01     
  45.000         194.000           -3.460e+00          -1.952e+01              12.149          -3.569e+00              53.482           1.968e+01     
  45.000         195.000           -3.784e+00          -1.902e+01              13.637          -3.916e+00              53.275           1.916e+01     
  45.000         196.000           -4.118e+00          -1.855e+01              14.735          -4.278e+00              53.039           1.863e+01     
  45.000         197.000           -4.464e+00          -1.812e+01              15.506          -4.655e+00              52.772           1.807e+01     
  45.000         198.000           -4.821e+00          -1.773e+01              15.999          -5.050e+00              52.469           1.750e+01     
  45.000         199.000           -5.190e+00          -1.736e+01              16.250          -5.461e+00              52.129           1.691e+01     
  45.000         200.000           -5.570e+00          -1.703e+01              16.290          -5.892e+00              51.746           1.631e+01     
  45.000         201.000           -5.962e+00          -1.672e+01              16.142          -6.343e+00              51.317           1.570e+01     
  45.000         202.000           -6.366e+00          -1.644e+01              15.824          -6.816e+00              50.835           1.508e+01     
  45.000         203.000           -6.781e+00          -1.618e+01              15.352          -7.311e+00              50.294           1.446e+01     
  45.000         204.000           -7.207e+00          -1.593e+01              14.738          -7.833e+00              49.687           1.384e+01     
  45.000         205.000           -7.643e+00          -1.570e+01              13.993          -8.381e+00              49.002           1.322e+01     
  45.000         206.000           -8.088e+00          -1.549e+01              13.126          -8.960e+00              48.229           1.262e+01     
  45.000         207.000           -8.540e+00          -1.529e+01              12.145          -9.571e+00              47.353           1.204e+01     
  45.000         208.000           -8.996e+00          -1.510e+01              11.056          -1.022e+01              46.355           1.149e+01     
  45.000         209.000           -9.453e+00          -1.491e+01               9.867          -1.091e+01              45.211           1.100e+01     
  45.000         210.000           -9.908e+00          -1.474e+01               8.584          -1.164e+01              43.893           1.060e+01     
  45.000         211.000           -1.035e+01          -1.457e+01               7.213          -1.242e+01              42.359           1.030e+01     
  45.000         212.000           -1.078e+01          -1.440e+01               5.761          -1.326e+01              40.558           1.017e+01     
  45.000         213.000           -1.119e+01          -1.423e+01               4.235          -1.416e+01              38.418           1.024e+01     
  45.000         214.000           -1.156e+01          -1.407e+01               2.640          -1.514e+01              35.839           1.059e+01     
  45.000         215.000           -1.189e+01          -1.390e+01               0.985          -1.619e+01              32.683           1.129e+01     
  45.000         216.000           -1.216e+01          -1.373e+01             359.276          -1.733e+01              28.752           1.242e+01     
  45.000         217.000           -1.237e+01          -1.356e+01             357.522          -1.856e+01              23.758           1.414e+01     
  45.000         218.000           -1.251e+01          -1.339e+01             355.729          -1.986e+01              17.296           1.674e+01     
  45.000         219.000           -1.257e+01          -1.321e+01             353.906          -2.119e+01               8.825           2.098e+01     
  45.000         220.000           -1.256e+01          -1.303e+01             352.062          -2.245e+01             357.758           3.042e+01     
  45.000         221.000           -1.248e+01          -1.285e+01             350.203          -2.344e+01             343.842           3.042e+01     
  45.000         222.000           -1.234e+01          -1.266e+01             348.337          -2.390e+01             327.873           2.093e+01     
  45.000         223.000           -1.214e+01          -1.246e+01             346.473          -2.370e+01             311.893           1.661e+01     
  45.000         224.000           -1.191e+01          -1.226e+01             344.618          -2.298e+01             297.938           1.384e+01     
  45.000         225.000           -1.163e+01          -1.205e+01             342.777          -2.199e+01             286.790           1.186e+01     
  45.000         226.000           -1.133e+01          -1.184e+01             340.957          -2.093e+01             278.190           1.035e+01     
  45.000         227.000           -1.102e+01          -1.162e+01             339.164          -1.990e+01             271.551           9.164e+00     
  45.000         228.000           -1.070e+01          -1.141e+01             337.402          -1.894e+01             266.331           8.207e+00     
  45.000         229.000           -1.037e+01          -1.118e+01             335.676          -1.807e+01             262.126           7.426e+00     
  45.000         230.000           -1.005e+01          -1.096e+01             333.989          -1.729e+01             258.649           6.784e+00     
  45.000         231.000           -9.727e+00          -1.073e+01             332.344          -1.659e+01             255.703           6.253e+00     
  45.000         232.000           -9.412e+00          -1.050e+01             330.744          -1.595e+01             253.147           5.814e+00     
  45.000         233.000           -9.104e+00          -1.027e+01             329.189          -1.539e+01             250.883           5.451e+00     
  45.000         234.000           -8.805e+00          -1.004e+01             327.682          -1.487e+01             248.838           5.153e+00     
  45.000         235.000           -8.515e+00          -9.808e+00             326.223          -1.441e+01             246.959           4.908e+00     
  45.000         236.000           -8.236e+00          -9.578e+00             324.812          -1.399e+01             245.205           4.709e+00     
  45.000         237.000           -7.966e+00          -9.350e+00             323.449          -1.361e+01             243.545           4.549e+00     
  45.000         238.000           -7.707e+00          -9.122e+00             322.133          -1.326e+01             241.954           4.423e+00     
  45.000         239.000           -7.458e+00          -8.898e+00             320.864          -1.295e+01             240.412           4.325e+00     
  45.000         240.000           -7.218e+00          -8.675e+00             319.640          -1.267e+01             238.904           4.252e+00     
  45.000         241.000           -6.988e+00          -8.456e+00             318.461          -1.241e+01             237.416           4.199e+00     
  45.000         242.000           -6.767e+00          -8.239e+00             317.326          -1.218e+01             235.937           4.165e+00     
  45.000         243.000           -6.554e+00          -8.027e+00             316.232          -1.197e+01             234.457           4.147e+00     
  45.000         244.000           -6.350e+00          -7.818e+00             315.179          -1.177e+01             232.969           4.142e+00     
  45.000         245.000           -6.154e+00          -7.613e+00             314.165          -1.160e+01             231.465           4.150e+00     
  45.000         246.000           -5.966e+00          -7.413e+00             313.187          -1.144e+01             229.939           4.168e+00     
  45.000         247.000           -5.785e+00          -7.217e+00             312.246          -1.130e+01             228.385           4.196e+00     
  45.000         248.000           -5.611e+00          -7.026e+00             311.339          -1.117e+01             226.799           4.234e+00     
  45.000         249.000           -5.444e+00          -6.840e+00             310.465          -1.105e+01             225.175           4.279e+00     
  45.000         250.000           -5.283e+00          -6.658e+00             309.621          -1.095e+01             223.511           4.332e+00     
  45.000         251.000           -5.128e+00          -6.482e+00             308.808          -1.085e+01             221.803           4.393e+00     
  45.000         252.000           -4.978e+00          -6.311e+00             308.022          -1.076e+01             220.048           4.460e+00     
  45.000         253.000           -4.834e+00          -6.145e+00             307.264          -1.068e+01             218.243           4.534e+00     
  45.000         254.000           -4.695e+00          -5.984e+00             306.531          -1.060e+01             216.388           4.615e+00     
  45.000         255.000           -4.561e+00          -5.829e+00             305.822          -1.053e+01             214.480           4.701e+00     
  45.000         256.000           -4.431e+00          -5.679e+00             305.137          -1.045e+01             212.520           4.794e+00     
  45.000         257.000           -4.305e+00          -5.534e+00             304.473          -1.039e+01             210.507           4.892e+00     
  45.000         258.000           -4.183e+00          -5.395e+00             303.830          -1.032e+01             208.442           4.996e+00     
  45.000         259.000           -4.065e+00          -5.262e+00             303.207          -1.025e+01             206.327           5.106e+00     
  45.000         260.000           -3.951e+00          -5.134e+00             302.602          -1.018e+01             204.164           5.221e+00     
  45.000         261.000           -3.840e+00          -5.012e+00             302.015          -1.010e+01             201.956           5.342e+00     
  45.000         262.000           -3.732e+00          -4.895e+00             301.445          -1.002e+01             199.707           5.467e+00     
  45.000         263.000           -3.627e+00          -4.783e+00             300.892          -9.941e+00             197.422           5.598e+00     
  45.000         264.000           -3.526e+00          -4.678e+00             300.353          -9.852e+00             195.105           5.734e+00     
  45.000         265.000           -3.426e+00          -4.577e+00             299.829          -9.756e+00             192.763           5.874e+00     
  45.000         266.000           -3.330e+00          -4.483e+00             299.318          -9.653e+00             190.403           6.020e+00     
  45.000         267.000           -3.236e+00          -4.394e+00             298.821          -9.542e+00             188.031           6.170e+00     
  45.000         268.000           -3.144e+00          -4.311e+00             298.336          -9.422e+00             185.655           6.324e+00     
  45.000         269.000           -3.054e+00          -4.233e+00             297.863          -9.295e+00             183.282           6.483e+00     
  45.000         270.000           -2.967e+00          -4.161e+00             297.402          -9.158e+00             180.919           6.646e+00     
  45.000         271.000           -2.882e+00          -4.095e+00             296.951          -9.014e+00             178.576           6.813e+00     
  45.000         272.000           -2.798e+00          -4.034e+00             296.511          -8.861e+00             176.255           6.985e+00     
  45.000         273.000           -2.717e+00          -3.979e+00             296.080          -8.701e+00             173.967           7.160e+00     
  45.000         274.000           -2.637e+00          -3.929e+00             295.659          -8.533e+00             171.715           7.339e+00     
  45.000         275.000           -2.559e+00          -3.885e+00             295.247          -8.358e+00             169.507           7.522e+00     
  45.000         276.000           -2.484e+00          -3.847e+00             294.843          -8.178e+00             167.346           7.708e+00     
  45.000         277.000           -2.409e+00          -3.815e+00             294.448          -7.991e+00             165.238           7.898e+00     
  45.000         278.000           -2.337e+00          -3.789e+00             294.061          -7.801e+00             163.184           8.091e+00     
  45.000         279.000           -2.266e+00          -3.768e+00             293.682          -7.606e+00             161.188           8.287e+00     
  45.000         280.000           -2.197e+00          -3.754e+00             293.310          -7.408e+00             159.253           8.486e+00     
  45.000         281.000           -2.130e+00          -3.745e+00             292.945          -7.208e+00             157.379           8.689e+00     
  45.000         282.000           -2.064e+00          -3.742e+00             292.588          -7.007e+00             155.567           8.894e+00     
  45.000         283.000           -2.001e+00          -3.745e+00             292.237          -6.804e+00             153.818           9.102e+00     
  45.000         284.000           -1.939e+00          -3.755e+00             291.892          -6.601e+00             152.132           9.312e+00     
  45.000         285.000           -1.879e+00          -3.770e+00             291.554          -6.399e+00             150.508           9.525e+00     
  45.000         286.000           -1.820e+00          -3.792e+00             291.223          -6.198e+00             148.945           9.741e+00     
  45.000         287.000           -1.764e+00          -3.820e+00             290.897          -5.999e+00             147.443           9.958e+00     
  45.000         288.000           -1.710e+00          -3.854e+00             290.578          -5.802e+00             146.000           1.018e+01     
  45.000         289.000           -1.657e+00          -3.895e+00             290.264          -5.607e+00             144.615           1.040e+01     
  45.000         290.000           -1.607e+00          -3.943e+00             289.956          -5.416e+00             143.286           1.062e+01     
  45.000         291.000           -1.559e+00          -3.997e+00             289.654          -5.228e+00             142.012           1.085e+01     
  45.000         292.000           -1.513e+00          -4.057e+00             289.358          -5.045e+00             140.790           1.108e+01     
  45.000         293.000           -1.469e+00          -4.125e+00             289.067          -4.865e+00             139.620           1.131e+01     
  45.000         294.000           -1.428e+00          -4.200e+00             288.781          -4.690e+00             138.499           1.154e+01     
  45.000         295.000           -1.389e+00          -4.282e+00             288.501          -4.520e+00             137.427           1.177e+01     
  45.000         296.000           -1.352e+00          -4.371e+00             288.227          -4.354e+00             136.400           1.201e+01     
  45.000         297.000           -1.318e+00          -4.467e+00             287.958          -4.194e+00             135.419           1.225e+01     
  45.000         298.000           -1.287e+00          -4.571e+00             287.695          -4.040e+00             134.480           1.248e+01     
  45.000         299.000           -1.258e+00          -4.683e+00             287.437          -3.891e+00             133.583           1.272e+01     
  45.000         300.000           -1.233e+00          -4.803e+00             287.184          -3.747e+00             132.727           1.296e+01     
  45.000         301.000           -1.210e+00          -4.931e+00             286.937          -3.610e+00             131.909           1.321e+01     
  45.000         302.000           -1.190e+00          -5.067e+00             286.696          -3.479e+00             131.129           1.345e+01     
  45.000         303.000           -1.174e+00          -5.212e+00             286.460          -3.354e+00             130.386           1.369e+01     
  45.000         304.000           -1.160e+00          -5.365e+00             286.230          -3.235e+00             129.679           1.394e+01     
  45.000         305.000           -1.150e+00          -5.528e+00             286.006          -3.122e+00             129.006           1.419e+01     
  45.000         306.000           -1.143e+00          -5.700e+00             285.787          -3.016e+00             128.367           1.444e+01     
  45.000         307.000           -1.140e+00          -5.882e+00             285.575          -2.916e+00             127.761           1.469e+01     
  45.000         308.000           -1.141e+00          -6.074e+00             285.368          -2.823e+00             127.187           1.494e+01     
  45.000         309.000           -1.145e+00          -6.276e+00             285.167          -2.736e+00             126.645           1.519e+01     
  45.000         310.000           -1.153e+00          -6.489e+00             284.973          -2.656e+00             126.134           1.545e+01     
  45.000         311.000           -1.164e+00          -6.713e+00             284.785          -2.583e+00             125.654           1.570e+01     
  45.000         312.000           -1.180e+00          -6.949e+00             284.603          -2.517e+00             125.204           1.596e+01     
  45.000         313.000           -1.200e+00          -7.197e+00             284.427          -2.457e+00             124.783           1.622e+01     
  45.000         314.000           -1.224e+00          -7.458e+00             284.258          -2.405e+00             124.393           1.648e+01     
  45.000         315.000           -1.252e+00          -7.732e+00             284.096          -2.359e+00             124.032           1.675e+01     
  45.000         316.000           -1.285e+00          -8.020e+00             283.940          -2.321e+00             123.701           1.702e+01     
  45.000         317.000           -1.323e+00          -8.322e+00             283.792          -2.289e+00             123.399           1.729e+01     
  45.000         318.000           -1.365e+00          -8.640e+00             283.650          -2.265e+00             123.127           1.757e+01     
  45.000         319.000           -1.411e+00          -8.975e+00             283.515          -2.248e+00             122.885           1.784e+01     
  45.000         320.000           -1.463e+00          -9.327e+00             283.387          -2.238e+00             122.674           1.813e+01     
  45.000         321.000           -1.519e+00          -9.697e+00             283.267          -2.236e+00             122.493           1.842e+01     
  45.000         322.000           -1.581e+00          -1.009e+01             283.153          -2.241e+00             122.344           1.871e+01     
  45.000         323.000           -1.647e+00          -1.050e+01             283.047          -2.254e+00             122.226           1.902e+01     
  45.000         324.000           -1.719e+00          -1.093e+01             282.947          -2.274e+00             122.142           1.933e+01     
  45.000         325.000           -1.797e+00          -1.139e+01             282.854          -2.302e+00             122.090           1.965e+01     
  45.000         326.000           -1.879e+00          -1.187e+01             282.768          -2.337e+00             122.074           1.998e+01     
  45.000         327.000           -1.967e+00          -1.239e+01             282.687          -2.381e+00             122.093           2.032e+01     
  45.000         328.000           -2.061e+00          -1.293e+01             282.611          -2.432e+00             122.149           2.068e+01     
  45.000         329.000           -2.160e+00          -1.351e+01             282.540          -2.491e+00             122.243           2.106e+01     
  45.000         330.000           -2.266e+00          -1.413e+01             282.472          -2.558e+00             122.377           2.146e+01     
  45.000         331.000           -2.376e+00          -1.480e+01             282.405          -2.633e+00             122.553           2.188e+01     
  45.000         332.000           -2.493e+00          -1.551e+01             282.337          -2.716e+00             122.772           2.233e+01     
  45.000         333.000           -2.616e+00          -1.628e+01             282.264          -2.807e+00             123.038           2.281e+01     
  45.000         334.000           -2.744e+00          -1.712e+01             282.181          -2.906e+00             123.351           2.334e+01     
  45.000         335.000           -2.879e+00          -1.803e+01             282.081          -3.013e+00             123.715           2.392e+01     
  45.000         336.000           -3.019e+00          -1.904e+01             281.952          -3.129e+00             124.132           2.456e+01     
  45.000         337.000           -3.165e+00          -2.016e+01             281.777          -3.252e+00             124.606           2.528e+01     
  45.000         338.000           -3.316e+00          -2.143e+01             281.530          -3.384e+00             125.140           2.610e+01     
  45.000         339.000           -3.474e+00          -2.288e+01             281.164          -3.524e+00             125.737           2.706e+01     
  45.000         340.000           -3.636e+00          -2.458e+01             280.594          -3.671e+00             126.402           2.819e+01     
  45.000         341.000           -3.804e+00          -2.664e+01             279.651          -3.826e+00             127.138           2.957e+01     
  45.000         342.000           -3.976e+00          -2.927e+01             277.935          -3.989e+00             127.951           3.132e+01     
  45.000         343.000           -4.153e+00          -3.291e+01             274.258          -4.159e+00             128.845           3.368e+01     
  45.000         344.000           -4.334e+00          -3.879e+01             262.975          -4.336e+00             129.826           3.719e+01     
  45.000         345.000           -4.519e+00          -4.681e+01             188.140          -4.519e+00             130.899           4.000e+01     
  45.000         346.000           -4.706e+00          -3.814e+01             128.222          -4.708e+00             132.070           4.000e+01     
  45.000         347.000           -4.896e+00          -3.296e+01             118.844          -4.902e+00             133.345           4.000e+01     
  45.000         348.000           -5.086e+00          -2.977e+01             115.717          -5.101e+00             134.730           3.444e+01     
  45.000         349.000           -5.277e+00          -2.751e+01             114.377          -5.303e+00             136.232           3.084e+01     
  45.000         350.000           -5.466e+00          -2.579e+01             113.806          -5.506e+00             137.857           2.814e+01     
  45.000         351.000           -5.653e+00          -2.440e+01             113.649          -5.711e+00             139.610           2.596e+01     
  45.000         352.000           -5.835e+00          -2.326e+01             113.755          -5.914e+00             141.498           2.412e+01     
  45.000         353.000           -6.011e+00          -2.230e+01             114.047          -6.115e+00             143.523           2.251e+01     
  45.000         354.000           -6.180e+00          -2.148e+01             114.484          -6.310e+00             145.690           2.108e+01     
  45.000         355.000           -6.339e+00          -2.077e+01             115.043          -6.498e+00             148.000           1.979e+01     
  45.000         356.000           -6.486e+00          -2.015e+01             115.712          -6.676e+00             150.452           1.863e+01     
  45.000         357.000           -6.618e+00          -1.961e+01             116.482          -6.842e+00             153.043           1.757e+01     
  45.000         358.000           -6.735e+00          -1.913e+01             117.350          -6.992e+00             155.766           1.660e+01     
  45.000         359.000           -6.832e+00          -1.871e+01             118.315          -7.124e+00             158.613           1.573e+01     
