Theta [deg.]  Phi   [deg.]  Abs(Dir.)[dBi   ]   Abs(Theta)[dBi   ]  Phase(Theta)[deg.]  Abs(Phi  )[dBi   ]  Phase(Phi  )[deg.]  Ax.Ratio[dB    ]    
------------------------------------------------------------------------------------------------------------------------------------------------------
 135.000           0.000           -2.891e+00          -9.835e+00             198.081          -3.872e+00             241.332           1.046e+01     
 135.000           1.000           -2.883e+00          -9.970e+00             197.131          -3.828e+00             241.191           1.043e+01     
 135.000           2.000           -2.875e+00          -1.011e+01             196.147          -3.786e+00             241.064           1.041e+01     
 135.000           3.000           -2.867e+00          -1.025e+01             195.124          -3.744e+00             240.950           1.038e+01     
 135.000           4.000           -2.859e+00          -1.039e+01             194.058          -3.703e+00             240.849           1.036e+01     
 135.000           5.000           -2.852e+00          -1.054e+01             192.946          -3.662e+00             240.760           1.034e+01     
 135.000           6.000           -2.844e+00          -1.069e+01             191.783          -3.623e+00             240.685           1.031e+01     
 135.000           7.000           -2.837e+00          -1.085e+01             190.565          -3.584e+00             240.622           1.029e+01     
 135.000           8.000           -2.830e+00          -1.100e+01             189.287          -3.547e+00             240.571           1.027e+01     
 135.000           9.000           -2.823e+00          -1.116e+01             187.943          -3.511e+00             240.533           1.024e+01     
 135.000          10.000           -2.816e+00          -1.132e+01             186.530          -3.476e+00             240.506           1.022e+01     
 135.000          11.000           -2.809e+00          -1.148e+01             185.042          -3.443e+00             240.491           1.020e+01     
 135.000          12.000           -2.803e+00          -1.164e+01             183.474          -3.411e+00             240.488           1.018e+01     
 135.000          13.000           -2.797e+00          -1.181e+01             181.821          -3.380e+00             240.495           1.016e+01     
 135.000          14.000           -2.791e+00          -1.196e+01             180.078          -3.351e+00             240.514           1.014e+01     
 135.000          15.000           -2.785e+00          -1.212e+01             178.243          -3.323e+00             240.543           1.012e+01     
 135.000          16.000           -2.780e+00          -1.227e+01             176.310          -3.298e+00             240.583           1.011e+01     
 135.000          17.000           -2.775e+00          -1.242e+01             174.277          -3.274e+00             240.633           1.009e+01     
 135.000          18.000           -2.770e+00          -1.255e+01             172.142          -3.252e+00             240.692           1.008e+01     
 135.000          19.000           -2.766e+00          -1.268e+01             169.906          -3.232e+00             240.761           1.006e+01     
 135.000          20.000           -2.761e+00          -1.280e+01             167.569          -3.215e+00             240.839           1.005e+01     
 135.000          21.000           -2.758e+00          -1.290e+01             165.136          -3.199e+00             240.926           1.004e+01     
 135.000          22.000           -2.754e+00          -1.299e+01             162.611          -3.186e+00             241.022           1.002e+01     
 135.000          23.000           -2.751e+00          -1.306e+01             160.002          -3.175e+00             241.125           1.001e+01     
 135.000          24.000           -2.748e+00          -1.311e+01             157.320          -3.167e+00             241.236           1.001e+01     
 135.000          25.000           -2.746e+00          -1.314e+01             154.578          -3.161e+00             241.355           9.998e+00     
 135.000          26.000           -2.744e+00          -1.315e+01             151.789          -3.158e+00             241.481           9.991e+00     
 135.000          27.000           -2.742e+00          -1.313e+01             148.972          -3.158e+00             241.613           9.986e+00     
 135.000          28.000           -2.741e+00          -1.309e+01             146.143          -3.161e+00             241.752           9.982e+00     
 135.000          29.000           -2.740e+00          -1.303e+01             143.322          -3.167e+00             241.897           9.980e+00     
 135.000          30.000           -2.739e+00          -1.294e+01             140.527          -3.176e+00             242.047           9.979e+00     
 135.000          31.000           -2.739e+00          -1.282e+01             137.775          -3.188e+00             242.203           9.980e+00     
 135.000          32.000           -2.739e+00          -1.269e+01             135.084          -3.203e+00             242.363           9.982e+00     
 135.000          33.000           -2.740e+00          -1.253e+01             132.469          -3.222e+00             242.527           9.985e+00     
 135.000          34.000           -2.741e+00          -1.235e+01             129.942          -3.244e+00             242.696           9.990e+00     
 135.000          35.000           -2.742e+00          -1.216e+01             127.514          -3.270e+00             242.867           9.996e+00     
 135.000          36.000           -2.744e+00          -1.195e+01             125.193          -3.299e+00             243.042           1.000e+01     
 135.000          37.000           -2.746e+00          -1.173e+01             122.985          -3.333e+00             243.219           1.001e+01     
 135.000          38.000           -2.748e+00          -1.149e+01             120.893          -3.370e+00             243.399           1.002e+01     
 135.000          39.000           -2.751e+00          -1.125e+01             118.919          -3.412e+00             243.579           1.004e+01     
 135.000          40.000           -2.754e+00          -1.100e+01             117.063          -3.458e+00             243.761           1.005e+01     
 135.000          41.000           -2.757e+00          -1.074e+01             115.323          -3.508e+00             243.943           1.007e+01     
 135.000          42.000           -2.760e+00          -1.048e+01             113.697          -3.563e+00             244.125           1.009e+01     
 135.000          43.000           -2.763e+00          -1.022e+01             112.181          -3.623e+00             244.306           1.010e+01     
 135.000          44.000           -2.767e+00          -9.957e+00             110.772          -3.687e+00             244.486           1.013e+01     
 135.000          45.000           -2.770e+00          -9.693e+00             109.465          -3.756e+00             244.663           1.015e+01     
 135.000          46.000           -2.774e+00          -9.429e+00             108.254          -3.831e+00             244.838           1.017e+01     
 135.000          47.000           -2.777e+00          -9.167e+00             107.137          -3.911e+00             245.008           1.020e+01     
 135.000          48.000           -2.781e+00          -8.906e+00             106.106          -3.996e+00             245.175           1.023e+01     
 135.000          49.000           -2.784e+00          -8.649e+00             105.158          -4.087e+00             245.336           1.026e+01     
 135.000          50.000           -2.788e+00          -8.394e+00             104.288          -4.184e+00             245.490           1.029e+01     
 135.000          51.000           -2.791e+00          -8.144e+00             103.492          -4.287e+00             245.638           1.032e+01     
 135.000          52.000           -2.793e+00          -7.897e+00             102.765          -4.397e+00             245.776           1.035e+01     
 135.000          53.000           -2.795e+00          -7.654e+00             102.102          -4.513e+00             245.905           1.039e+01     
 135.000          54.000           -2.797e+00          -7.416e+00             101.500          -4.636e+00             246.023           1.043e+01     
 135.000          55.000           -2.798e+00          -7.182e+00             100.956          -4.767e+00             246.129           1.047e+01     
 135.000          56.000           -2.799e+00          -6.954e+00             100.465          -4.904e+00             246.220           1.051e+01     
 135.000          57.000           -2.799e+00          -6.729e+00             100.025          -5.050e+00             246.296           1.056e+01     
 135.000          58.000           -2.798e+00          -6.510e+00              99.633          -5.204e+00             246.354           1.061e+01     
 135.000          59.000           -2.796e+00          -6.295e+00              99.284          -5.366e+00             246.391           1.066e+01     
 135.000          60.000           -2.793e+00          -6.086e+00              98.978          -5.537e+00             246.407           1.071e+01     
 135.000          61.000           -2.788e+00          -5.881e+00              98.711          -5.718e+00             246.398           1.076e+01     
 135.000          62.000           -2.783e+00          -5.681e+00              98.480          -5.908e+00             246.361           1.082e+01     
 135.000          63.000           -2.776e+00          -5.486e+00              98.285          -6.109e+00             246.293           1.088e+01     
 135.000          64.000           -2.768e+00          -5.295e+00              98.122          -6.321e+00             246.189           1.094e+01     
 135.000          65.000           -2.758e+00          -5.110e+00              97.990          -6.544e+00             246.046           1.100e+01     
 135.000          66.000           -2.746e+00          -4.929e+00              97.886          -6.779e+00             245.859           1.107e+01     
 135.000          67.000           -2.732e+00          -4.753e+00              97.810          -7.026e+00             245.622           1.114e+01     
 135.000          68.000           -2.716e+00          -4.581e+00              97.760          -7.287e+00             245.329           1.121e+01     
 135.000          69.000           -2.699e+00          -4.414e+00              97.733          -7.563e+00             244.972           1.129e+01     
 135.000          70.000           -2.679e+00          -4.251e+00              97.730          -7.853e+00             244.543           1.137e+01     
 135.000          71.000           -2.656e+00          -4.093e+00              97.747          -8.159e+00             244.031           1.145e+01     
 135.000          72.000           -2.632e+00          -3.939e+00              97.785          -8.482e+00             243.424           1.154e+01     
 135.000          73.000           -2.604e+00          -3.790e+00              97.842          -8.823e+00             242.710           1.163e+01     
 135.000          74.000           -2.574e+00          -3.644e+00              97.917          -9.182e+00             241.870           1.172e+01     
 135.000          75.000           -2.541e+00          -3.503e+00              98.009          -9.560e+00             240.887           1.181e+01     
 135.000          76.000           -2.506e+00          -3.366e+00              98.117          -9.959e+00             239.736           1.191e+01     
 135.000          77.000           -2.467e+00          -3.233e+00              98.239          -1.038e+01             238.390           1.201e+01     
 135.000          78.000           -2.425e+00          -3.104e+00              98.376          -1.082e+01             236.815           1.212e+01     
 135.000          79.000           -2.380e+00          -2.979e+00              98.526          -1.128e+01             234.974           1.223e+01     
 135.000          80.000           -2.332e+00          -2.858e+00              98.689          -1.176e+01             232.819           1.234e+01     
 135.000          81.000           -2.281e+00          -2.741e+00              98.863          -1.226e+01             230.296           1.246e+01     
 135.000          82.000           -2.226e+00          -2.628e+00              99.048          -1.276e+01             227.343           1.258e+01     
 135.000          83.000           -2.168e+00          -2.518e+00              99.243          -1.328e+01             223.893           1.270e+01     
 135.000          84.000           -2.106e+00          -2.412e+00              99.447          -1.378e+01             219.875           1.283e+01     
 135.000          85.000           -2.042e+00          -2.310e+00              99.661          -1.426e+01             215.228           1.296e+01     
 135.000          86.000           -1.973e+00          -2.212e+00              99.883          -1.470e+01             209.910           1.309e+01     
 135.000          87.000           -1.902e+00          -2.117e+00             100.112          -1.506e+01             203.927           1.323e+01     
 135.000          88.000           -1.827e+00          -2.026e+00             100.349          -1.532e+01             197.348           1.337e+01     
 135.000          89.000           -1.749e+00          -1.938e+00             100.592          -1.545e+01             190.330           1.351e+01     
 135.000          90.000           -1.668e+00          -1.854e+00             100.841          -1.542e+01             183.106           1.366e+01     
 135.000          91.000           -1.583e+00          -1.774e+00             101.096          -1.524e+01             175.946           1.380e+01     
 135.000          92.000           -1.495e+00          -1.697e+00             101.356          -1.492e+01             169.111           1.395e+01     
 135.000          93.000           -1.404e+00          -1.624e+00             101.620          -1.447e+01             162.799           1.411e+01     
 135.000          94.000           -1.310e+00          -1.554e+00             101.889          -1.394e+01             157.124           1.426e+01     
 135.000          95.000           -1.214e+00          -1.488e+00             102.161          -1.335e+01             152.123           1.442e+01     
 135.000          96.000           -1.114e+00          -1.425e+00             102.437          -1.272e+01             147.775           1.458e+01     
 135.000          97.000           -1.012e+00          -1.366e+00             102.715          -1.208e+01             144.026           1.474e+01     
 135.000          98.000           -9.076e-01          -1.310e+00             102.996          -1.144e+01             140.810           1.491e+01     
 135.000          99.000           -8.006e-01          -1.258e+00             103.279          -1.080e+01             138.057           1.507e+01     
 135.000         100.000           -6.913e-01          -1.209e+00             103.563          -1.018e+01             135.700           1.524e+01     
 135.000         101.000           -5.799e-01          -1.164e+00             103.848          -9.580e+00             133.682           1.540e+01     
 135.000         102.000           -4.664e-01          -1.123e+00             104.134          -8.999e+00             131.954           1.557e+01     
 135.000         103.000           -3.512e-01          -1.084e+00             104.421          -8.437e+00             130.471           1.574e+01     
 135.000         104.000           -2.342e-01          -1.050e+00             104.708          -7.897e+00             129.199           1.591e+01     
 135.000         105.000           -1.156e-01          -1.019e+00             104.995          -7.378e+00             128.105           1.608e+01     
 135.000         106.000            4.334e-03          -9.920e-01             105.281          -6.878e+00             127.166           1.625e+01     
 135.000         107.000            1.256e-01          -9.684e-01             105.565          -6.398e+00             126.360           1.642e+01     
 135.000         108.000            2.479e-01          -9.486e-01             105.849          -5.935e+00             125.669           1.659e+01     
 135.000         109.000            3.712e-01          -9.325e-01             106.131          -5.490e+00             125.077           1.675e+01     
 135.000         110.000            4.953e-01          -9.201e-01             106.410          -5.062e+00             124.572           1.692e+01     
 135.000         111.000            6.201e-01          -9.116e-01             106.688          -4.649e+00             124.143           1.709e+01     
 135.000         112.000            7.455e-01          -9.070e-01             106.962          -4.251e+00             123.780           1.726e+01     
 135.000         113.000            8.712e-01          -9.062e-01             107.234          -3.867e+00             123.476           1.743e+01     
 135.000         114.000            9.973e-01          -9.094e-01             107.502          -3.496e+00             123.224           1.759e+01     
 135.000         115.000            1.123e+00          -9.167e-01             107.766          -3.138e+00             123.017           1.776e+01     
 135.000         116.000            1.250e+00          -9.280e-01             108.026          -2.792e+00             122.851           1.792e+01     
 135.000         117.000            1.376e+00          -9.435e-01             108.281          -2.457e+00             122.721           1.808e+01     
 135.000         118.000            1.501e+00          -9.632e-01             108.532          -2.133e+00             122.622           1.824e+01     
 135.000         119.000            1.627e+00          -9.872e-01             108.778          -1.819e+00             122.551           1.840e+01     
 135.000         120.000            1.752e+00          -1.016e+00             109.018          -1.516e+00             122.506           1.856e+01     
 135.000         121.000            1.876e+00          -1.048e+00             109.252          -1.221e+00             122.483           1.871e+01     
 135.000         122.000            2.000e+00          -1.086e+00             109.480          -9.362e-01             122.479           1.887e+01     
 135.000         123.000            2.123e+00          -1.128e+00             109.701          -6.596e-01             122.494           1.902e+01     
 135.000         124.000            2.245e+00          -1.175e+00             109.915          -3.914e-01             122.524           1.917e+01     
 135.000         125.000            2.366e+00          -1.226e+00             110.121          -1.313e-01             122.567           1.932e+01     
 135.000         126.000            2.486e+00          -1.283e+00             110.320           1.211e-01             122.624           1.946e+01     
 135.000         127.000            2.605e+00          -1.345e+00             110.511           3.660e-01             122.691           1.961e+01     
 135.000         128.000            2.722e+00          -1.412e+00             110.692           6.037e-01             122.767           1.975e+01     
 135.000         129.000            2.838e+00          -1.484e+00             110.865           8.343e-01             122.852           1.989e+01     
 135.000         130.000            2.953e+00          -1.562e+00             111.028           1.058e+00             122.943           2.003e+01     
 135.000         131.000            3.066e+00          -1.645e+00             111.181           1.275e+00             123.041           2.016e+01     
 135.000         132.000            3.178e+00          -1.734e+00             111.323           1.486e+00             123.145           2.029e+01     
 135.000         133.000            3.288e+00          -1.829e+00             111.453           1.691e+00             123.252           2.042e+01     
 135.000         134.000            3.397e+00          -1.931e+00             111.572           1.889e+00             123.363           2.055e+01     
 135.000         135.000            3.503e+00          -2.038e+00             111.679           2.082e+00             123.478           2.068e+01     
 135.000         136.000            3.608e+00          -2.153e+00             111.772           2.269e+00             123.594           2.080e+01     
 135.000         137.000            3.711e+00          -2.274e+00             111.851           2.450e+00             123.712           2.092e+01     
 135.000         138.000            3.812e+00          -2.402e+00             111.916           2.626e+00             123.831           2.104e+01     
 135.000         139.000            3.911e+00          -2.537e+00             111.965           2.796e+00             123.951           2.115e+01     
 135.000         140.000            4.008e+00          -2.679e+00             111.998           2.961e+00             124.070           2.126e+01     
 135.000         141.000            4.103e+00          -2.830e+00             112.014           3.120e+00             124.189           2.137e+01     
 135.000         142.000            4.196e+00          -2.988e+00             112.011           3.275e+00             124.308           2.148e+01     
 135.000         143.000            4.287e+00          -3.155e+00             111.988           3.424e+00             124.425           2.158e+01     
 135.000         144.000            4.375e+00          -3.331e+00             111.945           3.568e+00             124.540           2.168e+01     
 135.000         145.000            4.462e+00          -3.516e+00             111.879           3.708e+00             124.654           2.178e+01     
 135.000         146.000            4.546e+00          -3.710e+00             111.790           3.843e+00             124.765           2.188e+01     
 135.000         147.000            4.627e+00          -3.915e+00             111.674           3.973e+00             124.873           2.197e+01     
 135.000         148.000            4.706e+00          -4.130e+00             111.531           4.098e+00             124.979           2.206e+01     
 135.000         149.000            4.783e+00          -4.355e+00             111.358           4.219e+00             125.081           2.215e+01     
 135.000         150.000            4.858e+00          -4.593e+00             111.153           4.335e+00             125.180           2.223e+01     
 135.000         151.000            4.930e+00          -4.842e+00             110.912           4.446e+00             125.276           2.231e+01     
 135.000         152.000            4.999e+00          -5.104e+00             110.634           4.553e+00             125.367           2.239e+01     
 135.000         153.000            5.066e+00          -5.380e+00             110.312           4.655e+00             125.454           2.247e+01     
 135.000         154.000            5.130e+00          -5.670e+00             109.945           4.753e+00             125.537           2.254e+01     
 135.000         155.000            5.192e+00          -5.975e+00             109.526           4.847e+00             125.615           2.261e+01     
 135.000         156.000            5.252e+00          -6.297e+00             109.051           4.936e+00             125.689           2.268e+01     
 135.000         157.000            5.308e+00          -6.635e+00             108.512           5.021e+00             125.758           2.274e+01     
 135.000         158.000            5.362e+00          -6.992e+00             107.901           5.102e+00             125.821           2.281e+01     
 135.000         159.000            5.414e+00          -7.369e+00             107.210           5.179e+00             125.880           2.287e+01     
 135.000         160.000            5.462e+00          -7.766e+00             106.426           5.251e+00             125.933           2.292e+01     
 135.000         161.000            5.508e+00          -8.186e+00             105.538           5.319e+00             125.980           2.298e+01     
 135.000         162.000            5.552e+00          -8.630e+00             104.529           5.383e+00             126.022           2.303e+01     
 135.000         163.000            5.592e+00          -9.100e+00             103.380           5.442e+00             126.059           2.308e+01     
 135.000         164.000            5.630e+00          -9.597e+00             102.066           5.498e+00             126.089           2.312e+01     
 135.000         165.000            5.665e+00          -1.012e+01             100.559           5.549e+00             126.113           2.317e+01     
 135.000         166.000            5.698e+00          -1.068e+01              98.822           5.597e+00             126.131           2.321e+01     
 135.000         167.000            5.727e+00          -1.127e+01              96.810           5.640e+00             126.143           2.325e+01     
 135.000         168.000            5.754e+00          -1.190e+01              94.466           5.679e+00             126.149           2.328e+01     
 135.000         169.000            5.778e+00          -1.256e+01              91.719           5.714e+00             126.148           2.332e+01     
 135.000         170.000            5.800e+00          -1.325e+01              88.479           5.745e+00             126.141           2.335e+01     
 135.000         171.000            5.818e+00          -1.398e+01              84.639           5.772e+00             126.127           2.338e+01     
 135.000         172.000            5.834e+00          -1.471e+01              80.069           5.795e+00             126.107           2.340e+01     
 135.000         173.000            5.847e+00          -1.545e+01              74.627           5.814e+00             126.079           2.343e+01     
 135.000         174.000            5.857e+00          -1.616e+01              68.176           5.829e+00             126.045           2.345e+01     
 135.000         175.000            5.864e+00          -1.679e+01              60.628           5.840e+00             126.005           2.347e+01     
 135.000         176.000            5.868e+00          -1.729e+01              52.015           5.847e+00             125.957           2.349e+01     
 135.000         177.000            5.870e+00          -1.759e+01              42.561           5.850e+00             125.902           2.350e+01     
 135.000         178.000            5.869e+00          -1.765e+01              32.704           5.849e+00             125.840           2.352e+01     
 135.000         179.000            5.864e+00          -1.746e+01              23.001           5.844e+00             125.771           2.353e+01     
 135.000         180.000            5.857e+00          -1.705e+01              13.961           5.835e+00             125.695           2.354e+01     
 135.000         181.000            5.848e+00          -1.649e+01               5.902           5.822e+00             125.612           2.354e+01     
 135.000         182.000            5.835e+00          -1.582e+01             358.930           5.805e+00             125.522           2.355e+01     
 135.000         183.000            5.820e+00          -1.510e+01             352.997           5.784e+00             125.424           2.355e+01     
 135.000         184.000            5.802e+00          -1.437e+01             347.982           5.760e+00             125.319           2.356e+01     
 135.000         185.000            5.780e+00          -1.366e+01             343.741           5.731e+00             125.207           2.356e+01     
 135.000         186.000            5.757e+00          -1.296e+01             340.136           5.698e+00             125.087           2.356e+01     
 135.000         187.000            5.730e+00          -1.230e+01             337.052           5.661e+00             124.960           2.356e+01     
 135.000         188.000            5.701e+00          -1.167e+01             334.391           5.620e+00             124.825           2.355e+01     
 135.000         189.000            5.668e+00          -1.108e+01             332.074           5.576e+00             124.683           2.355e+01     
 135.000         190.000            5.633e+00          -1.052e+01             330.039           5.527e+00             124.533           2.354e+01     
 135.000         191.000            5.596e+00          -9.995e+00             328.237           5.474e+00             124.376           2.353e+01     
 135.000         192.000            5.555e+00          -9.498e+00             326.627           5.417e+00             124.211           2.353e+01     
 135.000         193.000            5.512e+00          -9.029e+00             325.177           5.356e+00             124.039           2.352e+01     
 135.000         194.000            5.466e+00          -8.588e+00             323.862           5.292e+00             123.859           2.351e+01     
 135.000         195.000            5.417e+00          -8.171e+00             322.659           5.223e+00             123.671           2.350e+01     
 135.000         196.000            5.366e+00          -7.777e+00             321.553           5.150e+00             123.476           2.348e+01     
 135.000         197.000            5.312e+00          -7.404e+00             320.528           5.073e+00             123.273           2.347e+01     
 135.000         198.000            5.255e+00          -7.052e+00             319.574           4.992e+00             123.063           2.346e+01     
 135.000         199.000            5.195e+00          -6.718e+00             318.679           4.907e+00             122.845           2.344e+01     
 135.000         200.000            5.133e+00          -6.402e+00             317.836           4.817e+00             122.619           2.343e+01     
 135.000         201.000            5.069e+00          -6.103e+00             317.037           4.724e+00             122.385           2.342e+01     
 135.000         202.000            5.002e+00          -5.819e+00             316.278           4.626e+00             122.144           2.340e+01     
 135.000         203.000            4.932e+00          -5.549e+00             315.551           4.524e+00             121.894           2.339e+01     
 135.000         204.000            4.859e+00          -5.294e+00             314.853           4.418e+00             121.637           2.337e+01     
 135.000         205.000            4.784e+00          -5.051e+00             314.181           4.308e+00             121.373           2.336e+01     
 135.000         206.000            4.707e+00          -4.821e+00             313.531           4.194e+00             121.100           2.334e+01     
 135.000         207.000            4.627e+00          -4.602e+00             312.899           4.075e+00             120.820           2.333e+01     
 135.000         208.000            4.545e+00          -4.394e+00             312.284           3.952e+00             120.531           2.331e+01     
 135.000         209.000            4.460e+00          -4.197e+00             311.683           3.824e+00             120.235           2.330e+01     
 135.000         210.000            4.373e+00          -4.010e+00             311.094           3.692e+00             119.931           2.329e+01     
 135.000         211.000            4.284e+00          -3.832e+00             310.516           3.556e+00             119.619           2.327e+01     
 135.000         212.000            4.192e+00          -3.664e+00             309.947           3.415e+00             119.299           2.326e+01     
 135.000         213.000            4.098e+00          -3.504e+00             309.385           3.269e+00             118.971           2.325e+01     
 135.000         214.000            4.002e+00          -3.353e+00             308.830           3.119e+00             118.635           2.324e+01     
 135.000         215.000            3.903e+00          -3.210e+00             308.280           2.964e+00             118.291           2.323e+01     
 135.000         216.000            3.803e+00          -3.074e+00             307.734           2.805e+00             117.939           2.322e+01     
 135.000         217.000            3.700e+00          -2.946e+00             307.192           2.640e+00             117.578           2.321e+01     
 135.000         218.000            3.595e+00          -2.825e+00             306.652           2.471e+00             117.210           2.320e+01     
 135.000         219.000            3.488e+00          -2.711e+00             306.114           2.297e+00             116.833           2.320e+01     
 135.000         220.000            3.379e+00          -2.604e+00             305.577           2.117e+00             116.447           2.319e+01     
 135.000         221.000            3.269e+00          -2.503e+00             305.041           1.933e+00             116.053           2.319e+01     
 135.000         222.000            3.156e+00          -2.408e+00             304.505           1.743e+00             115.651           2.319e+01     
 135.000         223.000            3.042e+00          -2.319e+00             303.969           1.548e+00             115.240           2.319e+01     
 135.000         224.000            2.926e+00          -2.236e+00             303.432           1.347e+00             114.820           2.319e+01     
 135.000         225.000            2.808e+00          -2.158e+00             302.893           1.141e+00             114.391           2.320e+01     
 135.000         226.000            2.688e+00          -2.086e+00             302.353           9.290e-01             113.953           2.320e+01     
 135.000         227.000            2.567e+00          -2.019e+00             301.811           7.111e-01             113.506           2.321e+01     
 135.000         228.000            2.445e+00          -1.958e+00             301.267           4.871e-01             113.050           2.322e+01     
 135.000         229.000            2.321e+00          -1.901e+00             300.720           2.569e-01             112.583           2.323e+01     
 135.000         230.000            2.196e+00          -1.849e+00             300.170           2.025e-02             112.107           2.324e+01     
 135.000         231.000            2.069e+00          -1.801e+00             299.617          -2.230e-01             111.621           2.325e+01     
 135.000         232.000            1.942e+00          -1.759e+00             299.062          -4.731e-01             111.124           2.327e+01     
 135.000         233.000            1.813e+00          -1.720e+00             298.502          -7.303e-01             110.616           2.329e+01     
 135.000         234.000            1.684e+00          -1.686e+00             297.939          -9.948e-01             110.097           2.331e+01     
 135.000         235.000            1.553e+00          -1.656e+00             297.372          -1.267e+00             109.567           2.333e+01     
 135.000         236.000            1.422e+00          -1.630e+00             296.801          -1.547e+00             109.024           2.335e+01     
 135.000         237.000            1.290e+00          -1.608e+00             296.226          -1.835e+00             108.468           2.338e+01     
 135.000         238.000            1.158e+00          -1.590e+00             295.646          -2.132e+00             107.899           2.340e+01     
 135.000         239.000            1.025e+00          -1.575e+00             295.063          -2.438e+00             107.316           2.343e+01     
 135.000         240.000            8.919e-01          -1.564e+00             294.474          -2.753e+00             106.719           2.346e+01     
 135.000         241.000            7.587e-01          -1.557e+00             293.881          -3.079e+00             106.105           2.349e+01     
 135.000         242.000            6.254e-01          -1.553e+00             293.283          -3.414e+00             105.474           2.352e+01     
 135.000         243.000            4.922e-01          -1.553e+00             292.681          -3.761e+00             104.825           2.355e+01     
 135.000         244.000            3.593e-01          -1.556e+00             292.073          -4.119e+00             104.156           2.357e+01     
 135.000         245.000            2.267e-01          -1.562e+00             291.461          -4.490e+00             103.466           2.360e+01     
 135.000         246.000            9.471e-02          -1.571e+00             290.843          -4.874e+00             102.753           2.363e+01     
 135.000         247.000           -3.664e-02          -1.583e+00             290.220          -5.272e+00             102.014           2.365e+01     
 135.000         248.000           -1.671e-01          -1.598e+00             289.592          -5.685e+00             101.247           2.368e+01     
 135.000         249.000           -2.967e-01          -1.616e+00             288.958          -6.114e+00             100.449           2.370e+01     
 135.000         250.000           -4.250e-01          -1.637e+00             288.319          -6.560e+00              99.616           2.371e+01     
 135.000         251.000           -5.521e-01          -1.661e+00             287.675          -7.025e+00              98.743           2.372e+01     
 135.000         252.000           -6.777e-01          -1.687e+00             287.025          -7.510e+00              97.826           2.373e+01     
 135.000         253.000           -8.016e-01          -1.716e+00             286.369          -8.018e+00              96.858           2.373e+01     
 135.000         254.000           -9.238e-01          -1.747e+00             285.708          -8.550e+00              95.831           2.373e+01     
 135.000         255.000           -1.044e+00          -1.781e+00             285.041          -9.108e+00              94.736           2.371e+01     
 135.000         256.000           -1.162e+00          -1.818e+00             284.368          -9.696e+00              93.560           2.369e+01     
 135.000         257.000           -1.278e+00          -1.857e+00             283.690          -1.032e+01              92.290           2.366e+01     
 135.000         258.000           -1.391e+00          -1.898e+00             283.005          -1.097e+01              90.905           2.362e+01     
 135.000         259.000           -1.502e+00          -1.941e+00             282.315          -1.167e+01              89.381           2.357e+01     
 135.000         260.000           -1.610e+00          -1.986e+00             281.619          -1.242e+01              87.686           2.351e+01     
 135.000         261.000           -1.715e+00          -2.034e+00             280.917          -1.321e+01              85.778           2.344e+01     
 135.000         262.000           -1.817e+00          -2.084e+00             280.209          -1.407e+01              83.597           2.336e+01     
 135.000         263.000           -1.916e+00          -2.136e+00             279.494          -1.500e+01              81.064           2.326e+01     
 135.000         264.000           -2.012e+00          -2.189e+00             278.773          -1.600e+01              78.065           2.315e+01     
 135.000         265.000           -2.105e+00          -2.245e+00             278.047          -1.709e+01              74.435           2.303e+01     
 135.000         266.000           -2.194e+00          -2.302e+00             277.313          -1.828e+01              69.934           2.289e+01     
 135.000         267.000           -2.280e+00          -2.362e+00             276.574          -1.957e+01              64.201           2.275e+01     
 135.000         268.000           -2.362e+00          -2.423e+00             275.828          -2.094e+01              56.714           2.259e+01     
 135.000         269.000           -2.440e+00          -2.485e+00             275.076          -2.233e+01              46.769           2.242e+01     
 135.000         270.000           -2.515e+00          -2.549e+00             274.318          -2.358e+01              33.663           2.224e+01     
 135.000         271.000           -2.586e+00          -2.615e+00             273.554          -2.440e+01              17.392           2.205e+01     
 135.000         272.000           -2.654e+00          -2.682e+00             272.783          -2.451e+01             359.618           2.184e+01     
 135.000         273.000           -2.718e+00          -2.751e+00             272.005          -2.390e+01             343.168           2.163e+01     
 135.000         274.000           -2.778e+00          -2.821e+00             271.221          -2.284e+01             329.833           2.141e+01     
 135.000         275.000           -2.835e+00          -2.893e+00             270.430          -2.162e+01             319.690           2.119e+01     
 135.000         276.000           -2.888e+00          -2.965e+00             269.633          -2.041e+01             312.053           2.095e+01     
 135.000         277.000           -2.937e+00          -3.039e+00             268.829          -1.929e+01             306.209           2.072e+01     
 135.000         278.000           -2.983e+00          -3.114e+00             268.019          -1.826e+01             301.621           2.047e+01     
 135.000         279.000           -3.026e+00          -3.190e+00             267.202          -1.734e+01             297.922           2.023e+01     
 135.000         280.000           -3.066e+00          -3.267e+00             266.379          -1.650e+01             294.863           1.998e+01     
 135.000         281.000           -3.102e+00          -3.345e+00             265.549          -1.573e+01             292.274           1.973e+01     
 135.000         282.000           -3.135e+00          -3.424e+00             264.713          -1.504e+01             290.044           1.947e+01     
 135.000         283.000           -3.165e+00          -3.504e+00             263.870          -1.441e+01             288.087           1.922e+01     
 135.000         284.000           -3.192e+00          -3.585e+00             263.022          -1.383e+01             286.344           1.897e+01     
 135.000         285.000           -3.217e+00          -3.666e+00             262.167          -1.330e+01             284.771           1.872e+01     
 135.000         286.000           -3.239e+00          -3.747e+00             261.306          -1.281e+01             283.336           1.847e+01     
 135.000         287.000           -3.258e+00          -3.830e+00             260.439          -1.235e+01             282.013           1.822e+01     
 135.000         288.000           -3.275e+00          -3.913e+00             259.566          -1.193e+01             280.783           1.798e+01     
 135.000         289.000           -3.290e+00          -3.996e+00             258.687          -1.153e+01             279.630           1.774e+01     
 135.000         290.000           -3.303e+00          -4.079e+00             257.802          -1.116e+01             278.544           1.750e+01     
 135.000         291.000           -3.314e+00          -4.163e+00             256.912          -1.082e+01             277.513           1.727e+01     
 135.000         292.000           -3.323e+00          -4.247e+00             256.017          -1.050e+01             276.531           1.704e+01     
 135.000         293.000           -3.330e+00          -4.331e+00             255.117          -1.019e+01             275.590           1.681e+01     
 135.000         294.000           -3.336e+00          -4.415e+00             254.211          -9.909e+00             274.685           1.659e+01     
 135.000         295.000           -3.340e+00          -4.500e+00             253.302          -9.640e+00             273.812           1.637e+01     
 135.000         296.000           -3.343e+00          -4.584e+00             252.387          -9.388e+00             272.967           1.616e+01     
 135.000         297.000           -3.344e+00          -4.668e+00             251.469          -9.149e+00             272.146           1.595e+01     
 135.000         298.000           -3.344e+00          -4.751e+00             250.547          -8.924e+00             271.348           1.575e+01     
 135.000         299.000           -3.344e+00          -4.835e+00             249.621          -8.711e+00             270.570           1.555e+01     
 135.000         300.000           -3.342e+00          -4.918e+00             248.692          -8.509e+00             269.809           1.536e+01     
 135.000         301.000           -3.340e+00          -5.001e+00             247.760          -8.317e+00             269.064           1.517e+01     
 135.000         302.000           -3.337e+00          -5.083e+00             246.826          -8.136e+00             268.334           1.499e+01     
 135.000         303.000           -3.333e+00          -5.165e+00             245.890          -7.964e+00             267.617           1.481e+01     
 135.000         304.000           -3.328e+00          -5.246e+00             244.952          -7.801e+00             266.913           1.464e+01     
 135.000         305.000           -3.323e+00          -5.327e+00             244.013          -7.645e+00             266.220           1.447e+01     
 135.000         306.000           -3.318e+00          -5.407e+00             243.074          -7.498e+00             265.537           1.431e+01     
 135.000         307.000           -3.312e+00          -5.487e+00             242.134          -7.357e+00             264.865           1.415e+01     
 135.000         308.000           -3.305e+00          -5.565e+00             241.194          -7.223e+00             264.201           1.400e+01     
 135.000         309.000           -3.299e+00          -5.643e+00             240.256          -7.095e+00             263.546           1.385e+01     
 135.000         310.000           -3.292e+00          -5.721e+00             239.318          -6.974e+00             262.900           1.371e+01     
 135.000         311.000           -3.285e+00          -5.797e+00             238.382          -6.858e+00             262.261           1.357e+01     
 135.000         312.000           -3.278e+00          -5.873e+00             237.448          -6.747e+00             261.630           1.343e+01     
 135.000         313.000           -3.270e+00          -5.948e+00             236.517          -6.641e+00             261.006           1.330e+01     
 135.000         314.000           -3.263e+00          -6.022e+00             235.589          -6.539e+00             260.389           1.317e+01     
 135.000         315.000           -3.255e+00          -6.095e+00             234.665          -6.442e+00             259.779           1.305e+01     
 135.000         316.000           -3.247e+00          -6.168e+00             233.745          -6.349e+00             259.176           1.293e+01     
 135.000         317.000           -3.239e+00          -6.240e+00             232.830          -6.260e+00             258.579           1.282e+01     
 135.000         318.000           -3.232e+00          -6.311e+00             231.920          -6.174e+00             257.989           1.271e+01     
 135.000         319.000           -3.224e+00          -6.381e+00             231.015          -6.092e+00             257.406           1.260e+01     
 135.000         320.000           -3.216e+00          -6.451e+00             230.116          -6.013e+00             256.829           1.250e+01     
 135.000         321.000           -3.208e+00          -6.520e+00             229.224          -5.936e+00             256.259           1.240e+01     
 135.000         322.000           -3.200e+00          -6.589e+00             228.339          -5.863e+00             255.695           1.231e+01     
 135.000         323.000           -3.192e+00          -6.657e+00             227.460          -5.791e+00             255.139           1.222e+01     
 135.000         324.000           -3.185e+00          -6.725e+00             226.589          -5.722e+00             254.589           1.213e+01     
 135.000         325.000           -3.177e+00          -6.793e+00             225.726          -5.656e+00             254.047           1.205e+01     
 135.000         326.000           -3.169e+00          -6.860e+00             224.870          -5.591e+00             253.512           1.196e+01     
 135.000         327.000           -3.161e+00          -6.927e+00             224.023          -5.528e+00             252.984           1.189e+01     
 135.000         328.000           -3.153e+00          -6.994e+00             223.184          -5.467e+00             252.464           1.181e+01     
 135.000         329.000           -3.145e+00          -7.061e+00             222.353          -5.407e+00             251.952           1.174e+01     
 135.000         330.000           -3.137e+00          -7.128e+00             221.530          -5.348e+00             251.448           1.167e+01     
 135.000         331.000           -3.130e+00          -7.196e+00             220.715          -5.291e+00             250.952           1.161e+01     
 135.000         332.000           -3.122e+00          -7.263e+00             219.909          -5.235e+00             250.465           1.154e+01     
 135.000         333.000           -3.114e+00          -7.332e+00             219.111          -5.180e+00             249.987           1.148e+01     
 135.000         334.000           -3.106e+00          -7.400e+00             218.321          -5.126e+00             249.518           1.142e+01     
 135.000         335.000           -3.098e+00          -7.470e+00             217.538          -5.073e+00             249.058           1.137e+01     
 135.000         336.000           -3.090e+00          -7.540e+00             216.762          -5.021e+00             248.608           1.132e+01     
 135.000         337.000           -3.082e+00          -7.612e+00             215.994          -4.969e+00             248.168           1.126e+01     
 135.000         338.000           -3.074e+00          -7.684e+00             215.232          -4.918e+00             247.738           1.121e+01     
 135.000         339.000           -3.066e+00          -7.758e+00             214.475          -4.867e+00             247.319           1.117e+01     
 135.000         340.000           -3.058e+00          -7.833e+00             213.724          -4.817e+00             246.911           1.112e+01     
 135.000         341.000           -3.050e+00          -7.909e+00             212.978          -4.767e+00             246.513           1.108e+01     
 135.000         342.000           -3.042e+00          -7.988e+00             212.235          -4.718e+00             246.127           1.104e+01     
 135.000         343.000           -3.033e+00          -8.068e+00             211.495          -4.668e+00             245.753           1.100e+01     
 135.000         344.000           -3.025e+00          -8.150e+00             210.758          -4.620e+00             245.390           1.096e+01     
 135.000         345.000           -3.017e+00          -8.234e+00             210.021          -4.571e+00             245.039           1.092e+01     
 135.000         346.000           -3.008e+00          -8.320e+00             209.284          -4.522e+00             244.701           1.088e+01     
 135.000         347.000           -3.000e+00          -8.409e+00             208.546          -4.474e+00             244.375           1.085e+01     
 135.000         348.000           -2.992e+00          -8.500e+00             207.806          -4.426e+00             244.062           1.081e+01     
 135.000         349.000           -2.983e+00          -8.594e+00             207.061          -4.378e+00             243.761           1.078e+01     
 135.000         350.000           -2.975e+00          -8.691e+00             206.311          -4.331e+00             243.474           1.075e+01     
 135.000         351.000           -2.966e+00          -8.790e+00             205.554          -4.284e+00             243.200           1.072e+01     
 135.000         352.000           -2.958e+00          -8.893e+00             204.788          -4.236e+00             242.938           1.069e+01     
 135.000         353.000           -2.950e+00          -8.999e+00             204.011          -4.190e+00             242.691           1.066e+01     
 135.000         354.000           -2.941e+00          -9.108e+00             203.221          -4.143e+00             242.456           1.063e+01     
 135.000         355.000           -2.933e+00          -9.220e+00             202.416          -4.097e+00             242.235           1.060e+01     
 135.000         356.000           -2.924e+00          -9.336e+00             201.594          -4.051e+00             242.027           1.057e+01     
 135.000         357.000           -2.916e+00          -9.455e+00             200.752          -4.005e+00             241.833           1.054e+01     
 135.000         358.000           -2.908e+00          -9.578e+00             199.888          -3.960e+00             241.653           1.051e+01     
 135.000         359.000           -2.899e+00          -9.705e+00             198.998          -3.916e+00             241.485           1.049e+01     
