Theta [deg.]  Phi   [deg.]  Abs(Dir.)[dBi   ]   Abs(Theta)[dBi   ]  Phase(Theta)[deg.]  Abs(Phi  )[dBi   ]  Phase(Phi  )[deg.]  Ax.Ratio[dB    ]    
------------------------------------------------------------------------------------------------------------------------------------------------------
   0.000           0.000            3.438e+00          -2.329e+01             342.603           3.429e+00             181.814           3.639e+01     
   0.000           1.000            3.438e+00          -2.697e+01             331.640           3.434e+00             181.799           3.639e+01     
   0.000           2.000            3.438e+00          -3.173e+01             301.474           3.437e+00             181.784           3.639e+01     
   0.000           3.000            3.438e+00          -3.169e+01             241.594           3.437e+00             181.769           3.639e+01     
   0.000           4.000            3.438e+00          -2.693e+01             211.750           3.434e+00             181.753           3.639e+01     
   0.000           5.000            3.438e+00          -2.326e+01             200.880           3.429e+00             181.738           3.639e+01     
   0.000           6.000            3.438e+00          -2.058e+01             195.671           3.421e+00             181.723           3.639e+01     
   0.000           7.000            3.438e+00          -1.850e+01             192.662           3.410e+00             181.708           3.639e+01     
   0.000           8.000            3.438e+00          -1.682e+01             190.711           3.397e+00             181.693           3.639e+01     
   0.000           9.000            3.438e+00          -1.540e+01             189.346           3.381e+00             181.677           3.639e+01     
   0.000          10.000            3.438e+00          -1.419e+01             188.337           3.362e+00             181.662           3.639e+01     
   0.000          11.000            3.438e+00          -1.312e+01             187.562           3.341e+00             181.646           3.639e+01     
   0.000          12.000            3.438e+00          -1.217e+01             186.947           3.317e+00             181.631           3.639e+01     
   0.000          13.000            3.438e+00          -1.132e+01             186.448           3.290e+00             181.615           3.639e+01     
   0.000          14.000            3.438e+00          -1.054e+01             186.034           3.261e+00             181.600           3.639e+01     
   0.000          15.000            3.438e+00          -9.833e+00             185.685           3.229e+00             181.584           3.639e+01     
   0.000          16.000            3.438e+00          -9.179e+00             185.386           3.194e+00             181.568           3.639e+01     
   0.000          17.000            3.438e+00          -8.573e+00             185.128           3.156e+00             181.552           3.639e+01     
   0.000          18.000            3.438e+00          -8.009e+00             184.903           3.115e+00             181.535           3.639e+01     
   0.000          19.000            3.438e+00          -7.482e+00             184.704           3.072e+00             181.519           3.639e+01     
   0.000          20.000            3.438e+00          -6.988e+00             184.527           3.025e+00             181.502           3.639e+01     
   0.000          21.000            3.438e+00          -6.522e+00             184.368           2.976e+00             181.486           3.639e+01     
   0.000          22.000            3.438e+00          -6.083e+00             184.226           2.924e+00             181.469           3.639e+01     
   0.000          23.000            3.438e+00          -5.667e+00             184.096           2.869e+00             181.452           3.639e+01     
   0.000          24.000            3.438e+00          -5.273e+00             183.979           2.811e+00             181.434           3.639e+01     
   0.000          25.000            3.438e+00          -4.898e+00             183.871           2.749e+00             181.417           3.639e+01     
   0.000          26.000            3.438e+00          -4.542e+00             183.772           2.685e+00             181.399           3.639e+01     
   0.000          27.000            3.438e+00          -4.202e+00             183.680           2.617e+00             181.381           3.639e+01     
   0.000          28.000            3.438e+00          -3.877e+00             183.595           2.547e+00             181.362           3.639e+01     
   0.000          29.000            3.438e+00          -3.567e+00             183.517           2.473e+00             181.343           3.639e+01     
   0.000          30.000            3.438e+00          -3.270e+00             183.443           2.396e+00             181.324           3.639e+01     
   0.000          31.000            3.438e+00          -2.985e+00             183.374           2.315e+00             181.305           3.639e+01     
   0.000          32.000            3.438e+00          -2.712e+00             183.310           2.231e+00             181.285           3.639e+01     
   0.000          33.000            3.438e+00          -2.449e+00             183.249           2.143e+00             181.265           3.639e+01     
   0.000          34.000            3.438e+00          -2.197e+00             183.192           2.052e+00             181.244           3.639e+01     
   0.000          35.000            3.438e+00          -1.955e+00             183.138           1.958e+00             181.223           3.639e+01     
   0.000          36.000            3.438e+00          -1.722e+00             183.087           1.859e+00             181.202           3.639e+01     
   0.000          37.000            3.438e+00          -1.497e+00             183.039           1.757e+00             181.180           3.639e+01     
   0.000          38.000            3.438e+00          -1.281e+00             182.993           1.651e+00             181.157           3.639e+01     
   0.000          39.000            3.438e+00          -1.072e+00             182.949           1.541e+00             181.134           3.639e+01     
   0.000          40.000            3.438e+00          -8.712e-01             182.907           1.427e+00             181.110           3.639e+01     
   0.000          41.000            3.438e+00          -6.773e-01             182.867           1.308e+00             181.086           3.639e+01     
   0.000          42.000            3.438e+00          -4.903e-01             182.829           1.185e+00             181.061           3.639e+01     
   0.000          43.000            3.438e+00          -3.097e-01             182.792           1.058e+00             181.035           3.639e+01     
   0.000          44.000            3.438e+00          -1.354e-01             182.757           9.264e-01             181.008           3.639e+01     
   0.000          45.000            3.438e+00           3.282e-02             182.723           7.899e-01             180.981           3.639e+01     
   0.000          46.000            3.438e+00           1.953e-01             182.691           6.486e-01             180.952           3.639e+01     
   0.000          47.000            3.438e+00           3.522e-01             182.659           5.022e-01             180.923           3.639e+01     
   0.000          48.000            3.438e+00           5.037e-01             182.629           3.507e-01             180.893           3.639e+01     
   0.000          49.000            3.438e+00           6.500e-01             182.600           1.937e-01             180.861           3.639e+01     
   0.000          50.000            3.438e+00           7.913e-01             182.572           3.121e-02             180.829           3.639e+01     
   0.000          51.000            3.438e+00           9.277e-01             182.544          -1.371e-01             180.795           3.639e+01     
   0.000          52.000            3.438e+00           1.059e+00             182.518          -3.115e-01             180.760           3.639e+01     
   0.000          53.000            3.438e+00           1.187e+00             182.492          -4.921e-01             180.723           3.639e+01     
   0.000          54.000            3.438e+00           1.309e+00             182.467          -6.792e-01             180.685           3.639e+01     
   0.000          55.000            3.438e+00           1.428e+00             182.442          -8.732e-01             180.645           3.639e+01     
   0.000          56.000            3.438e+00           1.542e+00             182.419          -1.074e+00             180.603           3.639e+01     
   0.000          57.000            3.438e+00           1.652e+00             182.395          -1.283e+00             180.559           3.639e+01     
   0.000          58.000            3.438e+00           1.758e+00             182.373          -1.499e+00             180.513           3.639e+01     
   0.000          59.000            3.438e+00           1.860e+00             182.351          -1.724e+00             180.465           3.639e+01     
   0.000          60.000            3.438e+00           1.959e+00             182.329          -1.957e+00             180.414           3.639e+01     
   0.000          61.000            3.438e+00           2.053e+00             182.308          -2.200e+00             180.360           3.639e+01     
   0.000          62.000            3.438e+00           2.144e+00             182.288          -2.452e+00             180.303           3.639e+01     
   0.000          63.000            3.438e+00           2.232e+00             182.267          -2.714e+00             180.242           3.639e+01     
   0.000          64.000            3.438e+00           2.316e+00             182.248          -2.988e+00             180.177           3.639e+01     
   0.000          65.000            3.438e+00           2.396e+00             182.228          -3.272e+00             180.109           3.639e+01     
   0.000          66.000            3.438e+00           2.474e+00             182.209          -3.570e+00             180.035           3.639e+01     
   0.000          67.000            3.438e+00           2.548e+00             182.190          -3.880e+00             179.956           3.639e+01     
   0.000          68.000            3.438e+00           2.618e+00             182.172          -4.205e+00             179.872           3.639e+01     
   0.000          69.000            3.438e+00           2.686e+00             182.154          -4.545e+00             179.780           3.639e+01     
   0.000          70.000            3.438e+00           2.750e+00             182.136          -4.902e+00             179.681           3.639e+01     
   0.000          71.000            3.438e+00           2.811e+00             182.118          -5.277e+00             179.573           3.639e+01     
   0.000          72.000            3.438e+00           2.869e+00             182.101          -5.671e+00             179.455           3.639e+01     
   0.000          73.000            3.438e+00           2.924e+00             182.084          -6.087e+00             179.326           3.639e+01     
   0.000          74.000            3.438e+00           2.977e+00             182.067          -6.527e+00             179.183           3.639e+01     
   0.000          75.000            3.438e+00           3.026e+00             182.050          -6.992e+00             179.024           3.639e+01     
   0.000          76.000            3.438e+00           3.072e+00             182.033          -7.487e+00             178.847           3.639e+01     
   0.000          77.000            3.438e+00           3.116e+00             182.017          -8.015e+00             178.648           3.639e+01     
   0.000          78.000            3.438e+00           3.156e+00             182.001          -8.579e+00             178.422           3.639e+01     
   0.000          79.000            3.438e+00           3.194e+00             181.985          -9.185e+00             178.164           3.639e+01     
   0.000          80.000            3.438e+00           3.229e+00             181.969          -9.839e+00             177.865           3.639e+01     
   0.000          81.000            3.438e+00           3.261e+00             181.953          -1.055e+01             177.515           3.639e+01     
   0.000          82.000            3.438e+00           3.291e+00             181.937          -1.133e+01             177.100           3.639e+01     
   0.000          83.000            3.438e+00           3.317e+00             181.921          -1.218e+01             176.600           3.639e+01     
   0.000          84.000            3.438e+00           3.341e+00             181.906          -1.313e+01             175.984           3.639e+01     
   0.000          85.000            3.438e+00           3.363e+00             181.890          -1.420e+01             175.207           3.639e+01     
   0.000          86.000            3.438e+00           3.381e+00             181.875          -1.542e+01             174.196           3.639e+01     
   0.000          87.000            3.438e+00           3.397e+00             181.860          -1.683e+01             172.826           3.639e+01     
   0.000          88.000            3.438e+00           3.410e+00             181.845          -1.852e+01             170.867           3.639e+01     
   0.000          89.000            3.438e+00           3.421e+00             181.829          -2.060e+01             167.844           3.639e+01     
   0.000          90.000            3.438e+00           3.429e+00             181.814          -2.329e+01             162.603           3.639e+01     
   0.000          91.000            3.438e+00           3.434e+00             181.799          -2.697e+01             151.640           3.639e+01     
   0.000          92.000            3.438e+00           3.437e+00             181.784          -3.173e+01             121.474           3.639e+01     
   0.000          93.000            3.438e+00           3.437e+00             181.769          -3.169e+01              61.594           3.639e+01     
   0.000          94.000            3.438e+00           3.434e+00             181.753          -2.693e+01              31.750           3.639e+01     
   0.000          95.000            3.438e+00           3.429e+00             181.738          -2.326e+01              20.880           3.639e+01     
   0.000          96.000            3.438e+00           3.421e+00             181.723          -2.058e+01              15.671           3.639e+01     
   0.000          97.000            3.438e+00           3.410e+00             181.708          -1.850e+01              12.662           3.639e+01     
   0.000          98.000            3.438e+00           3.397e+00             181.693          -1.682e+01              10.711           3.639e+01     
   0.000          99.000            3.438e+00           3.381e+00             181.677          -1.540e+01               9.346           3.639e+01     
   0.000         100.000            3.438e+00           3.362e+00             181.662          -1.419e+01               8.337           3.639e+01     
   0.000         101.000            3.438e+00           3.341e+00             181.646          -1.312e+01               7.562           3.639e+01     
   0.000         102.000            3.438e+00           3.317e+00             181.631          -1.217e+01               6.947           3.639e+01     
   0.000         103.000            3.438e+00           3.290e+00             181.615          -1.132e+01               6.448           3.639e+01     
   0.000         104.000            3.438e+00           3.261e+00             181.600          -1.054e+01               6.034           3.639e+01     
   0.000         105.000            3.438e+00           3.229e+00             181.584          -9.833e+00               5.685           3.639e+01     
   0.000         106.000            3.438e+00           3.194e+00             181.568          -9.179e+00               5.386           3.639e+01     
   0.000         107.000            3.438e+00           3.156e+00             181.552          -8.573e+00               5.128           3.639e+01     
   0.000         108.000            3.438e+00           3.115e+00             181.535          -8.009e+00               4.903           3.639e+01     
   0.000         109.000            3.438e+00           3.072e+00             181.519          -7.482e+00               4.704           3.639e+01     
   0.000         110.000            3.438e+00           3.025e+00             181.502          -6.988e+00               4.527           3.639e+01     
   0.000         111.000            3.438e+00           2.976e+00             181.486          -6.522e+00               4.368           3.639e+01     
   0.000         112.000            3.438e+00           2.924e+00             181.469          -6.083e+00               4.226           3.639e+01     
   0.000         113.000            3.438e+00           2.869e+00             181.452          -5.667e+00               4.096           3.639e+01     
   0.000         114.000            3.438e+00           2.811e+00             181.434          -5.273e+00               3.979           3.639e+01     
   0.000         115.000            3.438e+00           2.749e+00             181.417          -4.898e+00               3.871           3.639e+01     
   0.000         116.000            3.438e+00           2.685e+00             181.399          -4.542e+00               3.772           3.639e+01     
   0.000         117.000            3.438e+00           2.617e+00             181.381          -4.202e+00               3.680           3.639e+01     
   0.000         118.000            3.438e+00           2.547e+00             181.362          -3.877e+00               3.595           3.639e+01     
   0.000         119.000            3.438e+00           2.473e+00             181.343          -3.567e+00               3.517           3.639e+01     
   0.000         120.000            3.438e+00           2.396e+00             181.324          -3.270e+00               3.443           3.639e+01     
   0.000         121.000            3.438e+00           2.315e+00             181.305          -2.985e+00               3.374           3.639e+01     
   0.000         122.000            3.438e+00           2.231e+00             181.285          -2.712e+00               3.310           3.639e+01     
   0.000         123.000            3.438e+00           2.143e+00             181.265          -2.449e+00               3.249           3.639e+01     
   0.000         124.000            3.438e+00           2.052e+00             181.244          -2.197e+00               3.192           3.639e+01     
   0.000         125.000            3.438e+00           1.958e+00             181.223          -1.955e+00               3.138           3.639e+01     
   0.000         126.000            3.438e+00           1.859e+00             181.202          -1.722e+00               3.087           3.639e+01     
   0.000         127.000            3.438e+00           1.757e+00             181.180          -1.497e+00               3.039           3.639e+01     
   0.000         128.000            3.438e+00           1.651e+00             181.157          -1.281e+00               2.993           3.639e+01     
   0.000         129.000            3.438e+00           1.541e+00             181.134          -1.072e+00               2.949           3.639e+01     
   0.000         130.000            3.438e+00           1.427e+00             181.110          -8.712e-01               2.907           3.639e+01     
   0.000         131.000            3.438e+00           1.308e+00             181.086          -6.773e-01               2.867           3.639e+01     
   0.000         132.000            3.438e+00           1.185e+00             181.061          -4.903e-01               2.829           3.639e+01     
   0.000         133.000            3.438e+00           1.058e+00             181.035          -3.097e-01               2.792           3.639e+01     
   0.000         134.000            3.438e+00           9.264e-01             181.008          -1.354e-01               2.757           3.639e+01     
   0.000         135.000            3.438e+00           7.899e-01             180.981           3.282e-02               2.723           3.639e+01     
   0.000         136.000            3.438e+00           6.486e-01             180.952           1.953e-01               2.691           3.639e+01     
   0.000         137.000            3.438e+00           5.022e-01             180.923           3.522e-01               2.659           3.639e+01     
   0.000         138.000            3.438e+00           3.507e-01             180.893           5.037e-01               2.629           3.639e+01     
   0.000         139.000            3.438e+00           1.937e-01             180.861           6.500e-01               2.600           3.639e+01     
   0.000         140.000            3.438e+00           3.121e-02             180.829           7.913e-01               2.572           3.639e+01     
   0.000         141.000            3.438e+00          -1.371e-01             180.795           9.277e-01               2.544           3.639e+01     
   0.000         142.000            3.438e+00          -3.115e-01             180.760           1.059e+00               2.518           3.639e+01     
   0.000         143.000            3.438e+00          -4.921e-01             180.723           1.187e+00               2.492           3.639e+01     
   0.000         144.000            3.438e+00          -6.792e-01             180.685           1.309e+00               2.467           3.639e+01     
   0.000         145.000            3.438e+00          -8.732e-01             180.645           1.428e+00               2.442           3.639e+01     
   0.000         146.000            3.438e+00          -1.074e+00             180.603           1.542e+00               2.419           3.639e+01     
   0.000         147.000            3.438e+00          -1.283e+00             180.559           1.652e+00               2.395           3.639e+01     
   0.000         148.000            3.438e+00          -1.499e+00             180.513           1.758e+00               2.373           3.639e+01     
   0.000         149.000            3.438e+00          -1.724e+00             180.465           1.860e+00               2.351           3.639e+01     
   0.000         150.000            3.438e+00          -1.957e+00             180.414           1.959e+00               2.329           3.639e+01     
   0.000         151.000            3.438e+00          -2.200e+00             180.360           2.053e+00               2.308           3.639e+01     
   0.000         152.000            3.438e+00          -2.452e+00             180.303           2.144e+00               2.288           3.639e+01     
   0.000         153.000            3.438e+00          -2.714e+00             180.242           2.232e+00               2.267           3.639e+01     
   0.000         154.000            3.438e+00          -2.988e+00             180.177           2.316e+00               2.248           3.639e+01     
   0.000         155.000            3.438e+00          -3.272e+00             180.109           2.396e+00               2.228           3.639e+01     
   0.000         156.000            3.438e+00          -3.570e+00             180.035           2.474e+00               2.209           3.639e+01     
   0.000         157.000            3.438e+00          -3.880e+00             179.956           2.548e+00               2.190           3.639e+01     
   0.000         158.000            3.438e+00          -4.205e+00             179.872           2.618e+00               2.172           3.639e+01     
   0.000         159.000            3.438e+00          -4.545e+00             179.780           2.686e+00               2.154           3.639e+01     
   0.000         160.000            3.438e+00          -4.902e+00             179.681           2.750e+00               2.136           3.639e+01     
   0.000         161.000            3.438e+00          -5.277e+00             179.573           2.811e+00               2.118           3.639e+01     
   0.000         162.000            3.438e+00          -5.671e+00             179.455           2.869e+00               2.101           3.639e+01     
   0.000         163.000            3.438e+00          -6.087e+00             179.326           2.924e+00               2.084           3.639e+01     
   0.000         164.000            3.438e+00          -6.527e+00             179.183           2.977e+00               2.067           3.639e+01     
   0.000         165.000            3.438e+00          -6.992e+00             179.024           3.026e+00               2.050           3.639e+01     
   0.000         166.000            3.438e+00          -7.487e+00             178.847           3.072e+00               2.033           3.639e+01     
   0.000         167.000            3.438e+00          -8.015e+00             178.648           3.116e+00               2.017           3.639e+01     
   0.000         168.000            3.438e+00          -8.579e+00             178.422           3.156e+00               2.001           3.639e+01     
   0.000         169.000            3.438e+00          -9.185e+00             178.164           3.194e+00               1.985           3.639e+01     
   0.000         170.000            3.438e+00          -9.839e+00             177.865           3.229e+00               1.969           3.639e+01     
   0.000         171.000            3.438e+00          -1.055e+01             177.515           3.261e+00               1.953           3.639e+01     
   0.000         172.000            3.438e+00          -1.133e+01             177.100           3.291e+00               1.937           3.639e+01     
   0.000         173.000            3.438e+00          -1.218e+01             176.600           3.317e+00               1.921           3.639e+01     
   0.000         174.000            3.438e+00          -1.313e+01             175.984           3.341e+00               1.906           3.639e+01     
   0.000         175.000            3.438e+00          -1.420e+01             175.207           3.363e+00               1.890           3.639e+01     
   0.000         176.000            3.438e+00          -1.542e+01             174.196           3.381e+00               1.875           3.639e+01     
   0.000         177.000            3.438e+00          -1.683e+01             172.826           3.397e+00               1.860           3.639e+01     
   0.000         178.000            3.438e+00          -1.852e+01             170.867           3.410e+00               1.845           3.639e+01     
   0.000         179.000            3.438e+00          -2.060e+01             167.844           3.421e+00               1.829           3.639e+01     
   0.000         180.000            3.438e+00          -2.329e+01             162.603           3.429e+00               1.814           3.639e+01     
   0.000         181.000            3.438e+00          -2.697e+01             151.640           3.434e+00               1.799           3.639e+01     
   0.000         182.000            3.438e+00          -3.173e+01             121.474           3.437e+00               1.784           3.639e+01     
   0.000         183.000            3.438e+00          -3.169e+01              61.594           3.437e+00               1.769           3.639e+01     
   0.000         184.000            3.438e+00          -2.693e+01              31.750           3.434e+00               1.753           3.639e+01     
   0.000         185.000            3.438e+00          -2.326e+01              20.880           3.429e+00               1.738           3.639e+01     
   0.000         186.000            3.438e+00          -2.058e+01              15.671           3.421e+00               1.723           3.639e+01     
   0.000         187.000            3.438e+00          -1.850e+01              12.662           3.410e+00               1.708           3.639e+01     
   0.000         188.000            3.438e+00          -1.682e+01              10.711           3.397e+00               1.693           3.639e+01     
   0.000         189.000            3.438e+00          -1.540e+01               9.346           3.381e+00               1.677           3.639e+01     
   0.000         190.000            3.438e+00          -1.419e+01               8.337           3.362e+00               1.662           3.639e+01     
   0.000         191.000            3.438e+00          -1.312e+01               7.562           3.341e+00               1.646           3.639e+01     
   0.000         192.000            3.438e+00          -1.217e+01               6.947           3.317e+00               1.631           3.639e+01     
   0.000         193.000            3.438e+00          -1.132e+01               6.448           3.290e+00               1.615           3.639e+01     
   0.000         194.000            3.438e+00          -1.054e+01               6.034           3.261e+00               1.600           3.639e+01     
   0.000         195.000            3.438e+00          -9.833e+00               5.685           3.229e+00               1.584           3.639e+01     
   0.000         196.000            3.438e+00          -9.179e+00               5.386           3.194e+00               1.568           3.639e+01     
   0.000         197.000            3.438e+00          -8.573e+00               5.128           3.156e+00               1.552           3.639e+01     
   0.000         198.000            3.438e+00          -8.009e+00               4.903           3.115e+00               1.535           3.639e+01     
   0.000         199.000            3.438e+00          -7.482e+00               4.704           3.072e+00               1.519           3.639e+01     
   0.000         200.000            3.438e+00          -6.988e+00               4.527           3.025e+00               1.502           3.639e+01     
   0.000         201.000            3.438e+00          -6.522e+00               4.368           2.976e+00               1.486           3.639e+01     
   0.000         202.000            3.438e+00          -6.083e+00               4.226           2.924e+00               1.469           3.639e+01     
   0.000         203.000            3.438e+00          -5.667e+00               4.096           2.869e+00               1.452           3.639e+01     
   0.000         204.000            3.438e+00          -5.273e+00               3.979           2.811e+00               1.434           3.639e+01     
   0.000         205.000            3.438e+00          -4.898e+00               3.871           2.749e+00               1.417           3.639e+01     
   0.000         206.000            3.438e+00          -4.542e+00               3.772           2.685e+00               1.399           3.639e+01     
   0.000         207.000            3.438e+00          -4.202e+00               3.680           2.617e+00               1.381           3.639e+01     
   0.000         208.000            3.438e+00          -3.877e+00               3.595           2.547e+00               1.362           3.639e+01     
   0.000         209.000            3.438e+00          -3.567e+00               3.517           2.473e+00               1.343           3.639e+01     
   0.000         210.000            3.438e+00          -3.270e+00               3.443           2.396e+00               1.324           3.639e+01     
   0.000         211.000            3.438e+00          -2.985e+00               3.374           2.315e+00               1.305           3.639e+01     
   0.000         212.000            3.438e+00          -2.712e+00               3.310           2.231e+00               1.285           3.639e+01     
   0.000         213.000            3.438e+00          -2.449e+00               3.249           2.143e+00               1.265           3.639e+01     
   0.000         214.000            3.438e+00          -2.197e+00               3.192           2.052e+00               1.244           3.639e+01     
   0.000         215.000            3.438e+00          -1.955e+00               3.138           1.958e+00               1.223           3.639e+01     
   0.000         216.000            3.438e+00          -1.722e+00               3.087           1.859e+00               1.202           3.639e+01     
   0.000         217.000            3.438e+00          -1.497e+00               3.039           1.757e+00               1.180           3.639e+01     
   0.000         218.000            3.438e+00          -1.281e+00               2.993           1.651e+00               1.157           3.639e+01     
   0.000         219.000            3.438e+00          -1.072e+00               2.949           1.541e+00               1.134           3.639e+01     
   0.000         220.000            3.438e+00          -8.712e-01               2.907           1.427e+00               1.110           3.639e+01     
   0.000         221.000            3.438e+00          -6.773e-01               2.867           1.308e+00               1.086           3.639e+01     
   0.000         222.000            3.438e+00          -4.903e-01               2.829           1.185e+00               1.061           3.639e+01     
   0.000         223.000            3.438e+00          -3.097e-01               2.792           1.058e+00               1.035           3.639e+01     
   0.000         224.000            3.438e+00          -1.354e-01               2.757           9.264e-01               1.008           3.639e+01     
   0.000         225.000            3.438e+00           3.282e-02               2.723           7.899e-01               0.981           3.639e+01     
   0.000         226.000            3.438e+00           1.953e-01               2.691           6.486e-01               0.952           3.639e+01     
   0.000         227.000            3.438e+00           3.522e-01               2.659           5.022e-01               0.923           3.639e+01     
   0.000         228.000            3.438e+00           5.037e-01               2.629           3.507e-01               0.893           3.639e+01     
   0.000         229.000            3.438e+00           6.500e-01               2.600           1.937e-01               0.861           3.639e+01     
   0.000         230.000            3.438e+00           7.913e-01               2.572           3.121e-02               0.829           3.639e+01     
   0.000         231.000            3.438e+00           9.277e-01               2.544          -1.371e-01               0.795           3.639e+01     
   0.000         232.000            3.438e+00           1.059e+00               2.518          -3.115e-01               0.760           3.639e+01     
   0.000         233.000            3.438e+00           1.187e+00               2.492          -4.921e-01               0.723           3.639e+01     
   0.000         234.000            3.438e+00           1.309e+00               2.467          -6.792e-01               0.685           3.639e+01     
   0.000         235.000            3.438e+00           1.428e+00               2.442          -8.732e-01               0.645           3.639e+01     
   0.000         236.000            3.438e+00           1.542e+00               2.419          -1.074e+00               0.603           3.639e+01     
   0.000         237.000            3.438e+00           1.652e+00               2.395          -1.283e+00               0.559           3.639e+01     
   0.000         238.000            3.438e+00           1.758e+00               2.373          -1.499e+00               0.513           3.639e+01     
   0.000         239.000            3.438e+00           1.860e+00               2.351          -1.724e+00               0.465           3.639e+01     
   0.000         240.000            3.438e+00           1.959e+00               2.329          -1.957e+00               0.414           3.639e+01     
   0.000         241.000            3.438e+00           2.053e+00               2.308          -2.200e+00               0.360           3.639e+01     
   0.000         242.000            3.438e+00           2.144e+00               2.288          -2.452e+00               0.303           3.639e+01     
   0.000         243.000            3.438e+00           2.232e+00               2.267          -2.714e+00               0.242           3.639e+01     
   0.000         244.000            3.438e+00           2.316e+00               2.248          -2.988e+00               0.177           3.639e+01     
   0.000         245.000            3.438e+00           2.396e+00               2.228          -3.272e+00               0.109           3.639e+01     
   0.000         246.000            3.438e+00           2.474e+00               2.209          -3.570e+00               0.035           3.639e+01     
   0.000         247.000            3.438e+00           2.548e+00               2.190          -3.880e+00             359.956           3.639e+01     
   0.000         248.000            3.438e+00           2.618e+00               2.172          -4.205e+00             359.872           3.639e+01     
   0.000         249.000            3.438e+00           2.686e+00               2.154          -4.545e+00             359.780           3.639e+01     
   0.000         250.000            3.438e+00           2.750e+00               2.136          -4.902e+00             359.681           3.639e+01     
   0.000         251.000            3.438e+00           2.811e+00               2.118          -5.277e+00             359.573           3.639e+01     
   0.000         252.000            3.438e+00           2.869e+00               2.101          -5.671e+00             359.455           3.639e+01     
   0.000         253.000            3.438e+00           2.924e+00               2.084          -6.087e+00             359.326           3.639e+01     
   0.000         254.000            3.438e+00           2.977e+00               2.067          -6.527e+00             359.183           3.639e+01     
   0.000         255.000            3.438e+00           3.026e+00               2.050          -6.992e+00             359.024           3.639e+01     
   0.000         256.000            3.438e+00           3.072e+00               2.033          -7.487e+00             358.847           3.639e+01     
   0.000         257.000            3.438e+00           3.116e+00               2.017          -8.015e+00             358.648           3.639e+01     
   0.000         258.000            3.438e+00           3.156e+00               2.001          -8.579e+00             358.422           3.639e+01     
   0.000         259.000            3.438e+00           3.194e+00               1.985          -9.185e+00             358.164           3.639e+01     
   0.000         260.000            3.438e+00           3.229e+00               1.969          -9.839e+00             357.865           3.639e+01     
   0.000         261.000            3.438e+00           3.261e+00               1.953          -1.055e+01             357.515           3.639e+01     
   0.000         262.000            3.438e+00           3.291e+00               1.937          -1.133e+01             357.100           3.639e+01     
   0.000         263.000            3.438e+00           3.317e+00               1.921          -1.218e+01             356.600           3.639e+01     
   0.000         264.000            3.438e+00           3.341e+00               1.906          -1.313e+01             355.984           3.639e+01     
   0.000         265.000            3.438e+00           3.363e+00               1.890          -1.420e+01             355.207           3.639e+01     
   0.000         266.000            3.438e+00           3.381e+00               1.875          -1.542e+01             354.196           3.639e+01     
   0.000         267.000            3.438e+00           3.397e+00               1.860          -1.683e+01             352.826           3.639e+01     
   0.000         268.000            3.438e+00           3.410e+00               1.845          -1.852e+01             350.867           3.639e+01     
   0.000         269.000            3.438e+00           3.421e+00               1.829          -2.060e+01             347.844           3.639e+01     
   0.000         270.000            3.438e+00           3.429e+00               1.814          -2.329e+01             342.603           3.639e+01     
   0.000         271.000            3.438e+00           3.434e+00               1.799          -2.697e+01             331.640           3.639e+01     
   0.000         272.000            3.438e+00           3.437e+00               1.784          -3.173e+01             301.474           3.639e+01     
   0.000         273.000            3.438e+00           3.437e+00               1.769          -3.169e+01             241.594           3.639e+01     
   0.000         274.000            3.438e+00           3.434e+00               1.753          -2.693e+01             211.750           3.639e+01     
   0.000         275.000            3.438e+00           3.429e+00               1.738          -2.326e+01             200.880           3.639e+01     
   0.000         276.000            3.438e+00           3.421e+00               1.723          -2.058e+01             195.671           3.639e+01     
   0.000         277.000            3.438e+00           3.410e+00               1.708          -1.850e+01             192.662           3.639e+01     
   0.000         278.000            3.438e+00           3.397e+00               1.693          -1.682e+01             190.711           3.639e+01     
   0.000         279.000            3.438e+00           3.381e+00               1.677          -1.540e+01             189.346           3.639e+01     
   0.000         280.000            3.438e+00           3.362e+00               1.662          -1.419e+01             188.337           3.639e+01     
   0.000         281.000            3.438e+00           3.341e+00               1.646          -1.312e+01             187.562           3.639e+01     
   0.000         282.000            3.438e+00           3.317e+00               1.631          -1.217e+01             186.947           3.639e+01     
   0.000         283.000            3.438e+00           3.290e+00               1.615          -1.132e+01             186.448           3.639e+01     
   0.000         284.000            3.438e+00           3.261e+00               1.600          -1.054e+01             186.034           3.639e+01     
   0.000         285.000            3.438e+00           3.229e+00               1.584          -9.833e+00             185.685           3.639e+01     
   0.000         286.000            3.438e+00           3.194e+00               1.568          -9.179e+00             185.386           3.639e+01     
   0.000         287.000            3.438e+00           3.156e+00               1.552          -8.573e+00             185.128           3.639e+01     
   0.000         288.000            3.438e+00           3.115e+00               1.535          -8.009e+00             184.903           3.639e+01     
   0.000         289.000            3.438e+00           3.072e+00               1.519          -7.482e+00             184.704           3.639e+01     
   0.000         290.000            3.438e+00           3.025e+00               1.502          -6.988e+00             184.527           3.639e+01     
   0.000         291.000            3.438e+00           2.976e+00               1.486          -6.522e+00             184.368           3.639e+01     
   0.000         292.000            3.438e+00           2.924e+00               1.469          -6.083e+00             184.226           3.639e+01     
   0.000         293.000            3.438e+00           2.869e+00               1.452          -5.667e+00             184.096           3.639e+01     
   0.000         294.000            3.438e+00           2.811e+00               1.434          -5.273e+00             183.979           3.639e+01     
   0.000         295.000            3.438e+00           2.749e+00               1.417          -4.898e+00             183.871           3.639e+01     
   0.000         296.000            3.438e+00           2.685e+00               1.399          -4.542e+00             183.772           3.639e+01     
   0.000         297.000            3.438e+00           2.617e+00               1.381          -4.202e+00             183.680           3.639e+01     
   0.000         298.000            3.438e+00           2.547e+00               1.362          -3.877e+00             183.595           3.639e+01     
   0.000         299.000            3.438e+00           2.473e+00               1.343          -3.567e+00             183.517           3.639e+01     
   0.000         300.000            3.438e+00           2.396e+00               1.324          -3.270e+00             183.443           3.639e+01     
   0.000         301.000            3.438e+00           2.315e+00               1.305          -2.985e+00             183.374           3.639e+01     
   0.000         302.000            3.438e+00           2.231e+00               1.285          -2.712e+00             183.310           3.639e+01     
   0.000         303.000            3.438e+00           2.143e+00               1.265          -2.449e+00             183.249           3.639e+01     
   0.000         304.000            3.438e+00           2.052e+00               1.244          -2.197e+00             183.192           3.639e+01     
   0.000         305.000            3.438e+00           1.958e+00               1.223          -1.955e+00             183.138           3.639e+01     
   0.000         306.000            3.438e+00           1.859e+00               1.202          -1.722e+00             183.087           3.639e+01     
   0.000         307.000            3.438e+00           1.757e+00               1.180          -1.497e+00             183.039           3.639e+01     
   0.000         308.000            3.438e+00           1.651e+00               1.157          -1.281e+00             182.993           3.639e+01     
   0.000         309.000            3.438e+00           1.541e+00               1.134          -1.072e+00             182.949           3.639e+01     
   0.000         310.000            3.438e+00           1.427e+00               1.110          -8.712e-01             182.907           3.639e+01     
   0.000         311.000            3.438e+00           1.308e+00               1.086          -6.773e-01             182.867           3.639e+01     
   0.000         312.000            3.438e+00           1.185e+00               1.061          -4.903e-01             182.829           3.639e+01     
   0.000         313.000            3.438e+00           1.058e+00               1.035          -3.097e-01             182.792           3.639e+01     
   0.000         314.000            3.438e+00           9.264e-01               1.008          -1.354e-01             182.757           3.639e+01     
   0.000         315.000            3.438e+00           7.899e-01               0.981           3.282e-02             182.723           3.639e+01     
   0.000         316.000            3.438e+00           6.486e-01               0.952           1.953e-01             182.691           3.639e+01     
   0.000         317.000            3.438e+00           5.022e-01               0.923           3.522e-01             182.659           3.639e+01     
   0.000         318.000            3.438e+00           3.507e-01               0.893           5.037e-01             182.629           3.639e+01     
   0.000         319.000            3.438e+00           1.937e-01               0.861           6.500e-01             182.600           3.639e+01     
   0.000         320.000            3.438e+00           3.121e-02               0.829           7.913e-01             182.572           3.639e+01     
   0.000         321.000            3.438e+00          -1.371e-01               0.795           9.277e-01             182.544           3.639e+01     
   0.000         322.000            3.438e+00          -3.115e-01               0.760           1.059e+00             182.518           3.639e+01     
   0.000         323.000            3.438e+00          -4.921e-01               0.723           1.187e+00             182.492           3.639e+01     
   0.000         324.000            3.438e+00          -6.792e-01               0.685           1.309e+00             182.467           3.639e+01     
   0.000         325.000            3.438e+00          -8.732e-01               0.645           1.428e+00             182.442           3.639e+01     
   0.000         326.000            3.438e+00          -1.074e+00               0.603           1.542e+00             182.419           3.639e+01     
   0.000         327.000            3.438e+00          -1.283e+00               0.559           1.652e+00             182.395           3.639e+01     
   0.000         328.000            3.438e+00          -1.499e+00               0.513           1.758e+00             182.373           3.639e+01     
   0.000         329.000            3.438e+00          -1.724e+00               0.465           1.860e+00             182.351           3.639e+01     
   0.000         330.000            3.438e+00          -1.957e+00               0.414           1.959e+00             182.329           3.639e+01     
   0.000         331.000            3.438e+00          -2.200e+00               0.360           2.053e+00             182.308           3.639e+01     
   0.000         332.000            3.438e+00          -2.452e+00               0.303           2.144e+00             182.288           3.639e+01     
   0.000         333.000            3.438e+00          -2.714e+00               0.242           2.232e+00             182.267           3.639e+01     
   0.000         334.000            3.438e+00          -2.988e+00               0.177           2.316e+00             182.248           3.639e+01     
   0.000         335.000            3.438e+00          -3.272e+00               0.109           2.396e+00             182.228           3.639e+01     
   0.000         336.000            3.438e+00          -3.570e+00               0.035           2.474e+00             182.209           3.639e+01     
   0.000         337.000            3.438e+00          -3.880e+00             359.956           2.548e+00             182.190           3.639e+01     
   0.000         338.000            3.438e+00          -4.205e+00             359.872           2.618e+00             182.172           3.639e+01     
   0.000         339.000            3.438e+00          -4.545e+00             359.780           2.686e+00             182.154           3.639e+01     
   0.000         340.000            3.438e+00          -4.902e+00             359.681           2.750e+00             182.136           3.639e+01     
   0.000         341.000            3.438e+00          -5.277e+00             359.573           2.811e+00             182.118           3.639e+01     
   0.000         342.000            3.438e+00          -5.671e+00             359.455           2.869e+00             182.101           3.639e+01     
   0.000         343.000            3.438e+00          -6.087e+00             359.326           2.924e+00             182.084           3.639e+01     
   0.000         344.000            3.438e+00          -6.527e+00             359.183           2.977e+00             182.067           3.639e+01     
   0.000         345.000            3.438e+00          -6.992e+00             359.024           3.026e+00             182.050           3.639e+01     
   0.000         346.000            3.438e+00          -7.487e+00             358.847           3.072e+00             182.033           3.639e+01     
   0.000         347.000            3.438e+00          -8.015e+00             358.648           3.116e+00             182.017           3.639e+01     
   0.000         348.000            3.438e+00          -8.579e+00             358.422           3.156e+00             182.001           3.639e+01     
   0.000         349.000            3.438e+00          -9.185e+00             358.164           3.194e+00             181.985           3.639e+01     
   0.000         350.000            3.438e+00          -9.839e+00             357.865           3.229e+00             181.969           3.639e+01     
   0.000         351.000            3.438e+00          -1.055e+01             357.515           3.261e+00             181.953           3.639e+01     
   0.000         352.000            3.438e+00          -1.133e+01             357.100           3.291e+00             181.937           3.639e+01     
   0.000         353.000            3.438e+00          -1.218e+01             356.600           3.317e+00             181.921           3.639e+01     
   0.000         354.000            3.438e+00          -1.313e+01             355.984           3.341e+00             181.906           3.639e+01     
   0.000         355.000            3.438e+00          -1.420e+01             355.207           3.363e+00             181.890           3.639e+01     
   0.000         356.000            3.438e+00          -1.542e+01             354.196           3.381e+00             181.875           3.639e+01     
   0.000         357.000            3.438e+00          -1.683e+01             352.826           3.397e+00             181.860           3.639e+01     
   0.000         358.000            3.438e+00          -1.852e+01             350.867           3.410e+00             181.845           3.639e+01     
   0.000         359.000            3.438e+00          -2.060e+01             347.844           3.421e+00             181.829           3.639e+01     
