Theta [deg.]  Phi   [deg.]  Abs(Dir.)[dBi   ]   Abs(Theta)[dBi   ]  Phase(Theta)[deg.]  Abs(Phi  )[dBi   ]  Phase(Phi  )[deg.]  Ax.Ratio[dB    ]    
------------------------------------------------------------------------------------------------------------------------------------------------------
  90.000           0.000           -4.406e+00          -1.520e+01              41.694          -4.784e+00             246.008           1.877e+01     
  90.000           1.000           -4.346e+00          -1.521e+01              42.344          -4.717e+00             246.333           1.894e+01     
  90.000           2.000           -4.286e+00          -1.522e+01              43.003          -4.651e+00             246.652           1.913e+01     
  90.000           3.000           -4.227e+00          -1.523e+01              43.671          -4.586e+00             246.965           1.932e+01     
  90.000           4.000           -4.169e+00          -1.525e+01              44.347          -4.521e+00             247.272           1.952e+01     
  90.000           5.000           -4.112e+00          -1.527e+01              45.032          -4.458e+00             247.571           1.974e+01     
  90.000           6.000           -4.056e+00          -1.529e+01              45.726          -4.396e+00             247.864           1.996e+01     
  90.000           7.000           -4.002e+00          -1.532e+01              46.429          -4.335e+00             248.149           2.020e+01     
  90.000           8.000           -3.950e+00          -1.535e+01              47.141          -4.276e+00             248.427           2.045e+01     
  90.000           9.000           -3.899e+00          -1.538e+01              47.862          -4.219e+00             248.698           2.071e+01     
  90.000          10.000           -3.850e+00          -1.542e+01              48.592          -4.164e+00             248.961           2.098e+01     
  90.000          11.000           -3.803e+00          -1.546e+01              49.331          -4.111e+00             249.217           2.126e+01     
  90.000          12.000           -3.759e+00          -1.550e+01              50.081          -4.060e+00             249.466           2.156e+01     
  90.000          13.000           -3.716e+00          -1.555e+01              50.839          -4.011e+00             249.707           2.187e+01     
  90.000          14.000           -3.676e+00          -1.560e+01              51.608          -3.965e+00             249.942           2.220e+01     
  90.000          15.000           -3.639e+00          -1.565e+01              52.386          -3.922e+00             250.170           2.254e+01     
  90.000          16.000           -3.605e+00          -1.570e+01              53.173          -3.881e+00             250.391           2.290e+01     
  90.000          17.000           -3.573e+00          -1.576e+01              53.971          -3.844e+00             250.606           2.328e+01     
  90.000          18.000           -3.545e+00          -1.582e+01              54.779          -3.810e+00             250.815           2.368e+01     
  90.000          19.000           -3.520e+00          -1.589e+01              55.596          -3.779e+00             251.018           2.410e+01     
  90.000          20.000           -3.498e+00          -1.596e+01              56.424          -3.751e+00             251.216           2.454e+01     
  90.000          21.000           -3.479e+00          -1.603e+01              57.262          -3.728e+00             251.408           2.501e+01     
  90.000          22.000           -3.464e+00          -1.610e+01              58.110          -3.708e+00             251.595           2.550e+01     
  90.000          23.000           -3.453e+00          -1.618e+01              58.968          -3.691e+00             251.778           2.603e+01     
  90.000          24.000           -3.446e+00          -1.626e+01              59.837          -3.679e+00             251.956           2.659e+01     
  90.000          25.000           -3.443e+00          -1.635e+01              60.716          -3.671e+00             252.131           2.719e+01     
  90.000          26.000           -3.444e+00          -1.643e+01              61.605          -3.668e+00             252.301           2.783e+01     
  90.000          27.000           -3.449e+00          -1.652e+01              62.505          -3.669e+00             252.469           2.852e+01     
  90.000          28.000           -3.459e+00          -1.661e+01              63.415          -3.674e+00             252.633           2.927e+01     
  90.000          29.000           -3.473e+00          -1.671e+01              64.336          -3.684e+00             252.795           3.009e+01     
  90.000          30.000           -3.492e+00          -1.680e+01              65.268          -3.699e+00             252.954           3.099e+01     
  90.000          31.000           -3.515e+00          -1.690e+01              66.210          -3.719e+00             253.111           3.199e+01     
  90.000          32.000           -3.544e+00          -1.701e+01              67.163          -3.744e+00             253.267           3.313e+01     
  90.000          33.000           -3.577e+00          -1.711e+01              68.126          -3.774e+00             253.421           3.443e+01     
  90.000          34.000           -3.616e+00          -1.722e+01              69.100          -3.810e+00             253.573           3.595e+01     
  90.000          35.000           -3.660e+00          -1.733e+01              70.085          -3.851e+00             253.725           3.780e+01     
  90.000          36.000           -3.710e+00          -1.744e+01              71.080          -3.898e+00             253.876           4.000e+01     
  90.000          37.000           -3.765e+00          -1.756e+01              72.086          -3.951e+00             254.026           4.000e+01     
  90.000          38.000           -3.826e+00          -1.767e+01              73.103          -4.009e+00             254.176           4.000e+01     
  90.000          39.000           -3.893e+00          -1.779e+01              74.130          -4.074e+00             254.326           4.000e+01     
  90.000          40.000           -3.967e+00          -1.791e+01              75.167          -4.145e+00             254.476           4.000e+01     
  90.000          41.000           -4.046e+00          -1.803e+01              76.215          -4.223e+00             254.626           4.000e+01     
  90.000          42.000           -4.132e+00          -1.816e+01              77.273          -4.307e+00             254.776           4.000e+01     
  90.000          43.000           -4.225e+00          -1.828e+01              78.342          -4.399e+00             254.927           3.873e+01     
  90.000          44.000           -4.324e+00          -1.841e+01              79.421          -4.497e+00             255.078           3.667e+01     
  90.000          45.000           -4.431e+00          -1.854e+01              80.511          -4.603e+00             255.229           3.499e+01     
  90.000          46.000           -4.545e+00          -1.867e+01              81.610          -4.717e+00             255.381           3.358e+01     
  90.000          47.000           -4.667e+00          -1.880e+01              82.718          -4.838e+00             255.533           3.235e+01     
  90.000          48.000           -4.796e+00          -1.893e+01              83.836          -4.967e+00             255.685           3.127e+01     
  90.000          49.000           -4.934e+00          -1.906e+01              84.962          -5.105e+00             255.838           3.029e+01     
  90.000          50.000           -5.080e+00          -1.920e+01              86.098          -5.252e+00             255.990           2.939e+01     
  90.000          51.000           -5.235e+00          -1.933e+01              87.242          -5.408e+00             256.142           2.857e+01     
  90.000          52.000           -5.399e+00          -1.947e+01              88.394          -5.573e+00             256.294           2.780e+01     
  90.000          53.000           -5.573e+00          -1.960e+01              89.554          -5.748e+00             256.444           2.707e+01     
  90.000          54.000           -5.757e+00          -1.974e+01              90.721          -5.934e+00             256.593           2.639e+01     
  90.000          55.000           -5.951e+00          -1.987e+01              91.895          -6.131e+00             256.740           2.573e+01     
  90.000          56.000           -6.156e+00          -2.001e+01              93.075          -6.339e+00             256.884           2.510e+01     
  90.000          57.000           -6.373e+00          -2.014e+01              94.261          -6.559e+00             257.025           2.449e+01     
  90.000          58.000           -6.602e+00          -2.027e+01              95.451          -6.793e+00             257.161           2.389e+01     
  90.000          59.000           -6.844e+00          -2.041e+01              96.646          -7.040e+00             257.291           2.331e+01     
  90.000          60.000           -7.100e+00          -2.054e+01              97.843          -7.301e+00             257.414           2.273e+01     
  90.000          61.000           -7.370e+00          -2.067e+01              99.043          -7.578e+00             257.529           2.217e+01     
  90.000          62.000           -7.655e+00          -2.080e+01             100.245          -7.872e+00             257.634           2.160e+01     
  90.000          63.000           -7.958e+00          -2.092e+01             101.446          -8.183e+00             257.725           2.103e+01     
  90.000          64.000           -8.278e+00          -2.105e+01             102.647          -8.514e+00             257.801           2.046e+01     
  90.000          65.000           -8.617e+00          -2.117e+01             103.846          -8.865e+00             257.858           1.988e+01     
  90.000          66.000           -8.977e+00          -2.129e+01             105.041          -9.240e+00             257.893           1.929e+01     
  90.000          67.000           -9.359e+00          -2.141e+01             106.232          -9.639e+00             257.900           1.868e+01     
  90.000          68.000           -9.766e+00          -2.152e+01             107.416          -1.007e+01             257.873           1.806e+01     
  90.000          69.000           -1.020e+01          -2.163e+01             108.593          -1.052e+01             257.805           1.742e+01     
  90.000          70.000           -1.066e+01          -2.174e+01             109.761          -1.102e+01             257.686           1.675e+01     
  90.000          71.000           -1.116e+01          -2.185e+01             110.918          -1.155e+01             257.504           1.604e+01     
  90.000          72.000           -1.169e+01          -2.195e+01             112.062          -1.212e+01             257.243           1.530e+01     
  90.000          73.000           -1.226e+01          -2.204e+01             113.192          -1.274e+01             256.882           1.452e+01     
  90.000          74.000           -1.287e+01          -2.214e+01             114.306          -1.342e+01             256.394           1.368e+01     
  90.000          75.000           -1.354e+01          -2.223e+01             115.403          -1.417e+01             255.738           1.277e+01     
  90.000          76.000           -1.426e+01          -2.231e+01             116.480          -1.499e+01             254.860           1.179e+01     
  90.000          77.000           -1.503e+01          -2.239e+01             117.535          -1.591e+01             253.680           1.072e+01     
  90.000          78.000           -1.587e+01          -2.247e+01             118.567          -1.695e+01             252.075           9.542e+00     
  90.000          79.000           -1.678e+01          -2.254e+01             119.574          -1.812e+01             249.854           8.233e+00     
  90.000          80.000           -1.775e+01          -2.260e+01             120.555          -1.947e+01             246.699           6.774e+00     
  90.000          81.000           -1.876e+01          -2.266e+01             121.507          -2.102e+01             242.059           5.164e+00     
  90.000          82.000           -1.976e+01          -2.272e+01             122.429          -2.282e+01             234.930           3.504e+00     
  90.000          83.000           -2.066e+01          -2.277e+01             123.319          -2.480e+01             223.494           2.563e+00     
  90.000          84.000           -2.130e+01          -2.281e+01             124.176          -2.661e+01             205.146           4.051e+00     
  90.000          85.000           -2.152e+01          -2.285e+01             124.998          -2.730e+01             179.872           7.406e+00     
  90.000          86.000           -2.124e+01          -2.289e+01             125.785          -2.623e+01             155.514           1.224e+01     
  90.000          87.000           -2.052e+01          -2.292e+01             126.534          -2.425e+01             138.629           1.960e+01     
  90.000          88.000           -1.954e+01          -2.294e+01             127.246          -2.220e+01             128.203           4.000e+01     
  90.000          89.000           -1.846e+01          -2.296e+01             127.918          -2.036e+01             121.687           2.567e+01     
  90.000          90.000           -1.736e+01          -2.297e+01             128.550          -1.876e+01             117.440           2.124e+01     
  90.000          91.000           -1.631e+01          -2.298e+01             129.142          -1.736e+01             114.565           1.961e+01     
  90.000          92.000           -1.531e+01          -2.298e+01             129.693          -1.613e+01             112.566           1.899e+01     
  90.000          93.000           -1.438e+01          -2.297e+01             130.203          -1.503e+01             111.153           1.885e+01     
  90.000          94.000           -1.351e+01          -2.296e+01             130.672          -1.404e+01             110.152           1.897e+01     
  90.000          95.000           -1.271e+01          -2.295e+01             131.099          -1.314e+01             109.450           1.923e+01     
  90.000          96.000           -1.195e+01          -2.292e+01             131.485          -1.231e+01             108.971           1.958e+01     
  90.000          97.000           -1.125e+01          -2.290e+01             131.830          -1.155e+01             108.663           1.998e+01     
  90.000          98.000           -1.059e+01          -2.287e+01             132.134          -1.085e+01             108.491           2.040e+01     
  90.000          99.000           -9.963e+00          -2.283e+01             132.398          -1.019e+01             108.426           2.085e+01     
  90.000         100.000           -9.376e+00          -2.279e+01             132.622          -9.579e+00             108.450           2.130e+01     
  90.000         101.000           -8.821e+00          -2.274e+01             132.809          -9.000e+00             108.546           2.176e+01     
  90.000         102.000           -8.294e+00          -2.269e+01             132.957          -8.455e+00             108.703           2.223e+01     
  90.000         103.000           -7.794e+00          -2.263e+01             133.069          -7.939e+00             108.912           2.269e+01     
  90.000         104.000           -7.317e+00          -2.256e+01             133.146          -7.449e+00             109.164           2.316e+01     
  90.000         105.000           -6.862e+00          -2.250e+01             133.188          -6.982e+00             109.455           2.362e+01     
  90.000         106.000           -6.427e+00          -2.242e+01             133.198          -6.538e+00             109.778           2.409e+01     
  90.000         107.000           -6.011e+00          -2.235e+01             133.176          -6.113e+00             110.130           2.456e+01     
  90.000         108.000           -5.611e+00          -2.227e+01             133.124          -5.706e+00             110.508           2.502e+01     
  90.000         109.000           -5.227e+00          -2.218e+01             133.043          -5.316e+00             110.908           2.550e+01     
  90.000         110.000           -4.858e+00          -2.209e+01             132.934          -4.941e+00             111.328           2.597e+01     
  90.000         111.000           -4.502e+00          -2.200e+01             132.800          -4.580e+00             111.766           2.645e+01     
  90.000         112.000           -4.159e+00          -2.190e+01             132.642          -4.233e+00             112.220           2.694e+01     
  90.000         113.000           -3.828e+00          -2.180e+01             132.460          -3.898e+00             112.689           2.744e+01     
  90.000         114.000           -3.509e+00          -2.170e+01             132.257          -3.575e+00             113.170           2.795e+01     
  90.000         115.000           -3.200e+00          -2.159e+01             132.034          -3.263e+00             113.662           2.847e+01     
  90.000         116.000           -2.901e+00          -2.148e+01             131.792          -2.961e+00             114.166           2.900e+01     
  90.000         117.000           -2.611e+00          -2.136e+01             131.532          -2.669e+00             114.678           2.956e+01     
  90.000         118.000           -2.331e+00          -2.125e+01             131.256          -2.387e+00             115.199           3.013e+01     
  90.000         119.000           -2.058e+00          -2.113e+01             130.965          -2.113e+00             115.728           3.072e+01     
  90.000         120.000           -1.795e+00          -2.101e+01             130.660          -1.847e+00             116.263           3.135e+01     
  90.000         121.000           -1.539e+00          -2.089e+01             130.342          -1.589e+00             116.805           3.201e+01     
  90.000         122.000           -1.290e+00          -2.076e+01             130.013          -1.339e+00             117.352           3.270e+01     
  90.000         123.000           -1.049e+00          -2.064e+01             129.672          -1.097e+00             117.904           3.344e+01     
  90.000         124.000           -8.140e-01          -2.051e+01             129.321          -8.609e-01             118.460           3.423e+01     
  90.000         125.000           -5.861e-01          -2.038e+01             128.961          -6.319e-01             119.020           3.509e+01     
  90.000         126.000           -3.646e-01          -2.025e+01             128.592          -4.094e-01             119.583           3.603e+01     
  90.000         127.000           -1.493e-01          -2.012e+01             128.216          -1.932e-01             120.149           3.707e+01     
  90.000         128.000            6.004e-02          -1.999e+01             127.832           1.688e-02             120.717           3.823e+01     
  90.000         129.000            2.636e-01          -1.986e+01             127.441           2.211e-01             121.287           3.956e+01     
  90.000         130.000            4.614e-01          -1.973e+01             127.043           4.196e-01             121.858           4.000e+01     
  90.000         131.000            6.538e-01          -1.960e+01             126.640           6.126e-01             122.431           4.000e+01     
  90.000         132.000            8.408e-01          -1.946e+01             126.231           8.001e-01             123.004           4.000e+01     
  90.000         133.000            1.023e+00          -1.933e+01             125.817           9.824e-01             123.578           4.000e+01     
  90.000         134.000            1.199e+00          -1.920e+01             125.397           1.160e+00             124.151           4.000e+01     
  90.000         135.000            1.371e+00          -1.907e+01             124.973           1.332e+00             124.724           4.000e+01     
  90.000         136.000            1.538e+00          -1.895e+01             124.542           1.499e+00             125.297           4.000e+01     
  90.000         137.000            1.700e+00          -1.882e+01             124.109           1.661e+00             125.869           4.000e+01     
  90.000         138.000            1.857e+00          -1.869e+01             123.671           1.818e+00             126.439           4.000e+01     
  90.000         139.000            2.009e+00          -1.857e+01             123.228           1.971e+00             127.008           4.000e+01     
  90.000         140.000            2.157e+00          -1.844e+01             122.781           2.119e+00             127.576           4.000e+01     
  90.000         141.000            2.301e+00          -1.832e+01             122.330           2.263e+00             128.141           4.000e+01     
  90.000         142.000            2.440e+00          -1.820e+01             121.874           2.402e+00             128.704           3.917e+01     
  90.000         143.000            2.574e+00          -1.808e+01             121.414           2.537e+00             129.265           3.798e+01     
  90.000         144.000            2.705e+00          -1.796e+01             120.949           2.667e+00             129.822           3.694e+01     
  90.000         145.000            2.830e+00          -1.785e+01             120.480           2.793e+00             130.377           3.601e+01     
  90.000         146.000            2.952e+00          -1.774e+01             120.005           2.915e+00             130.929           3.517e+01     
  90.000         147.000            3.069e+00          -1.762e+01             119.527           3.032e+00             131.477           3.441e+01     
  90.000         148.000            3.182e+00          -1.752e+01             119.043           3.145e+00             132.022           3.370e+01     
  90.000         149.000            3.291e+00          -1.741e+01             118.554           3.254e+00             132.563           3.305e+01     
  90.000         150.000            3.396e+00          -1.730e+01             118.060           3.359e+00             133.100           3.245e+01     
  90.000         151.000            3.496e+00          -1.720e+01             117.561           3.459e+00             133.632           3.189e+01     
  90.000         152.000            3.593e+00          -1.710e+01             117.057           3.556e+00             134.161           3.136e+01     
  90.000         153.000            3.685e+00          -1.701e+01             116.547           3.648e+00             134.684           3.086e+01     
  90.000         154.000            3.773e+00          -1.691e+01             116.032           3.736e+00             135.204           3.039e+01     
  90.000         155.000            3.857e+00          -1.682e+01             115.511           3.820e+00             135.718           2.994e+01     
  90.000         156.000            3.937e+00          -1.673e+01             114.984           3.900e+00             136.227           2.951e+01     
  90.000         157.000            4.013e+00          -1.664e+01             114.451           3.976e+00             136.731           2.911e+01     
  90.000         158.000            4.085e+00          -1.656e+01             113.912           4.047e+00             137.230           2.872e+01     
  90.000         159.000            4.153e+00          -1.648e+01             113.367           4.115e+00             137.723           2.835e+01     
  90.000         160.000            4.216e+00          -1.640e+01             112.816           4.178e+00             138.211           2.799e+01     
  90.000         161.000            4.276e+00          -1.632e+01             112.258           4.238e+00             138.692           2.765e+01     
  90.000         162.000            4.331e+00          -1.625e+01             111.694           4.293e+00             139.168           2.733e+01     
  90.000         163.000            4.383e+00          -1.618e+01             111.123           4.344e+00             139.638           2.701e+01     
  90.000         164.000            4.430e+00          -1.612e+01             110.546           4.392e+00             140.102           2.670e+01     
  90.000         165.000            4.473e+00          -1.605e+01             109.961           4.435e+00             140.560           2.641e+01     
  90.000         166.000            4.512e+00          -1.599e+01             109.370           4.474e+00             141.011           2.613e+01     
  90.000         167.000            4.547e+00          -1.593e+01             108.772           4.508e+00             141.456           2.585e+01     
  90.000         168.000            4.578e+00          -1.588e+01             108.166           4.539e+00             141.895           2.558e+01     
  90.000         169.000            4.605e+00          -1.583e+01             107.554           4.566e+00             142.326           2.533e+01     
  90.000         170.000            4.628e+00          -1.578e+01             106.934           4.588e+00             142.751           2.507e+01     
  90.000         171.000            4.646e+00          -1.573e+01             106.307           4.606e+00             143.170           2.483e+01     
  90.000         172.000            4.661e+00          -1.569e+01             105.673           4.621e+00             143.581           2.459e+01     
  90.000         173.000            4.671e+00          -1.565e+01             105.031           4.631e+00             143.985           2.436e+01     
  90.000         174.000            4.677e+00          -1.562e+01             104.381           4.636e+00             144.382           2.414e+01     
  90.000         175.000            4.679e+00          -1.558e+01             103.725           4.638e+00             144.773           2.392e+01     
  90.000         176.000            4.677e+00          -1.555e+01             103.060           4.636e+00             145.156           2.371e+01     
  90.000         177.000            4.670e+00          -1.553e+01             102.388           4.629e+00             145.532           2.350e+01     
  90.000         178.000            4.660e+00          -1.550e+01             101.708           4.618e+00             145.900           2.330e+01     
  90.000         179.000            4.645e+00          -1.548e+01             101.020           4.603e+00             146.261           2.310e+01     
  90.000         180.000            4.626e+00          -1.547e+01             100.325           4.583e+00             146.615           2.291e+01     
  90.000         181.000            4.602e+00          -1.545e+01              99.622           4.559e+00             146.962           2.272e+01     
  90.000         182.000            4.575e+00          -1.544e+01              98.910           4.531e+00             147.301           2.254e+01     
  90.000         183.000            4.543e+00          -1.543e+01              98.191           4.499e+00             147.633           2.236e+01     
  90.000         184.000            4.507e+00          -1.543e+01              97.464           4.462e+00             147.957           2.218e+01     
  90.000         185.000            4.466e+00          -1.543e+01              96.729           4.422e+00             148.274           2.201e+01     
  90.000         186.000            4.421e+00          -1.543e+01              95.985           4.376e+00             148.583           2.184e+01     
  90.000         187.000            4.372e+00          -1.543e+01              95.234           4.327e+00             148.885           2.167e+01     
  90.000         188.000            4.319e+00          -1.544e+01              94.474           4.273e+00             149.180           2.151e+01     
  90.000         189.000            4.261e+00          -1.545e+01              93.707           4.214e+00             149.467           2.135e+01     
  90.000         190.000            4.199e+00          -1.546e+01              92.930           4.152e+00             149.747           2.119e+01     
  90.000         191.000            4.132e+00          -1.548e+01              92.146           4.084e+00             150.019           2.104e+01     
  90.000         192.000            4.061e+00          -1.550e+01              91.353           4.013e+00             150.284           2.089e+01     
  90.000         193.000            3.986e+00          -1.553e+01              90.552           3.937e+00             150.542           2.074e+01     
  90.000         194.000            3.906e+00          -1.555e+01              89.743           3.856e+00             150.793           2.059e+01     
  90.000         195.000            3.821e+00          -1.558e+01              88.924           3.771e+00             151.036           2.045e+01     
  90.000         196.000            3.733e+00          -1.561e+01              88.098           3.682e+00             151.273           2.030e+01     
  90.000         197.000            3.639e+00          -1.565e+01              87.263           3.588e+00             151.502           2.017e+01     
  90.000         198.000            3.541e+00          -1.569e+01              86.419           3.489e+00             151.725           2.003e+01     
  90.000         199.000            3.439e+00          -1.573e+01              85.566           3.386e+00             151.941           1.989e+01     
  90.000         200.000            3.332e+00          -1.577e+01              84.705           3.279e+00             152.150           1.976e+01     
  90.000         201.000            3.221e+00          -1.582e+01              83.835           3.166e+00             152.353           1.963e+01     
  90.000         202.000            3.105e+00          -1.587e+01              82.956           3.049e+00             152.550           1.950e+01     
  90.000         203.000            2.984e+00          -1.592e+01              82.068           2.928e+00             152.740           1.937e+01     
  90.000         204.000            2.859e+00          -1.598e+01              81.171           2.802e+00             152.925           1.924e+01     
  90.000         205.000            2.729e+00          -1.604e+01              80.265           2.671e+00             153.103           1.911e+01     
  90.000         206.000            2.595e+00          -1.610e+01              79.350           2.536e+00             153.277           1.899e+01     
  90.000         207.000            2.456e+00          -1.616e+01              78.426           2.395e+00             153.445           1.886e+01     
  90.000         208.000            2.312e+00          -1.623e+01              77.493           2.251e+00             153.607           1.874e+01     
  90.000         209.000            2.163e+00          -1.630e+01              76.551           2.101e+00             153.766           1.862e+01     
  90.000         210.000            2.010e+00          -1.637e+01              75.599           1.946e+00             153.919           1.850e+01     
  90.000         211.000            1.852e+00          -1.644e+01              74.638           1.787e+00             154.069           1.838e+01     
  90.000         212.000            1.689e+00          -1.652e+01              73.668           1.623e+00             154.215           1.826e+01     
  90.000         213.000            1.522e+00          -1.660e+01              72.689           1.454e+00             154.358           1.814e+01     
  90.000         214.000            1.349e+00          -1.668e+01              71.701           1.280e+00             154.497           1.803e+01     
  90.000         215.000            1.172e+00          -1.676e+01              70.703           1.101e+00             154.635           1.791e+01     
  90.000         216.000            9.897e-01          -1.684e+01              69.696           9.176e-01             154.770           1.779e+01     
  90.000         217.000            8.027e-01          -1.693e+01              68.680           7.289e-01             154.904           1.768e+01     
  90.000         218.000            6.108e-01          -1.702e+01              67.654           5.352e-01             155.037           1.756e+01     
  90.000         219.000            4.139e-01          -1.711e+01              66.620           3.364e-01             155.170           1.745e+01     
  90.000         220.000            2.121e-01          -1.720e+01              65.577           1.326e-01             155.304           1.734e+01     
  90.000         221.000            5.215e-03          -1.730e+01              64.525          -7.639e-02             155.439           1.722e+01     
  90.000         222.000           -2.066e-01          -1.739e+01              63.464          -2.905e-01             155.575           1.711e+01     
  90.000         223.000           -4.236e-01          -1.749e+01              62.394          -5.098e-01             155.715           1.699e+01     
  90.000         224.000           -6.456e-01          -1.759e+01              61.316          -7.343e-01             155.859           1.688e+01     
  90.000         225.000           -8.726e-01          -1.768e+01              60.229          -9.641e-01             156.008           1.677e+01     
  90.000         226.000           -1.105e+00          -1.778e+01              59.135          -1.199e+00             156.162           1.665e+01     
  90.000         227.000           -1.342e+00          -1.789e+01              58.033          -1.440e+00             156.324           1.654e+01     
  90.000         228.000           -1.585e+00          -1.799e+01              56.924          -1.685e+00             156.494           1.643e+01     
  90.000         229.000           -1.832e+00          -1.809e+01              55.808          -1.937e+00             156.674           1.632e+01     
  90.000         230.000           -2.085e+00          -1.819e+01              54.686          -2.193e+00             156.866           1.621e+01     
  90.000         231.000           -2.344e+00          -1.829e+01              53.558          -2.455e+00             157.071           1.610e+01     
  90.000         232.000           -2.607e+00          -1.840e+01              52.424          -2.723e+00             157.290           1.599e+01     
  90.000         233.000           -2.876e+00          -1.850e+01              51.285          -2.996e+00             157.526           1.588e+01     
  90.000         234.000           -3.149e+00          -1.860e+01              50.142          -3.275e+00             157.781           1.577e+01     
  90.000         235.000           -3.428e+00          -1.870e+01              48.995          -3.559e+00             158.058           1.566e+01     
  90.000         236.000           -3.713e+00          -1.881e+01              47.845          -3.849e+00             158.358           1.556e+01     
  90.000         237.000           -4.002e+00          -1.891e+01              46.693          -4.144e+00             158.684           1.546e+01     
  90.000         238.000           -4.296e+00          -1.901e+01              45.540          -4.445e+00             159.040           1.536e+01     
  90.000         239.000           -4.595e+00          -1.911e+01              44.386          -4.752e+00             159.428           1.527e+01     
  90.000         240.000           -4.900e+00          -1.920e+01              43.233          -5.064e+00             159.852           1.518e+01     
  90.000         241.000           -5.209e+00          -1.930e+01              42.081          -5.381e+00             160.316           1.510e+01     
  90.000         242.000           -5.522e+00          -1.940e+01              40.932          -5.704e+00             160.823           1.503e+01     
  90.000         243.000           -5.840e+00          -1.949e+01              39.786          -6.031e+00             161.378           1.496e+01     
  90.000         244.000           -6.161e+00          -1.958e+01              38.645          -6.364e+00             161.987           1.491e+01     
  90.000         245.000           -6.487e+00          -1.967e+01              37.511          -6.701e+00             162.653           1.487e+01     
  90.000         246.000           -6.815e+00          -1.976e+01              36.384          -7.042e+00             163.382           1.484e+01     
  90.000         247.000           -7.147e+00          -1.984e+01              35.265          -7.387e+00             164.180           1.483e+01     
  90.000         248.000           -7.480e+00          -1.992e+01              34.157          -7.735e+00             165.053           1.485e+01     
  90.000         249.000           -7.815e+00          -2.000e+01              33.060          -8.086e+00             166.007           1.489e+01     
  90.000         250.000           -8.151e+00          -2.008e+01              31.975          -8.439e+00             167.049           1.497e+01     
  90.000         251.000           -8.486e+00          -2.016e+01              30.905          -8.792e+00             168.186           1.508e+01     
  90.000         252.000           -8.820e+00          -2.023e+01              29.851          -9.146e+00             169.424           1.524e+01     
  90.000         253.000           -9.150e+00          -2.029e+01              28.814          -9.497e+00             170.770           1.545e+01     
  90.000         254.000           -9.477e+00          -2.036e+01              27.796          -9.846e+00             172.230           1.573e+01     
  90.000         255.000           -9.797e+00          -2.042e+01              26.798          -1.019e+01             173.810           1.609e+01     
  90.000         256.000           -1.011e+01          -2.048e+01              25.821          -1.053e+01             175.515           1.654e+01     
  90.000         257.000           -1.041e+01          -2.053e+01              24.867          -1.086e+01             177.347           1.711e+01     
  90.000         258.000           -1.070e+01          -2.058e+01              23.937          -1.117e+01             179.309           1.782e+01     
  90.000         259.000           -1.098e+01          -2.063e+01              23.033          -1.147e+01             181.399           1.870e+01     
  90.000         260.000           -1.123e+01          -2.068e+01              22.156          -1.176e+01             183.614           1.983e+01     
  90.000         261.000           -1.147e+01          -2.072e+01              21.307          -1.202e+01             185.947           2.127e+01     
  90.000         262.000           -1.169e+01          -2.075e+01              20.487          -1.226e+01             188.388           2.317e+01     
  90.000         263.000           -1.188e+01          -2.079e+01              19.698          -1.248e+01             190.922           2.581e+01     
  90.000         264.000           -1.205e+01          -2.081e+01              18.940          -1.267e+01             193.533           2.989e+01     
  90.000         265.000           -1.219e+01          -2.084e+01              18.214          -1.283e+01             196.198           3.836e+01     
  90.000         266.000           -1.230e+01          -2.086e+01              17.521          -1.295e+01             198.895           4.000e+01     
  90.000         267.000           -1.238e+01          -2.088e+01              16.862          -1.304e+01             201.599           3.081e+01     
  90.000         268.000           -1.244e+01          -2.089e+01              16.238          -1.311e+01             204.284           2.618e+01     
  90.000         269.000           -1.246e+01          -2.090e+01              15.649          -1.314e+01             206.924           2.324e+01     
  90.000         270.000           -1.246e+01          -2.091e+01              15.095          -1.313e+01             209.498           2.113e+01     
  90.000         271.000           -1.244e+01          -2.091e+01              14.578          -1.311e+01             211.983           1.952e+01     
  90.000         272.000           -1.239e+01          -2.091e+01              14.096          -1.305e+01             214.363           1.825e+01     
  90.000         273.000           -1.232e+01          -2.090e+01              13.650          -1.297e+01             216.623           1.724e+01     
  90.000         274.000           -1.224e+01          -2.089e+01              13.240          -1.287e+01             218.754           1.641e+01     
  90.000         275.000           -1.213e+01          -2.088e+01              12.867          -1.276e+01             220.748           1.574e+01     
  90.000         276.000           -1.202e+01          -2.086e+01              12.530          -1.263e+01             222.603           1.519e+01     
  90.000         277.000           -1.189e+01          -2.084e+01              12.228          -1.248e+01             224.317           1.475e+01     
  90.000         278.000           -1.175e+01          -2.081e+01              11.962          -1.233e+01             225.894           1.439e+01     
  90.000         279.000           -1.161e+01          -2.078e+01              11.731          -1.217e+01             227.335           1.410e+01     
  90.000         280.000           -1.146e+01          -2.075e+01              11.533          -1.200e+01             228.647           1.388e+01     
  90.000         281.000           -1.130e+01          -2.072e+01              11.370          -1.183e+01             229.835           1.370e+01     
  90.000         282.000           -1.115e+01          -2.068e+01              11.239          -1.166e+01             230.906           1.357e+01     
  90.000         283.000           -1.099e+01          -2.063e+01              11.141          -1.148e+01             231.867           1.347e+01     
  90.000         284.000           -1.083e+01          -2.058e+01              11.074          -1.131e+01             232.725           1.341e+01     
  90.000         285.000           -1.067e+01          -2.053e+01              11.037          -1.114e+01             233.487           1.336e+01     
  90.000         286.000           -1.051e+01          -2.048e+01              11.030          -1.097e+01             234.160           1.334e+01     
  90.000         287.000           -1.035e+01          -2.042e+01              11.051          -1.080e+01             234.751           1.334e+01     
  90.000         288.000           -1.019e+01          -2.036e+01              11.099          -1.063e+01             235.267           1.335e+01     
  90.000         289.000           -1.004e+01          -2.030e+01              11.173          -1.047e+01             235.713           1.338e+01     
  90.000         290.000           -9.886e+00          -2.023e+01              11.273          -1.031e+01             236.096           1.341e+01     
  90.000         291.000           -9.737e+00          -2.016e+01              11.396          -1.015e+01             236.420           1.346e+01     
  90.000         292.000           -9.591e+00          -2.008e+01              11.542          -9.997e+00             236.692           1.351e+01     
  90.000         293.000           -9.449e+00          -2.001e+01              11.710          -9.848e+00             236.916           1.356e+01     
  90.000         294.000           -9.309e+00          -1.993e+01              11.898          -9.703e+00             237.097           1.363e+01     
  90.000         295.000           -9.173e+00          -1.985e+01              12.105          -9.562e+00             237.239           1.369e+01     
  90.000         296.000           -9.040e+00          -1.976e+01              12.330          -9.425e+00             237.346           1.376e+01     
  90.000         297.000           -8.911e+00          -1.968e+01              12.573          -9.291e+00             237.421           1.383e+01     
  90.000         298.000           -8.785e+00          -1.959e+01              12.831          -9.162e+00             237.469           1.390e+01     
  90.000         299.000           -8.662e+00          -1.950e+01              13.105          -9.037e+00             237.492           1.397e+01     
  90.000         300.000           -8.543e+00          -1.940e+01              13.392          -8.915e+00             237.493           1.404e+01     
  90.000         301.000           -8.427e+00          -1.931e+01              13.693          -8.797e+00             237.476           1.412e+01     
  90.000         302.000           -8.315e+00          -1.921e+01              14.005          -8.683e+00             237.443           1.419e+01     
  90.000         303.000           -8.205e+00          -1.911e+01              14.329          -8.573e+00             237.397           1.427e+01     
  90.000         304.000           -8.099e+00          -1.901e+01              14.662          -8.466e+00             237.340           1.435e+01     
  90.000         305.000           -7.996e+00          -1.891e+01              15.006          -8.363e+00             237.273           1.442e+01     
  90.000         306.000           -7.896e+00          -1.881e+01              15.358          -8.263e+00             237.200           1.450e+01     
  90.000         307.000           -7.799e+00          -1.871e+01              15.718          -8.166e+00             237.122           1.457e+01     
  90.000         308.000           -7.705e+00          -1.861e+01              16.086          -8.073e+00             237.042           1.465e+01     
  90.000         309.000           -7.614e+00          -1.850e+01              16.461          -7.983e+00             236.959           1.472e+01     
  90.000         310.000           -7.525e+00          -1.840e+01              16.842          -7.895e+00             236.878           1.479e+01     
  90.000         311.000           -7.439e+00          -1.829e+01              17.230          -7.811e+00             236.798           1.487e+01     
  90.000         312.000           -7.355e+00          -1.819e+01              17.622          -7.729e+00             236.722           1.494e+01     
  90.000         313.000           -7.274e+00          -1.809e+01              18.020          -7.650e+00             236.651           1.501e+01     
  90.000         314.000           -7.195e+00          -1.798e+01              18.423          -7.574e+00             236.585           1.508e+01     
  90.000         315.000           -7.119e+00          -1.788e+01              18.830          -7.500e+00             236.527           1.515e+01     
  90.000         316.000           -7.044e+00          -1.777e+01              19.243          -7.428e+00             236.476           1.522e+01     
  90.000         317.000           -6.972e+00          -1.767e+01              19.658          -7.359e+00             236.436           1.529e+01     
  90.000         318.000           -6.902e+00          -1.757e+01              20.078          -7.291e+00             236.405           1.535e+01     
  90.000         319.000           -6.833e+00          -1.747e+01              20.501          -7.225e+00             236.386           1.542e+01     
  90.000         320.000           -6.766e+00          -1.737e+01              20.927          -7.162e+00             236.379           1.549e+01     
  90.000         321.000           -6.701e+00          -1.727e+01              21.357          -7.100e+00             236.385           1.555e+01     
  90.000         322.000           -6.637e+00          -1.717e+01              21.791          -7.039e+00             236.403           1.561e+01     
  90.000         323.000           -6.574e+00          -1.707e+01              22.228          -6.980e+00             236.436           1.568e+01     
  90.000         324.000           -6.513e+00          -1.698e+01              22.668          -6.922e+00             236.483           1.574e+01     
  90.000         325.000           -6.453e+00          -1.689e+01              23.112          -6.865e+00             236.545           1.580e+01     
  90.000         326.000           -6.394e+00          -1.680e+01              23.559          -6.809e+00             236.623           1.586e+01     
  90.000         327.000           -6.336e+00          -1.671e+01              24.010          -6.754e+00             236.715           1.592e+01     
  90.000         328.000           -6.278e+00          -1.662e+01              24.464          -6.700e+00             236.823           1.597e+01     
  90.000         329.000           -6.222e+00          -1.653e+01              24.922          -6.646e+00             236.947           1.603e+01     
  90.000         330.000           -6.166e+00          -1.645e+01              25.384          -6.593e+00             237.087           1.609e+01     
  90.000         331.000           -6.110e+00          -1.637e+01              25.850          -6.540e+00             237.242           1.614e+01     
  90.000         332.000           -6.054e+00          -1.629e+01              26.319          -6.487e+00             237.413           1.620e+01     
  90.000         333.000           -5.999e+00          -1.621e+01              26.793          -6.434e+00             237.599           1.626e+01     
  90.000         334.000           -5.944e+00          -1.614e+01              27.271          -6.381e+00             237.800           1.631e+01     
  90.000         335.000           -5.889e+00          -1.606e+01              27.753          -6.328e+00             238.015           1.637e+01     
  90.000         336.000           -5.834e+00          -1.599e+01              28.240          -6.274e+00             238.245           1.642e+01     
  90.000         337.000           -5.779e+00          -1.593e+01              28.732          -6.220e+00             238.488           1.648e+01     
  90.000         338.000           -5.724e+00          -1.586e+01              29.228          -6.166e+00             238.745           1.654e+01     
  90.000         339.000           -5.668e+00          -1.580e+01              29.730          -6.111e+00             239.014           1.660e+01     
  90.000         340.000           -5.612e+00          -1.574e+01              30.237          -6.055e+00             239.294           1.666e+01     
  90.000         341.000           -5.555e+00          -1.569e+01              30.748          -5.999e+00             239.585           1.673e+01     
  90.000         342.000           -5.498e+00          -1.563e+01              31.266          -5.941e+00             239.887           1.679e+01     
  90.000         343.000           -5.441e+00          -1.558e+01              31.789          -5.883e+00             240.198           1.686e+01     
  90.000         344.000           -5.383e+00          -1.554e+01              32.318          -5.824e+00             240.517           1.693e+01     
  90.000         345.000           -5.325e+00          -1.549e+01              32.852          -5.764e+00             240.843           1.701e+01     
  90.000         346.000           -5.266e+00          -1.545e+01              33.393          -5.703e+00             241.177           1.708e+01     
  90.000         347.000           -5.206e+00          -1.541e+01              33.940          -5.641e+00             241.515           1.717e+01     
  90.000         348.000           -5.146e+00          -1.538e+01              34.494          -5.579e+00             241.858           1.725e+01     
  90.000         349.000           -5.086e+00          -1.534e+01              35.054          -5.515e+00             242.205           1.734e+01     
  90.000         350.000           -5.025e+00          -1.531e+01              35.621          -5.451e+00             242.555           1.744e+01     
  90.000         351.000           -4.963e+00          -1.529e+01              36.195          -5.386e+00             242.906           1.754e+01     
  90.000         352.000           -4.901e+00          -1.527e+01              36.776          -5.320e+00             243.258           1.765e+01     
  90.000         353.000           -4.840e+00          -1.525e+01              37.364          -5.254e+00             243.610           1.776e+01     
  90.000         354.000           -4.777e+00          -1.523e+01              37.959          -5.187e+00             243.961           1.789e+01     
  90.000         355.000           -4.715e+00          -1.522e+01              38.562          -5.120e+00             244.311           1.801e+01     
  90.000         356.000           -4.653e+00          -1.521e+01              39.173          -5.053e+00             244.658           1.815e+01     
  90.000         357.000           -4.591e+00          -1.520e+01              39.791          -4.985e+00             245.002           1.829e+01     
  90.000         358.000           -4.529e+00          -1.520e+01              40.417          -4.918e+00             245.342           1.844e+01     
  90.000         359.000           -4.467e+00          -1.520e+01              41.051          -4.851e+00             245.677           1.860e+01     
