Theta [deg.]  Phi   [deg.]  Abs(Dir.)[dBi   ]   Abs(Theta)[dBi   ]  Phase(Theta)[deg.]  Abs(Phi  )[dBi   ]  Phase(Phi  )[deg.]  Ax.Ratio[dB    ]    
------------------------------------------------------------------------------------------------------------------------------------------------------
   0.000           0.000            3.100e+00          -1.997e+01             258.616           3.079e+00             183.126           2.333e+01     
   0.000           1.000            3.100e+00          -1.923e+01             245.884           3.075e+00             183.058           2.333e+01     
   0.000           2.000            3.100e+00          -1.823e+01             235.492           3.068e+00             182.989           2.333e+01     
   0.000           3.000            3.100e+00          -1.713e+01             227.347           3.059e+00             182.921           2.333e+01     
   0.000           4.000            3.100e+00          -1.604e+01             221.026           3.047e+00             182.852           2.333e+01     
   0.000           5.000            3.100e+00          -1.500e+01             216.086           3.032e+00             182.783           2.333e+01     
   0.000           6.000            3.100e+00          -1.402e+01             212.172           3.015e+00             182.714           2.333e+01     
   0.000           7.000            3.100e+00          -1.312e+01             209.020           2.995e+00             182.645           2.333e+01     
   0.000           8.000            3.100e+00          -1.228e+01             206.440           2.972e+00             182.575           2.333e+01     
   0.000           9.000            3.100e+00          -1.151e+01             204.296           2.947e+00             182.505           2.333e+01     
   0.000          10.000            3.100e+00          -1.079e+01             202.490           2.919e+00             182.435           2.333e+01     
   0.000          11.000            3.100e+00          -1.013e+01             200.950           2.888e+00             182.364           2.333e+01     
   0.000          12.000            3.100e+00          -9.506e+00             199.622           2.855e+00             182.292           2.333e+01     
   0.000          13.000            3.100e+00          -8.925e+00             198.466           2.819e+00             182.220           2.333e+01     
   0.000          14.000            3.100e+00          -8.380e+00             197.450           2.780e+00             182.148           2.333e+01     
   0.000          15.000            3.100e+00          -7.867e+00             196.551           2.738e+00             182.074           2.333e+01     
   0.000          16.000            3.100e+00          -7.384e+00             195.749           2.693e+00             182.000           2.333e+01     
   0.000          17.000            3.100e+00          -6.927e+00             195.030           2.645e+00             181.925           2.333e+01     
   0.000          18.000            3.100e+00          -6.494e+00             194.381           2.595e+00             181.850           2.333e+01     
   0.000          19.000            3.100e+00          -6.083e+00             193.791           2.541e+00             181.773           2.333e+01     
   0.000          20.000            3.100e+00          -5.693e+00             193.254           2.485e+00             181.695           2.333e+01     
   0.000          21.000            3.100e+00          -5.321e+00             192.762           2.426e+00             181.617           2.333e+01     
   0.000          22.000            3.100e+00          -4.967e+00             192.309           2.363e+00             181.537           2.333e+01     
   0.000          23.000            3.100e+00          -4.628e+00             191.891           2.297e+00             181.456           2.333e+01     
   0.000          24.000            3.100e+00          -4.304e+00             191.504           2.229e+00             181.374           2.333e+01     
   0.000          25.000            3.100e+00          -3.995e+00             191.144           2.157e+00             181.290           2.333e+01     
   0.000          26.000            3.100e+00          -3.698e+00             190.808           2.082e+00             181.205           2.333e+01     
   0.000          27.000            3.100e+00          -3.413e+00             190.494           2.003e+00             181.118           2.333e+01     
   0.000          28.000            3.100e+00          -3.139e+00             190.200           1.921e+00             181.030           2.333e+01     
   0.000          29.000            3.100e+00          -2.877e+00             189.923           1.836e+00             180.940           2.333e+01     
   0.000          30.000            3.100e+00          -2.624e+00             189.662           1.747e+00             180.849           2.333e+01     
   0.000          31.000            3.100e+00          -2.381e+00             189.415           1.655e+00             180.755           2.333e+01     
   0.000          32.000            3.100e+00          -2.147e+00             189.182           1.559e+00             180.659           2.333e+01     
   0.000          33.000            3.100e+00          -1.921e+00             188.961           1.459e+00             180.562           2.333e+01     
   0.000          34.000            3.100e+00          -1.704e+00             188.751           1.355e+00             180.461           2.333e+01     
   0.000          35.000            3.100e+00          -1.495e+00             188.551           1.248e+00             180.359           2.333e+01     
   0.000          36.000            3.100e+00          -1.292e+00             188.360           1.137e+00             180.254           2.333e+01     
   0.000          37.000            3.100e+00          -1.097e+00             188.177           1.021e+00             180.145           2.333e+01     
   0.000          38.000            3.100e+00          -9.092e-01             188.003           9.013e-01             180.034           2.333e+01     
   0.000          39.000            3.100e+00          -7.275e-01             187.836           7.772e-01             179.920           2.333e+01     
   0.000          40.000            3.100e+00          -5.520e-01             187.675           6.487e-01             179.803           2.333e+01     
   0.000          41.000            3.100e+00          -3.825e-01             187.521           5.156e-01             179.682           2.333e+01     
   0.000          42.000            3.100e+00          -2.188e-01             187.372           3.778e-01             179.557           2.333e+01     
   0.000          43.000            3.100e+00          -6.071e-02             187.229           2.351e-01             179.428           2.333e+01     
   0.000          44.000            3.100e+00           9.203e-02             187.091           8.740e-02             179.294           2.333e+01     
   0.000          45.000            3.100e+00           2.396e-01             186.958          -6.550e-02             179.156           2.333e+01     
   0.000          46.000            3.100e+00           3.821e-01             186.829          -2.238e-01             179.013           2.333e+01     
   0.000          47.000            3.100e+00           5.198e-01             186.704          -3.877e-01             178.864           2.333e+01     
   0.000          48.000            3.100e+00           6.527e-01             186.583          -5.573e-01             178.710           2.333e+01     
   0.000          49.000            3.100e+00           7.811e-01             186.466          -7.330e-01             178.549           2.333e+01     
   0.000          50.000            3.100e+00           9.050e-01             186.352          -9.149e-01             178.382           2.333e+01     
   0.000          51.000            3.100e+00           1.025e+00             186.241          -1.103e+00             178.207           2.333e+01     
   0.000          52.000            3.100e+00           1.140e+00             186.133          -1.299e+00             178.024           2.333e+01     
   0.000          53.000            3.100e+00           1.251e+00             186.028          -1.501e+00             177.833           2.333e+01     
   0.000          54.000            3.100e+00           1.359e+00             185.925          -1.711e+00             177.633           2.333e+01     
   0.000          55.000            3.100e+00           1.462e+00             185.825          -1.928e+00             177.422           2.333e+01     
   0.000          56.000            3.100e+00           1.562e+00             185.727          -2.154e+00             177.201           2.333e+01     
   0.000          57.000            3.100e+00           1.658e+00             185.632          -2.388e+00             176.967           2.333e+01     
   0.000          58.000            3.100e+00           1.750e+00             185.538          -2.632e+00             176.720           2.333e+01     
   0.000          59.000            3.100e+00           1.839e+00             185.447          -2.885e+00             176.459           2.333e+01     
   0.000          60.000            3.100e+00           1.924e+00             185.357          -3.148e+00             176.182           2.333e+01     
   0.000          61.000            3.100e+00           2.006e+00             185.269          -3.421e+00             175.886           2.333e+01     
   0.000          62.000            3.100e+00           2.084e+00             185.182          -3.707e+00             175.572           2.333e+01     
   0.000          63.000            3.100e+00           2.159e+00             185.097          -4.004e+00             175.235           2.333e+01     
   0.000          64.000            3.100e+00           2.231e+00             185.014          -4.314e+00             174.874           2.333e+01     
   0.000          65.000            3.100e+00           2.300e+00             184.932          -4.638e+00             174.486           2.333e+01     
   0.000          66.000            3.100e+00           2.365e+00             184.851          -4.977e+00             174.067           2.333e+01     
   0.000          67.000            3.100e+00           2.427e+00             184.771          -5.332e+00             173.613           2.333e+01     
   0.000          68.000            3.100e+00           2.487e+00             184.692          -5.705e+00             173.120           2.333e+01     
   0.000          69.000            3.100e+00           2.543e+00             184.615          -6.096e+00             172.581           2.333e+01     
   0.000          70.000            3.100e+00           2.596e+00             184.538          -6.507e+00             171.990           2.333e+01     
   0.000          71.000            3.100e+00           2.647e+00             184.462          -6.940e+00             171.339           2.333e+01     
   0.000          72.000            3.100e+00           2.694e+00             184.387          -7.398e+00             170.617           2.333e+01     
   0.000          73.000            3.100e+00           2.739e+00             184.313          -7.882e+00             169.813           2.333e+01     
   0.000          74.000            3.100e+00           2.781e+00             184.240          -8.396e+00             168.910           2.333e+01     
   0.000          75.000            3.100e+00           2.820e+00             184.167          -8.942e+00             167.891           2.333e+01     
   0.000          76.000            3.100e+00           2.856e+00             184.095          -9.525e+00             166.730           2.333e+01     
   0.000          77.000            3.100e+00           2.889e+00             184.024          -1.015e+01             165.396           2.333e+01     
   0.000          78.000            3.100e+00           2.920e+00             183.953          -1.082e+01             163.849           2.333e+01     
   0.000          79.000            3.100e+00           2.948e+00             183.882          -1.153e+01             162.033           2.333e+01     
   0.000          80.000            3.100e+00           2.973e+00             183.812          -1.231e+01             159.878           2.333e+01     
   0.000          81.000            3.100e+00           2.996e+00             183.743          -1.315e+01             157.282           2.333e+01     
   0.000          82.000            3.100e+00           3.015e+00             183.673          -1.405e+01             154.109           2.333e+01     
   0.000          83.000            3.100e+00           3.033e+00             183.604          -1.503e+01             150.168           2.333e+01     
   0.000          84.000            3.100e+00           3.047e+00             183.535          -1.607e+01             145.192           2.333e+01     
   0.000          85.000            3.100e+00           3.059e+00             183.467          -1.717e+01             138.822           2.333e+01     
   0.000          86.000            3.100e+00           3.068e+00             183.399          -1.826e+01             130.613           2.333e+01     
   0.000          87.000            3.100e+00           3.075e+00             183.330          -1.926e+01             120.147           2.333e+01     
   0.000          88.000            3.100e+00           3.079e+00             183.262          -1.998e+01             107.349           2.333e+01     
   0.000          89.000            3.100e+00           3.080e+00             183.194          -2.025e+01              92.969           2.333e+01     
   0.000          90.000            3.100e+00           3.079e+00             183.126          -1.997e+01              78.616           2.333e+01     
   0.000          91.000            3.100e+00           3.075e+00             183.058          -1.923e+01              65.884           2.333e+01     
   0.000          92.000            3.100e+00           3.068e+00             182.989          -1.823e+01              55.492           2.333e+01     
   0.000          93.000            3.100e+00           3.059e+00             182.921          -1.713e+01              47.347           2.333e+01     
   0.000          94.000            3.100e+00           3.047e+00             182.852          -1.604e+01              41.026           2.333e+01     
   0.000          95.000            3.100e+00           3.032e+00             182.783          -1.500e+01              36.086           2.333e+01     
   0.000          96.000            3.100e+00           3.015e+00             182.714          -1.402e+01              32.172           2.333e+01     
   0.000          97.000            3.100e+00           2.995e+00             182.645          -1.312e+01              29.020           2.333e+01     
   0.000          98.000            3.100e+00           2.972e+00             182.575          -1.228e+01              26.440           2.333e+01     
   0.000          99.000            3.100e+00           2.947e+00             182.505          -1.151e+01              24.296           2.333e+01     
   0.000         100.000            3.100e+00           2.919e+00             182.435          -1.079e+01              22.490           2.333e+01     
   0.000         101.000            3.100e+00           2.888e+00             182.364          -1.013e+01              20.950           2.333e+01     
   0.000         102.000            3.100e+00           2.855e+00             182.292          -9.506e+00              19.622           2.333e+01     
   0.000         103.000            3.100e+00           2.819e+00             182.220          -8.925e+00              18.466           2.333e+01     
   0.000         104.000            3.100e+00           2.780e+00             182.148          -8.380e+00              17.450           2.333e+01     
   0.000         105.000            3.100e+00           2.738e+00             182.074          -7.867e+00              16.551           2.333e+01     
   0.000         106.000            3.100e+00           2.693e+00             182.000          -7.384e+00              15.749           2.333e+01     
   0.000         107.000            3.100e+00           2.645e+00             181.925          -6.927e+00              15.030           2.333e+01     
   0.000         108.000            3.100e+00           2.595e+00             181.850          -6.494e+00              14.381           2.333e+01     
   0.000         109.000            3.100e+00           2.541e+00             181.773          -6.083e+00              13.791           2.333e+01     
   0.000         110.000            3.100e+00           2.485e+00             181.695          -5.693e+00              13.254           2.333e+01     
   0.000         111.000            3.100e+00           2.426e+00             181.617          -5.321e+00              12.762           2.333e+01     
   0.000         112.000            3.100e+00           2.363e+00             181.537          -4.967e+00              12.309           2.333e+01     
   0.000         113.000            3.100e+00           2.297e+00             181.456          -4.628e+00              11.891           2.333e+01     
   0.000         114.000            3.100e+00           2.229e+00             181.374          -4.304e+00              11.504           2.333e+01     
   0.000         115.000            3.100e+00           2.157e+00             181.290          -3.995e+00              11.144           2.333e+01     
   0.000         116.000            3.100e+00           2.082e+00             181.205          -3.698e+00              10.808           2.333e+01     
   0.000         117.000            3.100e+00           2.003e+00             181.118          -3.413e+00              10.494           2.333e+01     
   0.000         118.000            3.100e+00           1.921e+00             181.030          -3.139e+00              10.200           2.333e+01     
   0.000         119.000            3.100e+00           1.836e+00             180.940          -2.877e+00               9.923           2.333e+01     
   0.000         120.000            3.100e+00           1.747e+00             180.849          -2.624e+00               9.662           2.333e+01     
   0.000         121.000            3.100e+00           1.655e+00             180.755          -2.381e+00               9.415           2.333e+01     
   0.000         122.000            3.100e+00           1.559e+00             180.659          -2.147e+00               9.182           2.333e+01     
   0.000         123.000            3.100e+00           1.459e+00             180.562          -1.921e+00               8.961           2.333e+01     
   0.000         124.000            3.100e+00           1.355e+00             180.461          -1.704e+00               8.751           2.333e+01     
   0.000         125.000            3.100e+00           1.248e+00             180.359          -1.495e+00               8.551           2.333e+01     
   0.000         126.000            3.100e+00           1.137e+00             180.254          -1.292e+00               8.360           2.333e+01     
   0.000         127.000            3.100e+00           1.021e+00             180.145          -1.097e+00               8.177           2.333e+01     
   0.000         128.000            3.100e+00           9.013e-01             180.034          -9.092e-01               8.003           2.333e+01     
   0.000         129.000            3.100e+00           7.772e-01             179.920          -7.275e-01               7.836           2.333e+01     
   0.000         130.000            3.100e+00           6.487e-01             179.803          -5.520e-01               7.675           2.333e+01     
   0.000         131.000            3.100e+00           5.156e-01             179.682          -3.825e-01               7.521           2.333e+01     
   0.000         132.000            3.100e+00           3.778e-01             179.557          -2.188e-01               7.372           2.333e+01     
   0.000         133.000            3.100e+00           2.351e-01             179.428          -6.071e-02               7.229           2.333e+01     
   0.000         134.000            3.100e+00           8.740e-02             179.294           9.203e-02               7.091           2.333e+01     
   0.000         135.000            3.100e+00          -6.550e-02             179.156           2.396e-01               6.958           2.333e+01     
   0.000         136.000            3.100e+00          -2.238e-01             179.013           3.821e-01               6.829           2.333e+01     
   0.000         137.000            3.100e+00          -3.877e-01             178.864           5.198e-01               6.704           2.333e+01     
   0.000         138.000            3.100e+00          -5.573e-01             178.710           6.527e-01               6.583           2.333e+01     
   0.000         139.000            3.100e+00          -7.330e-01             178.549           7.811e-01               6.466           2.333e+01     
   0.000         140.000            3.100e+00          -9.149e-01             178.382           9.050e-01               6.352           2.333e+01     
   0.000         141.000            3.100e+00          -1.103e+00             178.207           1.025e+00               6.241           2.333e+01     
   0.000         142.000            3.100e+00          -1.299e+00             178.024           1.140e+00               6.133           2.333e+01     
   0.000         143.000            3.100e+00          -1.501e+00             177.833           1.251e+00               6.028           2.333e+01     
   0.000         144.000            3.100e+00          -1.711e+00             177.633           1.359e+00               5.925           2.333e+01     
   0.000         145.000            3.100e+00          -1.928e+00             177.422           1.462e+00               5.825           2.333e+01     
   0.000         146.000            3.100e+00          -2.154e+00             177.201           1.562e+00               5.727           2.333e+01     
   0.000         147.000            3.100e+00          -2.388e+00             176.967           1.658e+00               5.632           2.333e+01     
   0.000         148.000            3.100e+00          -2.632e+00             176.720           1.750e+00               5.538           2.333e+01     
   0.000         149.000            3.100e+00          -2.885e+00             176.459           1.839e+00               5.447           2.333e+01     
   0.000         150.000            3.100e+00          -3.148e+00             176.182           1.924e+00               5.357           2.333e+01     
   0.000         151.000            3.100e+00          -3.421e+00             175.886           2.006e+00               5.269           2.333e+01     
   0.000         152.000            3.100e+00          -3.707e+00             175.572           2.084e+00               5.182           2.333e+01     
   0.000         153.000            3.100e+00          -4.004e+00             175.235           2.159e+00               5.097           2.333e+01     
   0.000         154.000            3.100e+00          -4.314e+00             174.874           2.231e+00               5.014           2.333e+01     
   0.000         155.000            3.100e+00          -4.638e+00             174.486           2.300e+00               4.932           2.333e+01     
   0.000         156.000            3.100e+00          -4.977e+00             174.067           2.365e+00               4.851           2.333e+01     
   0.000         157.000            3.100e+00          -5.332e+00             173.613           2.427e+00               4.771           2.333e+01     
   0.000         158.000            3.100e+00          -5.705e+00             173.120           2.487e+00               4.692           2.333e+01     
   0.000         159.000            3.100e+00          -6.096e+00             172.581           2.543e+00               4.615           2.333e+01     
   0.000         160.000            3.100e+00          -6.507e+00             171.990           2.596e+00               4.538           2.333e+01     
   0.000         161.000            3.100e+00          -6.940e+00             171.339           2.647e+00               4.462           2.333e+01     
   0.000         162.000            3.100e+00          -7.398e+00             170.617           2.694e+00               4.387           2.333e+01     
   0.000         163.000            3.100e+00          -7.882e+00             169.813           2.739e+00               4.313           2.333e+01     
   0.000         164.000            3.100e+00          -8.396e+00             168.910           2.781e+00               4.240           2.333e+01     
   0.000         165.000            3.100e+00          -8.942e+00             167.891           2.820e+00               4.167           2.333e+01     
   0.000         166.000            3.100e+00          -9.525e+00             166.730           2.856e+00               4.095           2.333e+01     
   0.000         167.000            3.100e+00          -1.015e+01             165.396           2.889e+00               4.024           2.333e+01     
   0.000         168.000            3.100e+00          -1.082e+01             163.849           2.920e+00               3.953           2.333e+01     
   0.000         169.000            3.100e+00          -1.153e+01             162.033           2.948e+00               3.882           2.333e+01     
   0.000         170.000            3.100e+00          -1.231e+01             159.878           2.973e+00               3.812           2.333e+01     
   0.000         171.000            3.100e+00          -1.315e+01             157.282           2.996e+00               3.743           2.333e+01     
   0.000         172.000            3.100e+00          -1.405e+01             154.109           3.015e+00               3.673           2.333e+01     
   0.000         173.000            3.100e+00          -1.503e+01             150.168           3.033e+00               3.604           2.333e+01     
   0.000         174.000            3.100e+00          -1.607e+01             145.192           3.047e+00               3.535           2.333e+01     
   0.000         175.000            3.100e+00          -1.717e+01             138.822           3.059e+00               3.467           2.333e+01     
   0.000         176.000            3.100e+00          -1.826e+01             130.613           3.068e+00               3.399           2.333e+01     
   0.000         177.000            3.100e+00          -1.926e+01             120.147           3.075e+00               3.330           2.333e+01     
   0.000         178.000            3.100e+00          -1.998e+01             107.349           3.079e+00               3.262           2.333e+01     
   0.000         179.000            3.100e+00          -2.025e+01              92.969           3.080e+00               3.194           2.333e+01     
   0.000         180.000            3.100e+00          -1.997e+01              78.616           3.079e+00               3.126           2.333e+01     
   0.000         181.000            3.100e+00          -1.923e+01              65.884           3.075e+00               3.058           2.333e+01     
   0.000         182.000            3.100e+00          -1.823e+01              55.492           3.068e+00               2.989           2.333e+01     
   0.000         183.000            3.100e+00          -1.713e+01              47.347           3.059e+00               2.921           2.333e+01     
   0.000         184.000            3.100e+00          -1.604e+01              41.026           3.047e+00               2.852           2.333e+01     
   0.000         185.000            3.100e+00          -1.500e+01              36.086           3.032e+00               2.783           2.333e+01     
   0.000         186.000            3.100e+00          -1.402e+01              32.172           3.015e+00               2.714           2.333e+01     
   0.000         187.000            3.100e+00          -1.312e+01              29.020           2.995e+00               2.645           2.333e+01     
   0.000         188.000            3.100e+00          -1.228e+01              26.440           2.972e+00               2.575           2.333e+01     
   0.000         189.000            3.100e+00          -1.151e+01              24.296           2.947e+00               2.505           2.333e+01     
   0.000         190.000            3.100e+00          -1.079e+01              22.490           2.919e+00               2.435           2.333e+01     
   0.000         191.000            3.100e+00          -1.013e+01              20.950           2.888e+00               2.364           2.333e+01     
   0.000         192.000            3.100e+00          -9.506e+00              19.622           2.855e+00               2.292           2.333e+01     
   0.000         193.000            3.100e+00          -8.925e+00              18.466           2.819e+00               2.220           2.333e+01     
   0.000         194.000            3.100e+00          -8.380e+00              17.450           2.780e+00               2.148           2.333e+01     
   0.000         195.000            3.100e+00          -7.867e+00              16.551           2.738e+00               2.074           2.333e+01     
   0.000         196.000            3.100e+00          -7.384e+00              15.749           2.693e+00               2.000           2.333e+01     
   0.000         197.000            3.100e+00          -6.927e+00              15.030           2.645e+00               1.925           2.333e+01     
   0.000         198.000            3.100e+00          -6.494e+00              14.381           2.595e+00               1.850           2.333e+01     
   0.000         199.000            3.100e+00          -6.083e+00              13.791           2.541e+00               1.773           2.333e+01     
   0.000         200.000            3.100e+00          -5.693e+00              13.254           2.485e+00               1.695           2.333e+01     
   0.000         201.000            3.100e+00          -5.321e+00              12.762           2.426e+00               1.617           2.333e+01     
   0.000         202.000            3.100e+00          -4.967e+00              12.309           2.363e+00               1.537           2.333e+01     
   0.000         203.000            3.100e+00          -4.628e+00              11.891           2.297e+00               1.456           2.333e+01     
   0.000         204.000            3.100e+00          -4.304e+00              11.504           2.229e+00               1.374           2.333e+01     
   0.000         205.000            3.100e+00          -3.995e+00              11.144           2.157e+00               1.290           2.333e+01     
   0.000         206.000            3.100e+00          -3.698e+00              10.808           2.082e+00               1.205           2.333e+01     
   0.000         207.000            3.100e+00          -3.413e+00              10.494           2.003e+00               1.118           2.333e+01     
   0.000         208.000            3.100e+00          -3.139e+00              10.200           1.921e+00               1.030           2.333e+01     
   0.000         209.000            3.100e+00          -2.877e+00               9.923           1.836e+00               0.940           2.333e+01     
   0.000         210.000            3.100e+00          -2.624e+00               9.662           1.747e+00               0.849           2.333e+01     
   0.000         211.000            3.100e+00          -2.381e+00               9.415           1.655e+00               0.755           2.333e+01     
   0.000         212.000            3.100e+00          -2.147e+00               9.182           1.559e+00               0.659           2.333e+01     
   0.000         213.000            3.100e+00          -1.921e+00               8.961           1.459e+00               0.562           2.333e+01     
   0.000         214.000            3.100e+00          -1.704e+00               8.751           1.355e+00               0.461           2.333e+01     
   0.000         215.000            3.100e+00          -1.495e+00               8.551           1.248e+00               0.359           2.333e+01     
   0.000         216.000            3.100e+00          -1.292e+00               8.360           1.137e+00               0.254           2.333e+01     
   0.000         217.000            3.100e+00          -1.097e+00               8.177           1.021e+00               0.145           2.333e+01     
   0.000         218.000            3.100e+00          -9.092e-01               8.003           9.013e-01               0.034           2.333e+01     
   0.000         219.000            3.100e+00          -7.275e-01               7.836           7.772e-01             359.920           2.333e+01     
   0.000         220.000            3.100e+00          -5.520e-01               7.675           6.487e-01             359.803           2.333e+01     
   0.000         221.000            3.100e+00          -3.825e-01               7.521           5.156e-01             359.682           2.333e+01     
   0.000         222.000            3.100e+00          -2.188e-01               7.372           3.778e-01             359.557           2.333e+01     
   0.000         223.000            3.100e+00          -6.071e-02               7.229           2.351e-01             359.428           2.333e+01     
   0.000         224.000            3.100e+00           9.203e-02               7.091           8.740e-02             359.294           2.333e+01     
   0.000         225.000            3.100e+00           2.396e-01               6.958          -6.550e-02             359.156           2.333e+01     
   0.000         226.000            3.100e+00           3.821e-01               6.829          -2.238e-01             359.013           2.333e+01     
   0.000         227.000            3.100e+00           5.198e-01               6.704          -3.877e-01             358.864           2.333e+01     
   0.000         228.000            3.100e+00           6.527e-01               6.583          -5.573e-01             358.710           2.333e+01     
   0.000         229.000            3.100e+00           7.811e-01               6.466          -7.330e-01             358.549           2.333e+01     
   0.000         230.000            3.100e+00           9.050e-01               6.352          -9.149e-01             358.382           2.333e+01     
   0.000         231.000            3.100e+00           1.025e+00               6.241          -1.103e+00             358.207           2.333e+01     
   0.000         232.000            3.100e+00           1.140e+00               6.133          -1.299e+00             358.024           2.333e+01     
   0.000         233.000            3.100e+00           1.251e+00               6.028          -1.501e+00             357.833           2.333e+01     
   0.000         234.000            3.100e+00           1.359e+00               5.925          -1.711e+00             357.633           2.333e+01     
   0.000         235.000            3.100e+00           1.462e+00               5.825          -1.928e+00             357.422           2.333e+01     
   0.000         236.000            3.100e+00           1.562e+00               5.727          -2.154e+00             357.201           2.333e+01     
   0.000         237.000            3.100e+00           1.658e+00               5.632          -2.388e+00             356.967           2.333e+01     
   0.000         238.000            3.100e+00           1.750e+00               5.538          -2.632e+00             356.720           2.333e+01     
   0.000         239.000            3.100e+00           1.839e+00               5.447          -2.885e+00             356.459           2.333e+01     
   0.000         240.000            3.100e+00           1.924e+00               5.357          -3.148e+00             356.182           2.333e+01     
   0.000         241.000            3.100e+00           2.006e+00               5.269          -3.421e+00             355.886           2.333e+01     
   0.000         242.000            3.100e+00           2.084e+00               5.182          -3.707e+00             355.572           2.333e+01     
   0.000         243.000            3.100e+00           2.159e+00               5.097          -4.004e+00             355.235           2.333e+01     
   0.000         244.000            3.100e+00           2.231e+00               5.014          -4.314e+00             354.874           2.333e+01     
   0.000         245.000            3.100e+00           2.300e+00               4.932          -4.638e+00             354.486           2.333e+01     
   0.000         246.000            3.100e+00           2.365e+00               4.851          -4.977e+00             354.067           2.333e+01     
   0.000         247.000            3.100e+00           2.427e+00               4.771          -5.332e+00             353.613           2.333e+01     
   0.000         248.000            3.100e+00           2.487e+00               4.692          -5.705e+00             353.120           2.333e+01     
   0.000         249.000            3.100e+00           2.543e+00               4.615          -6.096e+00             352.581           2.333e+01     
   0.000         250.000            3.100e+00           2.596e+00               4.538          -6.507e+00             351.990           2.333e+01     
   0.000         251.000            3.100e+00           2.647e+00               4.462          -6.940e+00             351.339           2.333e+01     
   0.000         252.000            3.100e+00           2.694e+00               4.387          -7.398e+00             350.617           2.333e+01     
   0.000         253.000            3.100e+00           2.739e+00               4.313          -7.882e+00             349.813           2.333e+01     
   0.000         254.000            3.100e+00           2.781e+00               4.240          -8.396e+00             348.910           2.333e+01     
   0.000         255.000            3.100e+00           2.820e+00               4.167          -8.942e+00             347.891           2.333e+01     
   0.000         256.000            3.100e+00           2.856e+00               4.095          -9.525e+00             346.730           2.333e+01     
   0.000         257.000            3.100e+00           2.889e+00               4.024          -1.015e+01             345.396           2.333e+01     
   0.000         258.000            3.100e+00           2.920e+00               3.953          -1.082e+01             343.849           2.333e+01     
   0.000         259.000            3.100e+00           2.948e+00               3.882          -1.153e+01             342.033           2.333e+01     
   0.000         260.000            3.100e+00           2.973e+00               3.812          -1.231e+01             339.878           2.333e+01     
   0.000         261.000            3.100e+00           2.996e+00               3.743          -1.315e+01             337.282           2.333e+01     
   0.000         262.000            3.100e+00           3.015e+00               3.673          -1.405e+01             334.109           2.333e+01     
   0.000         263.000            3.100e+00           3.033e+00               3.604          -1.503e+01             330.168           2.333e+01     
   0.000         264.000            3.100e+00           3.047e+00               3.535          -1.607e+01             325.192           2.333e+01     
   0.000         265.000            3.100e+00           3.059e+00               3.467          -1.717e+01             318.822           2.333e+01     
   0.000         266.000            3.100e+00           3.068e+00               3.399          -1.826e+01             310.613           2.333e+01     
   0.000         267.000            3.100e+00           3.075e+00               3.330          -1.926e+01             300.147           2.333e+01     
   0.000         268.000            3.100e+00           3.079e+00               3.262          -1.998e+01             287.349           2.333e+01     
   0.000         269.000            3.100e+00           3.080e+00               3.194          -2.025e+01             272.969           2.333e+01     
   0.000         270.000            3.100e+00           3.079e+00               3.126          -1.997e+01             258.616           2.333e+01     
   0.000         271.000            3.100e+00           3.075e+00               3.058          -1.923e+01             245.884           2.333e+01     
   0.000         272.000            3.100e+00           3.068e+00               2.989          -1.823e+01             235.492           2.333e+01     
   0.000         273.000            3.100e+00           3.059e+00               2.921          -1.713e+01             227.347           2.333e+01     
   0.000         274.000            3.100e+00           3.047e+00               2.852          -1.604e+01             221.026           2.333e+01     
   0.000         275.000            3.100e+00           3.032e+00               2.783          -1.500e+01             216.086           2.333e+01     
   0.000         276.000            3.100e+00           3.015e+00               2.714          -1.402e+01             212.172           2.333e+01     
   0.000         277.000            3.100e+00           2.995e+00               2.645          -1.312e+01             209.020           2.333e+01     
   0.000         278.000            3.100e+00           2.972e+00               2.575          -1.228e+01             206.440           2.333e+01     
   0.000         279.000            3.100e+00           2.947e+00               2.505          -1.151e+01             204.296           2.333e+01     
   0.000         280.000            3.100e+00           2.919e+00               2.435          -1.079e+01             202.490           2.333e+01     
   0.000         281.000            3.100e+00           2.888e+00               2.364          -1.013e+01             200.950           2.333e+01     
   0.000         282.000            3.100e+00           2.855e+00               2.292          -9.506e+00             199.622           2.333e+01     
   0.000         283.000            3.100e+00           2.819e+00               2.220          -8.925e+00             198.466           2.333e+01     
   0.000         284.000            3.100e+00           2.780e+00               2.148          -8.380e+00             197.450           2.333e+01     
   0.000         285.000            3.100e+00           2.738e+00               2.074          -7.867e+00             196.551           2.333e+01     
   0.000         286.000            3.100e+00           2.693e+00               2.000          -7.384e+00             195.749           2.333e+01     
   0.000         287.000            3.100e+00           2.645e+00               1.925          -6.927e+00             195.030           2.333e+01     
   0.000         288.000            3.100e+00           2.595e+00               1.850          -6.494e+00             194.381           2.333e+01     
   0.000         289.000            3.100e+00           2.541e+00               1.773          -6.083e+00             193.791           2.333e+01     
   0.000         290.000            3.100e+00           2.485e+00               1.695          -5.693e+00             193.254           2.333e+01     
   0.000         291.000            3.100e+00           2.426e+00               1.617          -5.321e+00             192.762           2.333e+01     
   0.000         292.000            3.100e+00           2.363e+00               1.537          -4.967e+00             192.309           2.333e+01     
   0.000         293.000            3.100e+00           2.297e+00               1.456          -4.628e+00             191.891           2.333e+01     
   0.000         294.000            3.100e+00           2.229e+00               1.374          -4.304e+00             191.504           2.333e+01     
   0.000         295.000            3.100e+00           2.157e+00               1.290          -3.995e+00             191.144           2.333e+01     
   0.000         296.000            3.100e+00           2.082e+00               1.205          -3.698e+00             190.808           2.333e+01     
   0.000         297.000            3.100e+00           2.003e+00               1.118          -3.413e+00             190.494           2.333e+01     
   0.000         298.000            3.100e+00           1.921e+00               1.030          -3.139e+00             190.200           2.333e+01     
   0.000         299.000            3.100e+00           1.836e+00               0.940          -2.877e+00             189.923           2.333e+01     
   0.000         300.000            3.100e+00           1.747e+00               0.849          -2.624e+00             189.662           2.333e+01     
   0.000         301.000            3.100e+00           1.655e+00               0.755          -2.381e+00             189.415           2.333e+01     
   0.000         302.000            3.100e+00           1.559e+00               0.659          -2.147e+00             189.182           2.333e+01     
   0.000         303.000            3.100e+00           1.459e+00               0.562          -1.921e+00             188.961           2.333e+01     
   0.000         304.000            3.100e+00           1.355e+00               0.461          -1.704e+00             188.751           2.333e+01     
   0.000         305.000            3.100e+00           1.248e+00               0.359          -1.495e+00             188.551           2.333e+01     
   0.000         306.000            3.100e+00           1.137e+00               0.254          -1.292e+00             188.360           2.333e+01     
   0.000         307.000            3.100e+00           1.021e+00               0.145          -1.097e+00             188.177           2.333e+01     
   0.000         308.000            3.100e+00           9.013e-01               0.034          -9.092e-01             188.003           2.333e+01     
   0.000         309.000            3.100e+00           7.772e-01             359.920          -7.275e-01             187.836           2.333e+01     
   0.000         310.000            3.100e+00           6.487e-01             359.803          -5.520e-01             187.675           2.333e+01     
   0.000         311.000            3.100e+00           5.156e-01             359.682          -3.825e-01             187.521           2.333e+01     
   0.000         312.000            3.100e+00           3.778e-01             359.557          -2.188e-01             187.372           2.333e+01     
   0.000         313.000            3.100e+00           2.351e-01             359.428          -6.071e-02             187.229           2.333e+01     
   0.000         314.000            3.100e+00           8.740e-02             359.294           9.203e-02             187.091           2.333e+01     
   0.000         315.000            3.100e+00          -6.550e-02             359.156           2.396e-01             186.958           2.333e+01     
   0.000         316.000            3.100e+00          -2.238e-01             359.013           3.821e-01             186.829           2.333e+01     
   0.000         317.000            3.100e+00          -3.877e-01             358.864           5.198e-01             186.704           2.333e+01     
   0.000         318.000            3.100e+00          -5.573e-01             358.710           6.527e-01             186.583           2.333e+01     
   0.000         319.000            3.100e+00          -7.330e-01             358.549           7.811e-01             186.466           2.333e+01     
   0.000         320.000            3.100e+00          -9.149e-01             358.382           9.050e-01             186.352           2.333e+01     
   0.000         321.000            3.100e+00          -1.103e+00             358.207           1.025e+00             186.241           2.333e+01     
   0.000         322.000            3.100e+00          -1.299e+00             358.024           1.140e+00             186.133           2.333e+01     
   0.000         323.000            3.100e+00          -1.501e+00             357.833           1.251e+00             186.028           2.333e+01     
   0.000         324.000            3.100e+00          -1.711e+00             357.633           1.359e+00             185.925           2.333e+01     
   0.000         325.000            3.100e+00          -1.928e+00             357.422           1.462e+00             185.825           2.333e+01     
   0.000         326.000            3.100e+00          -2.154e+00             357.201           1.562e+00             185.727           2.333e+01     
   0.000         327.000            3.100e+00          -2.388e+00             356.967           1.658e+00             185.632           2.333e+01     
   0.000         328.000            3.100e+00          -2.632e+00             356.720           1.750e+00             185.538           2.333e+01     
   0.000         329.000            3.100e+00          -2.885e+00             356.459           1.839e+00             185.447           2.333e+01     
   0.000         330.000            3.100e+00          -3.148e+00             356.182           1.924e+00             185.357           2.333e+01     
   0.000         331.000            3.100e+00          -3.421e+00             355.886           2.006e+00             185.269           2.333e+01     
   0.000         332.000            3.100e+00          -3.707e+00             355.572           2.084e+00             185.182           2.333e+01     
   0.000         333.000            3.100e+00          -4.004e+00             355.235           2.159e+00             185.097           2.333e+01     
   0.000         334.000            3.100e+00          -4.314e+00             354.874           2.231e+00             185.014           2.333e+01     
   0.000         335.000            3.100e+00          -4.638e+00             354.486           2.300e+00             184.932           2.333e+01     
   0.000         336.000            3.100e+00          -4.977e+00             354.067           2.365e+00             184.851           2.333e+01     
   0.000         337.000            3.100e+00          -5.332e+00             353.613           2.427e+00             184.771           2.333e+01     
   0.000         338.000            3.100e+00          -5.705e+00             353.120           2.487e+00             184.692           2.333e+01     
   0.000         339.000            3.100e+00          -6.096e+00             352.581           2.543e+00             184.615           2.333e+01     
   0.000         340.000            3.100e+00          -6.507e+00             351.990           2.596e+00             184.538           2.333e+01     
   0.000         341.000            3.100e+00          -6.940e+00             351.339           2.647e+00             184.462           2.333e+01     
   0.000         342.000            3.100e+00          -7.398e+00             350.617           2.694e+00             184.387           2.333e+01     
   0.000         343.000            3.100e+00          -7.882e+00             349.813           2.739e+00             184.313           2.333e+01     
   0.000         344.000            3.100e+00          -8.396e+00             348.910           2.781e+00             184.240           2.333e+01     
   0.000         345.000            3.100e+00          -8.942e+00             347.891           2.820e+00             184.167           2.333e+01     
   0.000         346.000            3.100e+00          -9.525e+00             346.730           2.856e+00             184.095           2.333e+01     
   0.000         347.000            3.100e+00          -1.015e+01             345.396           2.889e+00             184.024           2.333e+01     
   0.000         348.000            3.100e+00          -1.082e+01             343.849           2.920e+00             183.953           2.333e+01     
   0.000         349.000            3.100e+00          -1.153e+01             342.033           2.948e+00             183.882           2.333e+01     
   0.000         350.000            3.100e+00          -1.231e+01             339.878           2.973e+00             183.812           2.333e+01     
   0.000         351.000            3.100e+00          -1.315e+01             337.282           2.996e+00             183.743           2.333e+01     
   0.000         352.000            3.100e+00          -1.405e+01             334.109           3.015e+00             183.673           2.333e+01     
   0.000         353.000            3.100e+00          -1.503e+01             330.168           3.033e+00             183.604           2.333e+01     
   0.000         354.000            3.100e+00          -1.607e+01             325.192           3.047e+00             183.535           2.333e+01     
   0.000         355.000            3.100e+00          -1.717e+01             318.822           3.059e+00             183.467           2.333e+01     
   0.000         356.000            3.100e+00          -1.826e+01             310.613           3.068e+00             183.399           2.333e+01     
   0.000         357.000            3.100e+00          -1.926e+01             300.147           3.075e+00             183.330           2.333e+01     
   0.000         358.000            3.100e+00          -1.998e+01             287.349           3.079e+00             183.262           2.333e+01     
   0.000         359.000            3.100e+00          -2.025e+01             272.969           3.080e+00             183.194           2.333e+01     
