Theta [deg.]  Phi   [deg.]  Abs(Dir.)[dBi   ]   Abs(Theta)[dBi   ]  Phase(Theta)[deg.]  Abs(Phi  )[dBi   ]  Phase(Phi  )[deg.]  Ax.Ratio[dB    ]    
------------------------------------------------------------------------------------------------------------------------------------------------------
   0.000           0.000           -2.519e+00          -1.006e+01              28.482          -3.361e+00             251.117           1.112e+01     
   0.000           1.000           -2.519e+00          -1.030e+01              26.975          -3.311e+00             250.806           1.112e+01     
   0.000           2.000           -2.519e+00          -1.055e+01              25.382          -3.263e+00             250.498           1.112e+01     
   0.000           3.000           -2.519e+00          -1.080e+01              23.695          -3.218e+00             250.193           1.112e+01     
   0.000           4.000           -2.519e+00          -1.105e+01              21.908          -3.176e+00             249.891           1.112e+01     
   0.000           5.000           -2.519e+00          -1.130e+01              20.015          -3.136e+00             249.593           1.112e+01     
   0.000           6.000           -2.519e+00          -1.155e+01              18.009          -3.099e+00             249.296           1.112e+01     
   0.000           7.000           -2.519e+00          -1.180e+01              15.883          -3.064e+00             249.003           1.112e+01     
   0.000           8.000           -2.519e+00          -1.205e+01              13.633          -3.032e+00             248.711           1.112e+01     
   0.000           9.000           -2.519e+00          -1.229e+01              11.252          -3.003e+00             248.422           1.112e+01     
   0.000          10.000           -2.519e+00          -1.253e+01               8.736          -2.976e+00             248.134           1.112e+01     
   0.000          11.000           -2.519e+00          -1.275e+01               6.082          -2.952e+00             247.849           1.112e+01     
   0.000          12.000           -2.519e+00          -1.297e+01               3.290          -2.930e+00             247.564           1.112e+01     
   0.000          13.000           -2.519e+00          -1.317e+01               0.360          -2.910e+00             247.281           1.112e+01     
   0.000          14.000           -2.519e+00          -1.335e+01             357.297          -2.893e+00             246.999           1.112e+01     
   0.000          15.000           -2.519e+00          -1.352e+01             354.108          -2.879e+00             246.719           1.112e+01     
   0.000          16.000           -2.519e+00          -1.366e+01             350.803          -2.867e+00             246.439           1.112e+01     
   0.000          17.000           -2.519e+00          -1.378e+01             347.399          -2.857e+00             246.160           1.112e+01     
   0.000          18.000           -2.519e+00          -1.387e+01             343.912          -2.850e+00             245.881           1.112e+01     
   0.000          19.000           -2.519e+00          -1.393e+01             340.364          -2.845e+00             245.603           1.112e+01     
   0.000          20.000           -2.519e+00          -1.396e+01             336.779          -2.843e+00             245.325           1.112e+01     
   0.000          21.000           -2.519e+00          -1.396e+01             333.183          -2.843e+00             245.047           1.112e+01     
   0.000          22.000           -2.519e+00          -1.392e+01             329.601          -2.845e+00             244.768           1.112e+01     
   0.000          23.000           -2.519e+00          -1.386e+01             326.059          -2.850e+00             244.490           1.112e+01     
   0.000          24.000           -2.519e+00          -1.377e+01             322.582          -2.858e+00             244.211           1.112e+01     
   0.000          25.000           -2.519e+00          -1.365e+01             319.188          -2.868e+00             243.932           1.112e+01     
   0.000          26.000           -2.519e+00          -1.350e+01             315.897          -2.880e+00             243.652           1.112e+01     
   0.000          27.000           -2.519e+00          -1.333e+01             312.723          -2.895e+00             243.371           1.112e+01     
   0.000          28.000           -2.519e+00          -1.315e+01             309.676          -2.912e+00             243.089           1.112e+01     
   0.000          29.000           -2.519e+00          -1.294e+01             306.763          -2.932e+00             242.806           1.112e+01     
   0.000          30.000           -2.519e+00          -1.273e+01             303.988          -2.954e+00             242.522           1.112e+01     
   0.000          31.000           -2.519e+00          -1.250e+01             301.351          -2.979e+00             242.236           1.112e+01     
   0.000          32.000           -2.519e+00          -1.226e+01             298.852          -3.006e+00             241.948           1.112e+01     
   0.000          33.000           -2.519e+00          -1.202e+01             296.488          -3.036e+00             241.658           1.112e+01     
   0.000          34.000           -2.519e+00          -1.177e+01             294.253          -3.069e+00             241.367           1.112e+01     
   0.000          35.000           -2.519e+00          -1.152e+01             292.143          -3.103e+00             241.073           1.112e+01     
   0.000          36.000           -2.519e+00          -1.127e+01             290.151          -3.141e+00             240.776           1.112e+01     
   0.000          37.000           -2.519e+00          -1.102e+01             288.271          -3.181e+00             240.477           1.112e+01     
   0.000          38.000           -2.519e+00          -1.077e+01             286.497          -3.224e+00             240.175           1.112e+01     
   0.000          39.000           -2.519e+00          -1.052e+01             284.822          -3.269e+00             239.870           1.112e+01     
   0.000          40.000           -2.519e+00          -1.027e+01             283.239          -3.317e+00             239.562           1.112e+01     
   0.000          41.000           -2.519e+00          -1.003e+01             281.743          -3.367e+00             239.250           1.112e+01     
   0.000          42.000           -2.519e+00          -9.791e+00             280.328          -3.421e+00             238.934           1.112e+01     
   0.000          43.000           -2.519e+00          -9.556e+00             278.988          -3.476e+00             238.615           1.112e+01     
   0.000          44.000           -2.519e+00          -9.326e+00             277.718          -3.535e+00             238.291           1.112e+01     
   0.000          45.000           -2.519e+00          -9.100e+00             276.512          -3.597e+00             237.962           1.112e+01     
   0.000          46.000           -2.519e+00          -8.879e+00             275.367          -3.661e+00             237.629           1.112e+01     
   0.000          47.000           -2.519e+00          -8.663e+00             274.279          -3.728e+00             237.291           1.112e+01     
   0.000          48.000           -2.519e+00          -8.452e+00             273.242          -3.798e+00             236.947           1.112e+01     
   0.000          49.000           -2.519e+00          -8.246e+00             272.255          -3.871e+00             236.598           1.112e+01     
   0.000          50.000           -2.519e+00          -8.044e+00             271.312          -3.947e+00             236.243           1.112e+01     
   0.000          51.000           -2.519e+00          -7.848e+00             270.412          -4.026e+00             235.881           1.112e+01     
   0.000          52.000           -2.519e+00          -7.656e+00             269.551          -4.108e+00             235.512           1.112e+01     
   0.000          53.000           -2.519e+00          -7.470e+00             268.727          -4.193e+00             235.137           1.112e+01     
   0.000          54.000           -2.519e+00          -7.288e+00             267.937          -4.281e+00             234.753           1.112e+01     
   0.000          55.000           -2.519e+00          -7.111e+00             267.178          -4.373e+00             234.362           1.112e+01     
   0.000          56.000           -2.519e+00          -6.939e+00             266.450          -4.467e+00             233.963           1.112e+01     
   0.000          57.000           -2.519e+00          -6.771e+00             265.750          -4.565e+00             233.554           1.112e+01     
   0.000          58.000           -2.519e+00          -6.608e+00             265.076          -4.666e+00             233.136           1.112e+01     
   0.000          59.000           -2.519e+00          -6.449e+00             264.426          -4.771e+00             232.708           1.112e+01     
   0.000          60.000           -2.519e+00          -6.295e+00             263.800          -4.879e+00             232.269           1.112e+01     
   0.000          61.000           -2.519e+00          -6.145e+00             263.195          -4.990e+00             231.819           1.112e+01     
   0.000          62.000           -2.519e+00          -5.999e+00             262.610          -5.106e+00             231.357           1.112e+01     
   0.000          63.000           -2.519e+00          -5.858e+00             262.044          -5.224e+00             230.882           1.112e+01     
   0.000          64.000           -2.519e+00          -5.720e+00             261.496          -5.347e+00             230.395           1.112e+01     
   0.000          65.000           -2.519e+00          -5.587e+00             260.965          -5.473e+00             229.892           1.112e+01     
   0.000          66.000           -2.519e+00          -5.457e+00             260.450          -5.603e+00             229.375           1.112e+01     
   0.000          67.000           -2.519e+00          -5.331e+00             259.950          -5.737e+00             228.842           1.112e+01     
   0.000          68.000           -2.519e+00          -5.209e+00             259.464          -5.875e+00             228.292           1.112e+01     
   0.000          69.000           -2.519e+00          -5.091e+00             258.991          -6.017e+00             227.724           1.112e+01     
   0.000          70.000           -2.519e+00          -4.976e+00             258.530          -6.163e+00             227.137           1.112e+01     
   0.000          71.000           -2.519e+00          -4.865e+00             258.082          -6.314e+00             226.530           1.112e+01     
   0.000          72.000           -2.519e+00          -4.758e+00             257.644          -6.469e+00             225.900           1.112e+01     
   0.000          73.000           -2.519e+00          -4.654e+00             257.218          -6.628e+00             225.248           1.112e+01     
   0.000          74.000           -2.519e+00          -4.553e+00             256.801          -6.792e+00             224.570           1.112e+01     
   0.000          75.000           -2.519e+00          -4.455e+00             256.393          -6.960e+00             223.867           1.112e+01     
   0.000          76.000           -2.519e+00          -4.361e+00             255.994          -7.133e+00             223.135           1.112e+01     
   0.000          77.000           -2.519e+00          -4.270e+00             255.604          -7.310e+00             222.373           1.112e+01     
   0.000          78.000           -2.519e+00          -4.182e+00             255.222          -7.493e+00             221.579           1.112e+01     
   0.000          79.000           -2.519e+00          -4.098e+00             254.847          -7.680e+00             220.750           1.112e+01     
   0.000          80.000           -2.519e+00          -4.016e+00             254.480          -7.872e+00             219.885           1.112e+01     
   0.000          81.000           -2.519e+00          -3.938e+00             254.119          -8.069e+00             218.979           1.112e+01     
   0.000          82.000           -2.519e+00          -3.862e+00             253.764          -8.271e+00             218.031           1.112e+01     
   0.000          83.000           -2.519e+00          -3.789e+00             253.415          -8.478e+00             217.038           1.112e+01     
   0.000          84.000           -2.519e+00          -3.720e+00             253.072          -8.690e+00             215.995           1.112e+01     
   0.000          85.000           -2.519e+00          -3.653e+00             252.735          -8.906e+00             214.900           1.112e+01     
   0.000          86.000           -2.519e+00          -3.589e+00             252.402          -9.128e+00             213.748           1.112e+01     
   0.000          87.000           -2.519e+00          -3.528e+00             252.075          -9.354e+00             212.535           1.112e+01     
   0.000          88.000           -2.519e+00          -3.469e+00             251.751          -9.585e+00             211.256           1.112e+01     
   0.000          89.000           -2.519e+00          -3.414e+00             251.432          -9.820e+00             209.907           1.112e+01     
   0.000          90.000           -2.519e+00          -3.361e+00             251.117          -1.006e+01             208.482           1.112e+01     
   0.000          91.000           -2.519e+00          -3.311e+00             250.806          -1.030e+01             206.975           1.112e+01     
   0.000          92.000           -2.519e+00          -3.263e+00             250.498          -1.055e+01             205.382           1.112e+01     
   0.000          93.000           -2.519e+00          -3.218e+00             250.193          -1.080e+01             203.695           1.112e+01     
   0.000          94.000           -2.519e+00          -3.176e+00             249.891          -1.105e+01             201.908           1.112e+01     
   0.000          95.000           -2.519e+00          -3.136e+00             249.593          -1.130e+01             200.015           1.112e+01     
   0.000          96.000           -2.519e+00          -3.099e+00             249.296          -1.155e+01             198.009           1.112e+01     
   0.000          97.000           -2.519e+00          -3.064e+00             249.003          -1.180e+01             195.883           1.112e+01     
   0.000          98.000           -2.519e+00          -3.032e+00             248.711          -1.205e+01             193.633           1.112e+01     
   0.000          99.000           -2.519e+00          -3.003e+00             248.422          -1.229e+01             191.252           1.112e+01     
   0.000         100.000           -2.519e+00          -2.976e+00             248.134          -1.253e+01             188.736           1.112e+01     
   0.000         101.000           -2.519e+00          -2.952e+00             247.849          -1.275e+01             186.082           1.112e+01     
   0.000         102.000           -2.519e+00          -2.930e+00             247.564          -1.297e+01             183.290           1.112e+01     
   0.000         103.000           -2.519e+00          -2.910e+00             247.281          -1.317e+01             180.360           1.112e+01     
   0.000         104.000           -2.519e+00          -2.893e+00             246.999          -1.335e+01             177.297           1.112e+01     
   0.000         105.000           -2.519e+00          -2.879e+00             246.719          -1.352e+01             174.108           1.112e+01     
   0.000         106.000           -2.519e+00          -2.867e+00             246.439          -1.366e+01             170.803           1.112e+01     
   0.000         107.000           -2.519e+00          -2.857e+00             246.160          -1.378e+01             167.399           1.112e+01     
   0.000         108.000           -2.519e+00          -2.850e+00             245.881          -1.387e+01             163.912           1.112e+01     
   0.000         109.000           -2.519e+00          -2.845e+00             245.603          -1.393e+01             160.364           1.112e+01     
   0.000         110.000           -2.519e+00          -2.843e+00             245.325          -1.396e+01             156.779           1.112e+01     
   0.000         111.000           -2.519e+00          -2.843e+00             245.047          -1.396e+01             153.183           1.112e+01     
   0.000         112.000           -2.519e+00          -2.845e+00             244.768          -1.392e+01             149.601           1.112e+01     
   0.000         113.000           -2.519e+00          -2.850e+00             244.490          -1.386e+01             146.059           1.112e+01     
   0.000         114.000           -2.519e+00          -2.858e+00             244.211          -1.377e+01             142.582           1.112e+01     
   0.000         115.000           -2.519e+00          -2.868e+00             243.932          -1.365e+01             139.188           1.112e+01     
   0.000         116.000           -2.519e+00          -2.880e+00             243.652          -1.350e+01             135.897           1.112e+01     
   0.000         117.000           -2.519e+00          -2.895e+00             243.371          -1.333e+01             132.723           1.112e+01     
   0.000         118.000           -2.519e+00          -2.912e+00             243.089          -1.315e+01             129.676           1.112e+01     
   0.000         119.000           -2.519e+00          -2.932e+00             242.806          -1.294e+01             126.763           1.112e+01     
   0.000         120.000           -2.519e+00          -2.954e+00             242.522          -1.273e+01             123.988           1.112e+01     
   0.000         121.000           -2.519e+00          -2.979e+00             242.236          -1.250e+01             121.351           1.112e+01     
   0.000         122.000           -2.519e+00          -3.006e+00             241.948          -1.226e+01             118.852           1.112e+01     
   0.000         123.000           -2.519e+00          -3.036e+00             241.658          -1.202e+01             116.488           1.112e+01     
   0.000         124.000           -2.519e+00          -3.069e+00             241.367          -1.177e+01             114.253           1.112e+01     
   0.000         125.000           -2.519e+00          -3.103e+00             241.073          -1.152e+01             112.143           1.112e+01     
   0.000         126.000           -2.519e+00          -3.141e+00             240.776          -1.127e+01             110.151           1.112e+01     
   0.000         127.000           -2.519e+00          -3.181e+00             240.477          -1.102e+01             108.271           1.112e+01     
   0.000         128.000           -2.519e+00          -3.224e+00             240.175          -1.077e+01             106.497           1.112e+01     
   0.000         129.000           -2.519e+00          -3.269e+00             239.870          -1.052e+01             104.822           1.112e+01     
   0.000         130.000           -2.519e+00          -3.317e+00             239.562          -1.027e+01             103.239           1.112e+01     
   0.000         131.000           -2.519e+00          -3.367e+00             239.250          -1.003e+01             101.743           1.112e+01     
   0.000         132.000           -2.519e+00          -3.421e+00             238.934          -9.791e+00             100.328           1.112e+01     
   0.000         133.000           -2.519e+00          -3.476e+00             238.615          -9.556e+00              98.988           1.112e+01     
   0.000         134.000           -2.519e+00          -3.535e+00             238.291          -9.326e+00              97.718           1.112e+01     
   0.000         135.000           -2.519e+00          -3.597e+00             237.962          -9.100e+00              96.512           1.112e+01     
   0.000         136.000           -2.519e+00          -3.661e+00             237.629          -8.879e+00              95.367           1.112e+01     
   0.000         137.000           -2.519e+00          -3.728e+00             237.291          -8.663e+00              94.279           1.112e+01     
   0.000         138.000           -2.519e+00          -3.798e+00             236.947          -8.452e+00              93.242           1.112e+01     
   0.000         139.000           -2.519e+00          -3.871e+00             236.598          -8.246e+00              92.255           1.112e+01     
   0.000         140.000           -2.519e+00          -3.947e+00             236.243          -8.044e+00              91.312           1.112e+01     
   0.000         141.000           -2.519e+00          -4.026e+00             235.881          -7.848e+00              90.412           1.112e+01     
   0.000         142.000           -2.519e+00          -4.108e+00             235.512          -7.656e+00              89.551           1.112e+01     
   0.000         143.000           -2.519e+00          -4.193e+00             235.137          -7.470e+00              88.727           1.112e+01     
   0.000         144.000           -2.519e+00          -4.281e+00             234.753          -7.288e+00              87.937           1.112e+01     
   0.000         145.000           -2.519e+00          -4.373e+00             234.362          -7.111e+00              87.178           1.112e+01     
   0.000         146.000           -2.519e+00          -4.467e+00             233.963          -6.939e+00              86.450           1.112e+01     
   0.000         147.000           -2.519e+00          -4.565e+00             233.554          -6.771e+00              85.750           1.112e+01     
   0.000         148.000           -2.519e+00          -4.666e+00             233.136          -6.608e+00              85.076           1.112e+01     
   0.000         149.000           -2.519e+00          -4.771e+00             232.708          -6.449e+00              84.426           1.112e+01     
   0.000         150.000           -2.519e+00          -4.879e+00             232.269          -6.295e+00              83.800           1.112e+01     
   0.000         151.000           -2.519e+00          -4.990e+00             231.819          -6.145e+00              83.195           1.112e+01     
   0.000         152.000           -2.519e+00          -5.106e+00             231.357          -5.999e+00              82.610           1.112e+01     
   0.000         153.000           -2.519e+00          -5.224e+00             230.882          -5.858e+00              82.044           1.112e+01     
   0.000         154.000           -2.519e+00          -5.347e+00             230.395          -5.720e+00              81.496           1.112e+01     
   0.000         155.000           -2.519e+00          -5.473e+00             229.892          -5.587e+00              80.965           1.112e+01     
   0.000         156.000           -2.519e+00          -5.603e+00             229.375          -5.457e+00              80.450           1.112e+01     
   0.000         157.000           -2.519e+00          -5.737e+00             228.842          -5.331e+00              79.950           1.112e+01     
   0.000         158.000           -2.519e+00          -5.875e+00             228.292          -5.209e+00              79.464           1.112e+01     
   0.000         159.000           -2.519e+00          -6.017e+00             227.724          -5.091e+00              78.991           1.112e+01     
   0.000         160.000           -2.519e+00          -6.163e+00             227.137          -4.976e+00              78.530           1.112e+01     
   0.000         161.000           -2.519e+00          -6.314e+00             226.530          -4.865e+00              78.082           1.112e+01     
   0.000         162.000           -2.519e+00          -6.469e+00             225.900          -4.758e+00              77.644           1.112e+01     
   0.000         163.000           -2.519e+00          -6.628e+00             225.248          -4.654e+00              77.218           1.112e+01     
   0.000         164.000           -2.519e+00          -6.792e+00             224.570          -4.553e+00              76.801           1.112e+01     
   0.000         165.000           -2.519e+00          -6.960e+00             223.867          -4.455e+00              76.393           1.112e+01     
   0.000         166.000           -2.519e+00          -7.133e+00             223.135          -4.361e+00              75.994           1.112e+01     
   0.000         167.000           -2.519e+00          -7.310e+00             222.373          -4.270e+00              75.604           1.112e+01     
   0.000         168.000           -2.519e+00          -7.493e+00             221.579          -4.182e+00              75.222           1.112e+01     
   0.000         169.000           -2.519e+00          -7.680e+00             220.750          -4.098e+00              74.847           1.112e+01     
   0.000         170.000           -2.519e+00          -7.872e+00             219.885          -4.016e+00              74.480           1.112e+01     
   0.000         171.000           -2.519e+00          -8.069e+00             218.979          -3.938e+00              74.119           1.112e+01     
   0.000         172.000           -2.519e+00          -8.271e+00             218.031          -3.862e+00              73.764           1.112e+01     
   0.000         173.000           -2.519e+00          -8.478e+00             217.038          -3.789e+00              73.415           1.112e+01     
   0.000         174.000           -2.519e+00          -8.690e+00             215.995          -3.720e+00              73.072           1.112e+01     
   0.000         175.000           -2.519e+00          -8.906e+00             214.900          -3.653e+00              72.735           1.112e+01     
   0.000         176.000           -2.519e+00          -9.128e+00             213.748          -3.589e+00              72.402           1.112e+01     
   0.000         177.000           -2.519e+00          -9.354e+00             212.535          -3.528e+00              72.075           1.112e+01     
   0.000         178.000           -2.519e+00          -9.585e+00             211.256          -3.469e+00              71.751           1.112e+01     
   0.000         179.000           -2.519e+00          -9.820e+00             209.907          -3.414e+00              71.432           1.112e+01     
   0.000         180.000           -2.519e+00          -1.006e+01             208.482          -3.361e+00              71.117           1.112e+01     
   0.000         181.000           -2.519e+00          -1.030e+01             206.975          -3.311e+00              70.806           1.112e+01     
   0.000         182.000           -2.519e+00          -1.055e+01             205.382          -3.263e+00              70.498           1.112e+01     
   0.000         183.000           -2.519e+00          -1.080e+01             203.695          -3.218e+00              70.193           1.112e+01     
   0.000         184.000           -2.519e+00          -1.105e+01             201.908          -3.176e+00              69.891           1.112e+01     
   0.000         185.000           -2.519e+00          -1.130e+01             200.015          -3.136e+00              69.593           1.112e+01     
   0.000         186.000           -2.519e+00          -1.155e+01             198.009          -3.099e+00              69.296           1.112e+01     
   0.000         187.000           -2.519e+00          -1.180e+01             195.883          -3.064e+00              69.003           1.112e+01     
   0.000         188.000           -2.519e+00          -1.205e+01             193.633          -3.032e+00              68.711           1.112e+01     
   0.000         189.000           -2.519e+00          -1.229e+01             191.252          -3.003e+00              68.422           1.112e+01     
   0.000         190.000           -2.519e+00          -1.253e+01             188.736          -2.976e+00              68.134           1.112e+01     
   0.000         191.000           -2.519e+00          -1.275e+01             186.082          -2.952e+00              67.849           1.112e+01     
   0.000         192.000           -2.519e+00          -1.297e+01             183.290          -2.930e+00              67.564           1.112e+01     
   0.000         193.000           -2.519e+00          -1.317e+01             180.360          -2.910e+00              67.281           1.112e+01     
   0.000         194.000           -2.519e+00          -1.335e+01             177.297          -2.893e+00              66.999           1.112e+01     
   0.000         195.000           -2.519e+00          -1.352e+01             174.108          -2.879e+00              66.719           1.112e+01     
   0.000         196.000           -2.519e+00          -1.366e+01             170.803          -2.867e+00              66.439           1.112e+01     
   0.000         197.000           -2.519e+00          -1.378e+01             167.399          -2.857e+00              66.160           1.112e+01     
   0.000         198.000           -2.519e+00          -1.387e+01             163.912          -2.850e+00              65.881           1.112e+01     
   0.000         199.000           -2.519e+00          -1.393e+01             160.364          -2.845e+00              65.603           1.112e+01     
   0.000         200.000           -2.519e+00          -1.396e+01             156.779          -2.843e+00              65.325           1.112e+01     
   0.000         201.000           -2.519e+00          -1.396e+01             153.183          -2.843e+00              65.047           1.112e+01     
   0.000         202.000           -2.519e+00          -1.392e+01             149.601          -2.845e+00              64.768           1.112e+01     
   0.000         203.000           -2.519e+00          -1.386e+01             146.059          -2.850e+00              64.490           1.112e+01     
   0.000         204.000           -2.519e+00          -1.377e+01             142.582          -2.858e+00              64.211           1.112e+01     
   0.000         205.000           -2.519e+00          -1.365e+01             139.188          -2.868e+00              63.932           1.112e+01     
   0.000         206.000           -2.519e+00          -1.350e+01             135.897          -2.880e+00              63.652           1.112e+01     
   0.000         207.000           -2.519e+00          -1.333e+01             132.723          -2.895e+00              63.371           1.112e+01     
   0.000         208.000           -2.519e+00          -1.315e+01             129.676          -2.912e+00              63.089           1.112e+01     
   0.000         209.000           -2.519e+00          -1.294e+01             126.763          -2.932e+00              62.806           1.112e+01     
   0.000         210.000           -2.519e+00          -1.273e+01             123.988          -2.954e+00              62.522           1.112e+01     
   0.000         211.000           -2.519e+00          -1.250e+01             121.351          -2.979e+00              62.236           1.112e+01     
   0.000         212.000           -2.519e+00          -1.226e+01             118.852          -3.006e+00              61.948           1.112e+01     
   0.000         213.000           -2.519e+00          -1.202e+01             116.488          -3.036e+00              61.658           1.112e+01     
   0.000         214.000           -2.519e+00          -1.177e+01             114.253          -3.069e+00              61.367           1.112e+01     
   0.000         215.000           -2.519e+00          -1.152e+01             112.143          -3.103e+00              61.073           1.112e+01     
   0.000         216.000           -2.519e+00          -1.127e+01             110.151          -3.141e+00              60.776           1.112e+01     
   0.000         217.000           -2.519e+00          -1.102e+01             108.271          -3.181e+00              60.477           1.112e+01     
   0.000         218.000           -2.519e+00          -1.077e+01             106.497          -3.224e+00              60.175           1.112e+01     
   0.000         219.000           -2.519e+00          -1.052e+01             104.822          -3.269e+00              59.870           1.112e+01     
   0.000         220.000           -2.519e+00          -1.027e+01             103.239          -3.317e+00              59.562           1.112e+01     
   0.000         221.000           -2.519e+00          -1.003e+01             101.743          -3.367e+00              59.250           1.112e+01     
   0.000         222.000           -2.519e+00          -9.791e+00             100.328          -3.421e+00              58.934           1.112e+01     
   0.000         223.000           -2.519e+00          -9.556e+00              98.988          -3.476e+00              58.615           1.112e+01     
   0.000         224.000           -2.519e+00          -9.326e+00              97.718          -3.535e+00              58.291           1.112e+01     
   0.000         225.000           -2.519e+00          -9.100e+00              96.512          -3.597e+00              57.962           1.112e+01     
   0.000         226.000           -2.519e+00          -8.879e+00              95.367          -3.661e+00              57.629           1.112e+01     
   0.000         227.000           -2.519e+00          -8.663e+00              94.279          -3.728e+00              57.291           1.112e+01     
   0.000         228.000           -2.519e+00          -8.452e+00              93.242          -3.798e+00              56.947           1.112e+01     
   0.000         229.000           -2.519e+00          -8.246e+00              92.255          -3.871e+00              56.598           1.112e+01     
   0.000         230.000           -2.519e+00          -8.044e+00              91.312          -3.947e+00              56.243           1.112e+01     
   0.000         231.000           -2.519e+00          -7.848e+00              90.412          -4.026e+00              55.881           1.112e+01     
   0.000         232.000           -2.519e+00          -7.656e+00              89.551          -4.108e+00              55.512           1.112e+01     
   0.000         233.000           -2.519e+00          -7.470e+00              88.727          -4.193e+00              55.137           1.112e+01     
   0.000         234.000           -2.519e+00          -7.288e+00              87.937          -4.281e+00              54.753           1.112e+01     
   0.000         235.000           -2.519e+00          -7.111e+00              87.178          -4.373e+00              54.362           1.112e+01     
   0.000         236.000           -2.519e+00          -6.939e+00              86.450          -4.467e+00              53.963           1.112e+01     
   0.000         237.000           -2.519e+00          -6.771e+00              85.750          -4.565e+00              53.554           1.112e+01     
   0.000         238.000           -2.519e+00          -6.608e+00              85.076          -4.666e+00              53.136           1.112e+01     
   0.000         239.000           -2.519e+00          -6.449e+00              84.426          -4.771e+00              52.708           1.112e+01     
   0.000         240.000           -2.519e+00          -6.295e+00              83.800          -4.879e+00              52.269           1.112e+01     
   0.000         241.000           -2.519e+00          -6.145e+00              83.195          -4.990e+00              51.819           1.112e+01     
   0.000         242.000           -2.519e+00          -5.999e+00              82.610          -5.106e+00              51.357           1.112e+01     
   0.000         243.000           -2.519e+00          -5.858e+00              82.044          -5.224e+00              50.882           1.112e+01     
   0.000         244.000           -2.519e+00          -5.720e+00              81.496          -5.347e+00              50.395           1.112e+01     
   0.000         245.000           -2.519e+00          -5.587e+00              80.965          -5.473e+00              49.892           1.112e+01     
   0.000         246.000           -2.519e+00          -5.457e+00              80.450          -5.603e+00              49.375           1.112e+01     
   0.000         247.000           -2.519e+00          -5.331e+00              79.950          -5.737e+00              48.842           1.112e+01     
   0.000         248.000           -2.519e+00          -5.209e+00              79.464          -5.875e+00              48.292           1.112e+01     
   0.000         249.000           -2.519e+00          -5.091e+00              78.991          -6.017e+00              47.724           1.112e+01     
   0.000         250.000           -2.519e+00          -4.976e+00              78.530          -6.163e+00              47.137           1.112e+01     
   0.000         251.000           -2.519e+00          -4.865e+00              78.082          -6.314e+00              46.530           1.112e+01     
   0.000         252.000           -2.519e+00          -4.758e+00              77.644          -6.469e+00              45.900           1.112e+01     
   0.000         253.000           -2.519e+00          -4.654e+00              77.218          -6.628e+00              45.248           1.112e+01     
   0.000         254.000           -2.519e+00          -4.553e+00              76.801          -6.792e+00              44.570           1.112e+01     
   0.000         255.000           -2.519e+00          -4.455e+00              76.393          -6.960e+00              43.867           1.112e+01     
   0.000         256.000           -2.519e+00          -4.361e+00              75.994          -7.133e+00              43.135           1.112e+01     
   0.000         257.000           -2.519e+00          -4.270e+00              75.604          -7.310e+00              42.373           1.112e+01     
   0.000         258.000           -2.519e+00          -4.182e+00              75.222          -7.493e+00              41.579           1.112e+01     
   0.000         259.000           -2.519e+00          -4.098e+00              74.847          -7.680e+00              40.750           1.112e+01     
   0.000         260.000           -2.519e+00          -4.016e+00              74.480          -7.872e+00              39.885           1.112e+01     
   0.000         261.000           -2.519e+00          -3.938e+00              74.119          -8.069e+00              38.979           1.112e+01     
   0.000         262.000           -2.519e+00          -3.862e+00              73.764          -8.271e+00              38.031           1.112e+01     
   0.000         263.000           -2.519e+00          -3.789e+00              73.415          -8.478e+00              37.038           1.112e+01     
   0.000         264.000           -2.519e+00          -3.720e+00              73.072          -8.690e+00              35.995           1.112e+01     
   0.000         265.000           -2.519e+00          -3.653e+00              72.735          -8.906e+00              34.900           1.112e+01     
   0.000         266.000           -2.519e+00          -3.589e+00              72.402          -9.128e+00              33.748           1.112e+01     
   0.000         267.000           -2.519e+00          -3.528e+00              72.075          -9.354e+00              32.535           1.112e+01     
   0.000         268.000           -2.519e+00          -3.469e+00              71.751          -9.585e+00              31.256           1.112e+01     
   0.000         269.000           -2.519e+00          -3.414e+00              71.432          -9.820e+00              29.907           1.112e+01     
   0.000         270.000           -2.519e+00          -3.361e+00              71.117          -1.006e+01              28.482           1.112e+01     
   0.000         271.000           -2.519e+00          -3.311e+00              70.806          -1.030e+01              26.975           1.112e+01     
   0.000         272.000           -2.519e+00          -3.263e+00              70.498          -1.055e+01              25.382           1.112e+01     
   0.000         273.000           -2.519e+00          -3.218e+00              70.193          -1.080e+01              23.695           1.112e+01     
   0.000         274.000           -2.519e+00          -3.176e+00              69.891          -1.105e+01              21.908           1.112e+01     
   0.000         275.000           -2.519e+00          -3.136e+00              69.593          -1.130e+01              20.015           1.112e+01     
   0.000         276.000           -2.519e+00          -3.099e+00              69.296          -1.155e+01              18.009           1.112e+01     
   0.000         277.000           -2.519e+00          -3.064e+00              69.003          -1.180e+01              15.883           1.112e+01     
   0.000         278.000           -2.519e+00          -3.032e+00              68.711          -1.205e+01              13.633           1.112e+01     
   0.000         279.000           -2.519e+00          -3.003e+00              68.422          -1.229e+01              11.252           1.112e+01     
   0.000         280.000           -2.519e+00          -2.976e+00              68.134          -1.253e+01               8.736           1.112e+01     
   0.000         281.000           -2.519e+00          -2.952e+00              67.849          -1.275e+01               6.082           1.112e+01     
   0.000         282.000           -2.519e+00          -2.930e+00              67.564          -1.297e+01               3.290           1.112e+01     
   0.000         283.000           -2.519e+00          -2.910e+00              67.281          -1.317e+01               0.360           1.112e+01     
   0.000         284.000           -2.519e+00          -2.893e+00              66.999          -1.335e+01             357.297           1.112e+01     
   0.000         285.000           -2.519e+00          -2.879e+00              66.719          -1.352e+01             354.108           1.112e+01     
   0.000         286.000           -2.519e+00          -2.867e+00              66.439          -1.366e+01             350.803           1.112e+01     
   0.000         287.000           -2.519e+00          -2.857e+00              66.160          -1.378e+01             347.399           1.112e+01     
   0.000         288.000           -2.519e+00          -2.850e+00              65.881          -1.387e+01             343.912           1.112e+01     
   0.000         289.000           -2.519e+00          -2.845e+00              65.603          -1.393e+01             340.364           1.112e+01     
   0.000         290.000           -2.519e+00          -2.843e+00              65.325          -1.396e+01             336.779           1.112e+01     
   0.000         291.000           -2.519e+00          -2.843e+00              65.047          -1.396e+01             333.183           1.112e+01     
   0.000         292.000           -2.519e+00          -2.845e+00              64.768          -1.392e+01             329.601           1.112e+01     
   0.000         293.000           -2.519e+00          -2.850e+00              64.490          -1.386e+01             326.059           1.112e+01     
   0.000         294.000           -2.519e+00          -2.858e+00              64.211          -1.377e+01             322.582           1.112e+01     
   0.000         295.000           -2.519e+00          -2.868e+00              63.932          -1.365e+01             319.188           1.112e+01     
   0.000         296.000           -2.519e+00          -2.880e+00              63.652          -1.350e+01             315.897           1.112e+01     
   0.000         297.000           -2.519e+00          -2.895e+00              63.371          -1.333e+01             312.723           1.112e+01     
   0.000         298.000           -2.519e+00          -2.912e+00              63.089          -1.315e+01             309.676           1.112e+01     
   0.000         299.000           -2.519e+00          -2.932e+00              62.806          -1.294e+01             306.763           1.112e+01     
   0.000         300.000           -2.519e+00          -2.954e+00              62.522          -1.273e+01             303.988           1.112e+01     
   0.000         301.000           -2.519e+00          -2.979e+00              62.236          -1.250e+01             301.351           1.112e+01     
   0.000         302.000           -2.519e+00          -3.006e+00              61.948          -1.226e+01             298.852           1.112e+01     
   0.000         303.000           -2.519e+00          -3.036e+00              61.658          -1.202e+01             296.488           1.112e+01     
   0.000         304.000           -2.519e+00          -3.069e+00              61.367          -1.177e+01             294.253           1.112e+01     
   0.000         305.000           -2.519e+00          -3.103e+00              61.073          -1.152e+01             292.143           1.112e+01     
   0.000         306.000           -2.519e+00          -3.141e+00              60.776          -1.127e+01             290.151           1.112e+01     
   0.000         307.000           -2.519e+00          -3.181e+00              60.477          -1.102e+01             288.271           1.112e+01     
   0.000         308.000           -2.519e+00          -3.224e+00              60.175          -1.077e+01             286.497           1.112e+01     
   0.000         309.000           -2.519e+00          -3.269e+00              59.870          -1.052e+01             284.822           1.112e+01     
   0.000         310.000           -2.519e+00          -3.317e+00              59.562          -1.027e+01             283.239           1.112e+01     
   0.000         311.000           -2.519e+00          -3.367e+00              59.250          -1.003e+01             281.743           1.112e+01     
   0.000         312.000           -2.519e+00          -3.421e+00              58.934          -9.791e+00             280.328           1.112e+01     
   0.000         313.000           -2.519e+00          -3.476e+00              58.615          -9.556e+00             278.988           1.112e+01     
   0.000         314.000           -2.519e+00          -3.535e+00              58.291          -9.326e+00             277.718           1.112e+01     
   0.000         315.000           -2.519e+00          -3.597e+00              57.962          -9.100e+00             276.512           1.112e+01     
   0.000         316.000           -2.519e+00          -3.661e+00              57.629          -8.879e+00             275.367           1.112e+01     
   0.000         317.000           -2.519e+00          -3.728e+00              57.291          -8.663e+00             274.279           1.112e+01     
   0.000         318.000           -2.519e+00          -3.798e+00              56.947          -8.452e+00             273.242           1.112e+01     
   0.000         319.000           -2.519e+00          -3.871e+00              56.598          -8.246e+00             272.255           1.112e+01     
   0.000         320.000           -2.519e+00          -3.947e+00              56.243          -8.044e+00             271.312           1.112e+01     
   0.000         321.000           -2.519e+00          -4.026e+00              55.881          -7.848e+00             270.412           1.112e+01     
   0.000         322.000           -2.519e+00          -4.108e+00              55.512          -7.656e+00             269.551           1.112e+01     
   0.000         323.000           -2.519e+00          -4.193e+00              55.137          -7.470e+00             268.727           1.112e+01     
   0.000         324.000           -2.519e+00          -4.281e+00              54.753          -7.288e+00             267.937           1.112e+01     
   0.000         325.000           -2.519e+00          -4.373e+00              54.362          -7.111e+00             267.178           1.112e+01     
   0.000         326.000           -2.519e+00          -4.467e+00              53.963          -6.939e+00             266.450           1.112e+01     
   0.000         327.000           -2.519e+00          -4.565e+00              53.554          -6.771e+00             265.750           1.112e+01     
   0.000         328.000           -2.519e+00          -4.666e+00              53.136          -6.608e+00             265.076           1.112e+01     
   0.000         329.000           -2.519e+00          -4.771e+00              52.708          -6.449e+00             264.426           1.112e+01     
   0.000         330.000           -2.519e+00          -4.879e+00              52.269          -6.295e+00             263.800           1.112e+01     
   0.000         331.000           -2.519e+00          -4.990e+00              51.819          -6.145e+00             263.195           1.112e+01     
   0.000         332.000           -2.519e+00          -5.106e+00              51.357          -5.999e+00             262.610           1.112e+01     
   0.000         333.000           -2.519e+00          -5.224e+00              50.882          -5.858e+00             262.044           1.112e+01     
   0.000         334.000           -2.519e+00          -5.347e+00              50.395          -5.720e+00             261.496           1.112e+01     
   0.000         335.000           -2.519e+00          -5.473e+00              49.892          -5.587e+00             260.965           1.112e+01     
   0.000         336.000           -2.519e+00          -5.603e+00              49.375          -5.457e+00             260.450           1.112e+01     
   0.000         337.000           -2.519e+00          -5.737e+00              48.842          -5.331e+00             259.950           1.112e+01     
   0.000         338.000           -2.519e+00          -5.875e+00              48.292          -5.209e+00             259.464           1.112e+01     
   0.000         339.000           -2.519e+00          -6.017e+00              47.724          -5.091e+00             258.991           1.112e+01     
   0.000         340.000           -2.519e+00          -6.163e+00              47.137          -4.976e+00             258.530           1.112e+01     
   0.000         341.000           -2.519e+00          -6.314e+00              46.530          -4.865e+00             258.082           1.112e+01     
   0.000         342.000           -2.519e+00          -6.469e+00              45.900          -4.758e+00             257.644           1.112e+01     
   0.000         343.000           -2.519e+00          -6.628e+00              45.248          -4.654e+00             257.218           1.112e+01     
   0.000         344.000           -2.519e+00          -6.792e+00              44.570          -4.553e+00             256.801           1.112e+01     
   0.000         345.000           -2.519e+00          -6.960e+00              43.867          -4.455e+00             256.393           1.112e+01     
   0.000         346.000           -2.519e+00          -7.133e+00              43.135          -4.361e+00             255.994           1.112e+01     
   0.000         347.000           -2.519e+00          -7.310e+00              42.373          -4.270e+00             255.604           1.112e+01     
   0.000         348.000           -2.519e+00          -7.493e+00              41.579          -4.182e+00             255.222           1.112e+01     
   0.000         349.000           -2.519e+00          -7.680e+00              40.750          -4.098e+00             254.847           1.112e+01     
   0.000         350.000           -2.519e+00          -7.872e+00              39.885          -4.016e+00             254.480           1.112e+01     
   0.000         351.000           -2.519e+00          -8.069e+00              38.979          -3.938e+00             254.119           1.112e+01     
   0.000         352.000           -2.519e+00          -8.271e+00              38.031          -3.862e+00             253.764           1.112e+01     
   0.000         353.000           -2.519e+00          -8.478e+00              37.038          -3.789e+00             253.415           1.112e+01     
   0.000         354.000           -2.519e+00          -8.690e+00              35.995          -3.720e+00             253.072           1.112e+01     
   0.000         355.000           -2.519e+00          -8.906e+00              34.900          -3.653e+00             252.735           1.112e+01     
   0.000         356.000           -2.519e+00          -9.128e+00              33.748          -3.589e+00             252.402           1.112e+01     
   0.000         357.000           -2.519e+00          -9.354e+00              32.535          -3.528e+00             252.075           1.112e+01     
   0.000         358.000           -2.519e+00          -9.585e+00              31.256          -3.469e+00             251.751           1.112e+01     
   0.000         359.000           -2.519e+00          -9.820e+00              29.907          -3.414e+00             251.432           1.112e+01     
