Theta [deg.]  Phi   [deg.]  Abs(Dir.)[dBi   ]   Abs(Theta)[dBi   ]  Phase(Theta)[deg.]  Abs(Phi  )[dBi   ]  Phase(Phi  )[deg.]  Ax.Ratio[dB    ]    
------------------------------------------------------------------------------------------------------------------------------------------------------
 135.000           0.000           -7.105e-01          -2.283e+01              88.373          -7.372e-01             285.391           3.281e+01     
 135.000           1.000           -7.135e-01          -2.143e+01              92.909          -7.504e-01             285.475           3.400e+01     
 135.000           2.000           -7.175e-01          -2.020e+01              96.267          -7.667e-01             285.558           3.537e+01     
 135.000           3.000           -7.226e-01          -1.910e+01              98.840          -7.861e-01             285.639           3.698e+01     
 135.000           4.000           -7.287e-01          -1.812e+01             100.871          -8.086e-01             285.718           3.893e+01     
 135.000           5.000           -7.358e-01          -1.723e+01             102.513          -8.343e-01             285.796           4.000e+01     
 135.000           6.000           -7.440e-01          -1.642e+01             103.870          -8.631e-01             285.872           4.000e+01     
 135.000           7.000           -7.532e-01          -1.568e+01             105.010          -8.951e-01             285.947           4.000e+01     
 135.000           8.000           -7.634e-01          -1.500e+01             105.983          -9.303e-01             286.020           4.000e+01     
 135.000           9.000           -7.745e-01          -1.437e+01             106.825          -9.687e-01             286.091           4.000e+01     
 135.000          10.000           -7.867e-01          -1.378e+01             107.561          -1.010e+00             286.161           4.000e+01     
 135.000          11.000           -7.999e-01          -1.323e+01             108.212          -1.055e+00             286.229           4.000e+01     
 135.000          12.000           -8.140e-01          -1.272e+01             108.792          -1.104e+00             286.296           3.941e+01     
 135.000          13.000           -8.290e-01          -1.223e+01             109.315          -1.155e+00             286.361           3.749e+01     
 135.000          14.000           -8.450e-01          -1.178e+01             109.788          -1.210e+00             286.425           3.593e+01     
 135.000          15.000           -8.619e-01          -1.135e+01             110.220          -1.269e+00             286.487           3.462e+01     
 135.000          16.000           -8.796e-01          -1.094e+01             110.618          -1.331e+00             286.547           3.348e+01     
 135.000          17.000           -8.982e-01          -1.055e+01             110.985          -1.396e+00             286.606           3.249e+01     
 135.000          18.000           -9.177e-01          -1.018e+01             111.326          -1.465e+00             286.663           3.161e+01     
 135.000          19.000           -9.380e-01          -9.833e+00             111.644          -1.538e+00             286.719           3.081e+01     
 135.000          20.000           -9.590e-01          -9.499e+00             111.943          -1.614e+00             286.773           3.009e+01     
 135.000          21.000           -9.808e-01          -9.179e+00             112.225          -1.694e+00             286.826           2.943e+01     
 135.000          22.000           -1.003e+00          -8.873e+00             112.492          -1.778e+00             286.876           2.882e+01     
 135.000          23.000           -1.027e+00          -8.581e+00             112.746          -1.865e+00             286.925           2.826e+01     
 135.000          24.000           -1.050e+00          -8.300e+00             112.988          -1.957e+00             286.972           2.773e+01     
 135.000          25.000           -1.075e+00          -8.031e+00             113.221          -2.052e+00             287.018           2.724e+01     
 135.000          26.000           -1.100e+00          -7.772e+00             113.444          -2.152e+00             287.061           2.679e+01     
 135.000          27.000           -1.126e+00          -7.524e+00             113.660          -2.256e+00             287.103           2.636e+01     
 135.000          28.000           -1.152e+00          -7.284e+00             113.868          -2.364e+00             287.142           2.595e+01     
 135.000          29.000           -1.178e+00          -7.054e+00             114.071          -2.477e+00             287.180           2.557e+01     
 135.000          30.000           -1.205e+00          -6.832e+00             114.268          -2.594e+00             287.215           2.521e+01     
 135.000          31.000           -1.232e+00          -6.618e+00             114.461          -2.715e+00             287.247           2.486e+01     
 135.000          32.000           -1.260e+00          -6.412e+00             114.649          -2.842e+00             287.277           2.454e+01     
 135.000          33.000           -1.288e+00          -6.213e+00             114.834          -2.973e+00             287.305           2.423e+01     
 135.000          34.000           -1.316e+00          -6.021e+00             115.016          -3.110e+00             287.329           2.394e+01     
 135.000          35.000           -1.344e+00          -5.836e+00             115.196          -3.251e+00             287.350           2.366e+01     
 135.000          36.000           -1.372e+00          -5.657e+00             115.373          -3.398e+00             287.368           2.339e+01     
 135.000          37.000           -1.400e+00          -5.483e+00             115.549          -3.550e+00             287.382           2.314e+01     
 135.000          38.000           -1.428e+00          -5.316e+00             115.723          -3.709e+00             287.392           2.290e+01     
 135.000          39.000           -1.456e+00          -5.154e+00             115.896          -3.873e+00             287.398           2.268e+01     
 135.000          40.000           -1.484e+00          -4.997e+00             116.069          -4.043e+00             287.399           2.246e+01     
 135.000          41.000           -1.511e+00          -4.845e+00             116.240          -4.220e+00             287.395           2.225e+01     
 135.000          42.000           -1.538e+00          -4.698e+00             116.412          -4.404e+00             287.384           2.206e+01     
 135.000          43.000           -1.565e+00          -4.556e+00             116.583          -4.594e+00             287.368           2.187e+01     
 135.000          44.000           -1.591e+00          -4.418e+00             116.755          -4.792e+00             287.345           2.170e+01     
 135.000          45.000           -1.617e+00          -4.285e+00             116.927          -4.998e+00             287.313           2.153e+01     
 135.000          46.000           -1.642e+00          -4.156e+00             117.099          -5.212e+00             287.273           2.138e+01     
 135.000          47.000           -1.666e+00          -4.031e+00             117.273          -5.435e+00             287.224           2.123e+01     
 135.000          48.000           -1.689e+00          -3.909e+00             117.447          -5.666e+00             287.164           2.110e+01     
 135.000          49.000           -1.712e+00          -3.792e+00             117.622          -5.907e+00             287.092           2.097e+01     
 135.000          50.000           -1.733e+00          -3.678e+00             117.798          -6.158e+00             287.006           2.085e+01     
 135.000          51.000           -1.754e+00          -3.568e+00             117.976          -6.420e+00             286.906           2.074e+01     
 135.000          52.000           -1.773e+00          -3.461e+00             118.155          -6.694e+00             286.789           2.064e+01     
 135.000          53.000           -1.791e+00          -3.357e+00             118.335          -6.979e+00             286.652           2.055e+01     
 135.000          54.000           -1.807e+00          -3.256e+00             118.517          -7.278e+00             286.494           2.047e+01     
 135.000          55.000           -1.822e+00          -3.159e+00             118.701          -7.591e+00             286.311           2.040e+01     
 135.000          56.000           -1.836e+00          -3.065e+00             118.886          -7.919e+00             286.100           2.033e+01     
 135.000          57.000           -1.848e+00          -2.973e+00             119.074          -8.263e+00             285.857           2.028e+01     
 135.000          58.000           -1.858e+00          -2.885e+00             119.263          -8.625e+00             285.576           2.023e+01     
 135.000          59.000           -1.867e+00          -2.799e+00             119.454          -9.007e+00             285.252           2.019e+01     
 135.000          60.000           -1.873e+00          -2.716e+00             119.647          -9.409e+00             284.878           2.017e+01     
 135.000          61.000           -1.878e+00          -2.635e+00             119.843          -9.835e+00             284.446           2.015e+01     
 135.000          62.000           -1.880e+00          -2.557e+00             120.040          -1.029e+01             283.943           2.014e+01     
 135.000          63.000           -1.881e+00          -2.482e+00             120.239          -1.076e+01             283.359           2.014e+01     
 135.000          64.000           -1.879e+00          -2.409e+00             120.441          -1.128e+01             282.675           2.015e+01     
 135.000          65.000           -1.875e+00          -2.339e+00             120.645          -1.182e+01             281.872           2.017e+01     
 135.000          66.000           -1.869e+00          -2.270e+00             120.850          -1.240e+01             280.923           2.020e+01     
 135.000          67.000           -1.860e+00          -2.205e+00             121.058          -1.303e+01             279.793           2.024e+01     
 135.000          68.000           -1.848e+00          -2.141e+00             121.269          -1.371e+01             278.435           2.029e+01     
 135.000          69.000           -1.835e+00          -2.080e+00             121.481          -1.444e+01             276.789           2.035e+01     
 135.000          70.000           -1.818e+00          -2.021e+00             121.695          -1.524e+01             274.770           2.043e+01     
 135.000          71.000           -1.799e+00          -1.964e+00             121.912          -1.611e+01             272.260           2.051e+01     
 135.000          72.000           -1.778e+00          -1.909e+00             122.131          -1.705e+01             269.092           2.060e+01     
 135.000          73.000           -1.753e+00          -1.856e+00             122.352          -1.808e+01             265.028           2.070e+01     
 135.000          74.000           -1.726e+00          -1.805e+00             122.575          -1.918e+01             259.729           2.081e+01     
 135.000          75.000           -1.696e+00          -1.756e+00             122.800          -2.033e+01             252.731           2.093e+01     
 135.000          76.000           -1.664e+00          -1.710e+00             123.026          -2.146e+01             243.472           2.106e+01     
 135.000          77.000           -1.629e+00          -1.665e+00             123.255          -2.242e+01             231.510           2.121e+01     
 135.000          78.000           -1.591e+00          -1.622e+00             123.486          -2.297e+01             217.082           2.136e+01     
 135.000          79.000           -1.550e+00          -1.582e+00             123.719          -2.291e+01             201.653           2.152e+01     
 135.000          80.000           -1.506e+00          -1.543e+00             123.953          -2.226e+01             187.367           2.170e+01     
 135.000          81.000           -1.460e+00          -1.506e+00             124.189          -2.122e+01             175.603           2.189e+01     
 135.000          82.000           -1.411e+00          -1.471e+00             124.427          -2.001e+01             166.529           2.208e+01     
 135.000          83.000           -1.359e+00          -1.438e+00             124.666          -1.880e+01             159.680           2.229e+01     
 135.000          84.000           -1.305e+00          -1.407e+00             124.907          -1.763e+01             154.499           2.251e+01     
 135.000          85.000           -1.248e+00          -1.378e+00             125.150          -1.654e+01             150.530           2.274e+01     
 135.000          86.000           -1.188e+00          -1.351e+00             125.393          -1.554e+01             147.441           2.298e+01     
 135.000          87.000           -1.126e+00          -1.326e+00             125.638          -1.461e+01             145.000           2.323e+01     
 135.000          88.000           -1.062e+00          -1.303e+00             125.885          -1.375e+01             143.044           2.349e+01     
 135.000          89.000           -9.953e-01          -1.281e+00             126.132          -1.295e+01             141.459           2.376e+01     
 135.000          90.000           -9.263e-01          -1.262e+00             126.380          -1.221e+01             140.160           2.405e+01     
 135.000          91.000           -8.551e-01          -1.245e+00             126.630          -1.152e+01             139.089           2.434e+01     
 135.000          92.000           -7.817e-01          -1.230e+00             126.880          -1.087e+01             138.199           2.465e+01     
 135.000          93.000           -7.062e-01          -1.216e+00             127.131          -1.026e+01             137.457           2.497e+01     
 135.000          94.000           -6.288e-01          -1.205e+00             127.383          -9.684e+00             136.836           2.530e+01     
 135.000          95.000           -5.494e-01          -1.196e+00             127.636          -9.139e+00             136.316           2.564e+01     
 135.000          96.000           -4.683e-01          -1.189e+00             127.889          -8.623e+00             135.881           2.599e+01     
 135.000          97.000           -3.855e-01          -1.184e+00             128.143          -8.132e+00             135.517           2.636e+01     
 135.000          98.000           -3.010e-01          -1.182e+00             128.397          -7.664e+00             135.214           2.674e+01     
 135.000          99.000           -2.150e-01          -1.181e+00             128.651          -7.217e+00             134.964           2.713e+01     
 135.000         100.000           -1.276e-01          -1.183e+00             128.905          -6.789e+00             134.759           2.753e+01     
 135.000         101.000           -3.889e-02          -1.187e+00             129.160          -6.379e+00             134.593           2.795e+01     
 135.000         102.000            5.109e-02          -1.193e+00             129.414          -5.985e+00             134.462           2.838e+01     
 135.000         103.000            1.422e-01          -1.202e+00             129.669          -5.606e+00             134.361           2.882e+01     
 135.000         104.000            2.344e-01          -1.213e+00             129.923          -5.241e+00             134.287           2.929e+01     
 135.000         105.000            3.275e-01          -1.227e+00             130.177          -4.889e+00             134.237           2.976e+01     
 135.000         106.000            4.215e-01          -1.243e+00             130.431          -4.550e+00             134.207           3.026e+01     
 135.000         107.000            5.162e-01          -1.261e+00             130.684          -4.222e+00             134.196           3.077e+01     
 135.000         108.000            6.116e-01          -1.282e+00             130.937          -3.905e+00             134.201           3.130e+01     
 135.000         109.000            7.076e-01          -1.306e+00             131.189          -3.598e+00             134.221           3.185e+01     
 135.000         110.000            8.040e-01          -1.333e+00             131.441          -3.301e+00             134.255           3.242e+01     
 135.000         111.000            9.009e-01          -1.362e+00             131.692          -3.012e+00             134.300           3.301e+01     
 135.000         112.000            9.980e-01          -1.395e+00             131.942          -2.732e+00             134.356           3.363e+01     
 135.000         113.000            1.095e+00          -1.430e+00             132.191          -2.461e+00             134.421           3.428e+01     
 135.000         114.000            1.193e+00          -1.468e+00             132.439          -2.197e+00             134.495           3.495e+01     
 135.000         115.000            1.290e+00          -1.510e+00             132.686          -1.941e+00             134.576           3.567e+01     
 135.000         116.000            1.388e+00          -1.554e+00             132.932          -1.692e+00             134.664           3.641e+01     
 135.000         117.000            1.485e+00          -1.602e+00             133.177          -1.449e+00             134.758           3.721e+01     
 135.000         118.000            1.582e+00          -1.653e+00             133.421          -1.214e+00             134.858           3.805e+01     
 135.000         119.000            1.679e+00          -1.708e+00             133.664          -9.841e-01             134.962           3.895e+01     
 135.000         120.000            1.776e+00          -1.766e+00             133.905          -7.607e-01             135.070           3.991e+01     
 135.000         121.000            1.872e+00          -1.828e+00             134.145          -5.431e-01             135.182           4.000e+01     
 135.000         122.000            1.968e+00          -1.894e+00             134.383          -3.313e-01             135.297           4.000e+01     
 135.000         123.000            2.063e+00          -1.964e+00             134.621          -1.249e-01             135.415           4.000e+01     
 135.000         124.000            2.157e+00          -2.037e+00             134.856           7.619e-02             135.535           4.000e+01     
 135.000         125.000            2.251e+00          -2.115e+00             135.091           2.721e-01             135.657           4.000e+01     
 135.000         126.000            2.344e+00          -2.197e+00             135.323           4.630e-01             135.781           4.000e+01     
 135.000         127.000            2.436e+00          -2.284e+00             135.555           6.490e-01             135.906           4.000e+01     
 135.000         128.000            2.527e+00          -2.375e+00             135.785           8.302e-01             136.032           4.000e+01     
 135.000         129.000            2.617e+00          -2.471e+00             136.013           1.007e+00             136.159           4.000e+01     
 135.000         130.000            2.707e+00          -2.571e+00             136.240           1.179e+00             136.286           4.000e+01     
 135.000         131.000            2.795e+00          -2.677e+00             136.466           1.346e+00             136.413           4.000e+01     
 135.000         132.000            2.882e+00          -2.788e+00             136.691           1.510e+00             136.540           4.000e+01     
 135.000         133.000            2.968e+00          -2.905e+00             136.914           1.669e+00             136.667           4.000e+01     
 135.000         134.000            3.053e+00          -3.027e+00             137.136           1.823e+00             136.794           4.000e+01     
 135.000         135.000            3.137e+00          -3.155e+00             137.356           1.974e+00             136.919           4.000e+01     
 135.000         136.000            3.219e+00          -3.289e+00             137.576           2.120e+00             137.044           4.000e+01     
 135.000         137.000            3.300e+00          -3.429e+00             137.795           2.263e+00             137.168           4.000e+01     
 135.000         138.000            3.379e+00          -3.576e+00             138.013           2.402e+00             137.291           4.000e+01     
 135.000         139.000            3.457e+00          -3.730e+00             138.231           2.536e+00             137.413           4.000e+01     
 135.000         140.000            3.534e+00          -3.892e+00             138.448           2.667e+00             137.533           4.000e+01     
 135.000         141.000            3.609e+00          -4.060e+00             138.665           2.794e+00             137.651           4.000e+01     
 135.000         142.000            3.683e+00          -4.237e+00             138.882           2.918e+00             137.768           4.000e+01     
 135.000         143.000            3.755e+00          -4.422e+00             139.099           3.038e+00             137.882           4.000e+01     
 135.000         144.000            3.825e+00          -4.616e+00             139.317           3.154e+00             137.995           4.000e+01     
 135.000         145.000            3.893e+00          -4.819e+00             139.537           3.266e+00             138.106           4.000e+01     
 135.000         146.000            3.960e+00          -5.031e+00             139.757           3.375e+00             138.215           4.000e+01     
 135.000         147.000            4.026e+00          -5.254e+00             139.980           3.480e+00             138.321           4.000e+01     
 135.000         148.000            4.089e+00          -5.487e+00             140.205           3.582e+00             138.425           4.000e+01     
 135.000         149.000            4.151e+00          -5.732e+00             140.433           3.680e+00             138.527           3.991e+01     
 135.000         150.000            4.211e+00          -5.989e+00             140.665           3.775e+00             138.626           3.961e+01     
 135.000         151.000            4.269e+00          -6.259e+00             140.902           3.866e+00             138.722           3.932e+01     
 135.000         152.000            4.325e+00          -6.543e+00             141.145           3.954e+00             138.816           3.906e+01     
 135.000         153.000            4.379e+00          -6.841e+00             141.395           4.038e+00             138.908           3.881e+01     
 135.000         154.000            4.432e+00          -7.156e+00             141.654           4.119e+00             138.996           3.857e+01     
 135.000         155.000            4.482e+00          -7.487e+00             141.922           4.197e+00             139.082           3.835e+01     
 135.000         156.000            4.530e+00          -7.837e+00             142.202           4.271e+00             139.165           3.814e+01     
 135.000         157.000            4.577e+00          -8.207e+00             142.497           4.342e+00             139.245           3.794e+01     
 135.000         158.000            4.621e+00          -8.598e+00             142.809           4.409e+00             139.322           3.775e+01     
 135.000         159.000            4.664e+00          -9.014e+00             143.141           4.473e+00             139.396           3.757e+01     
 135.000         160.000            4.704e+00          -9.456e+00             143.499           4.534e+00             139.468           3.739e+01     
 135.000         161.000            4.743e+00          -9.927e+00             143.886           4.592e+00             139.536           3.722e+01     
 135.000         162.000            4.779e+00          -1.043e+01             144.309           4.646e+00             139.601           3.706e+01     
 135.000         163.000            4.813e+00          -1.097e+01             144.778           4.697e+00             139.663           3.690e+01     
 135.000         164.000            4.845e+00          -1.155e+01             145.301           4.744e+00             139.722           3.674e+01     
 135.000         165.000            4.875e+00          -1.218e+01             145.894           4.789e+00             139.778           3.659e+01     
 135.000         166.000            4.903e+00          -1.286e+01             146.575           4.830e+00             139.831           3.644e+01     
 135.000         167.000            4.929e+00          -1.361e+01             147.370           4.867e+00             139.881           3.629e+01     
 135.000         168.000            4.952e+00          -1.443e+01             148.313           4.902e+00             139.928           3.615e+01     
 135.000         169.000            4.974e+00          -1.534e+01             149.457           4.933e+00             139.971           3.601e+01     
 135.000         170.000            4.993e+00          -1.635e+01             150.879           4.961e+00             140.012           3.587e+01     
 135.000         171.000            5.010e+00          -1.750e+01             152.698           4.986e+00             140.049           3.573e+01     
 135.000         172.000            5.025e+00          -1.882e+01             155.113           5.007e+00             140.084           3.559e+01     
 135.000         173.000            5.038e+00          -2.036e+01             158.468           5.025e+00             140.115           3.545e+01     
 135.000         174.000            5.048e+00          -2.219e+01             163.414           5.040e+00             140.144           3.531e+01     
 135.000         175.000            5.056e+00          -2.437e+01             171.284           5.051e+00             140.169           3.516e+01     
 135.000         176.000            5.063e+00          -2.691e+01             184.948           5.060e+00             140.191           3.502e+01     
 135.000         177.000            5.067e+00          -2.923e+01             209.374           5.065e+00             140.210           3.488e+01     
 135.000         178.000            5.068e+00          -2.945e+01             243.026           5.067e+00             140.227           3.474e+01     
 135.000         179.000            5.068e+00          -2.731e+01             269.415           5.065e+00             140.240           3.459e+01     
 135.000         180.000            5.065e+00          -2.473e+01             284.370           5.061e+00             140.251           3.444e+01     
 135.000         181.000            5.060e+00          -2.248e+01             292.866           5.053e+00             140.259           3.429e+01     
 135.000         182.000            5.053e+00          -2.060e+01             298.116           5.041e+00             140.264           3.414e+01     
 135.000         183.000            5.044e+00          -1.902e+01             301.620           5.027e+00             140.266           3.398e+01     
 135.000         184.000            5.033e+00          -1.767e+01             304.100           5.009e+00             140.265           3.383e+01     
 135.000         185.000            5.019e+00          -1.649e+01             305.936           4.988e+00             140.262           3.366e+01     
 135.000         186.000            5.003e+00          -1.545e+01             307.341           4.964e+00             140.257           3.350e+01     
 135.000         187.000            4.985e+00          -1.452e+01             308.445           4.936e+00             140.248           3.333e+01     
 135.000         188.000            4.965e+00          -1.368e+01             309.329           4.905e+00             140.238           3.316e+01     
 135.000         189.000            4.943e+00          -1.292e+01             310.050           4.871e+00             140.225           3.299e+01     
 135.000         190.000            4.918e+00          -1.223e+01             310.643           4.834e+00             140.209           3.282e+01     
 135.000         191.000            4.892e+00          -1.159e+01             311.137           4.793e+00             140.192           3.264e+01     
 135.000         192.000            4.863e+00          -1.100e+01             311.550           4.749e+00             140.172           3.245e+01     
 135.000         193.000            4.832e+00          -1.045e+01             311.898           4.701e+00             140.150           3.227e+01     
 135.000         194.000            4.799e+00          -9.934e+00             312.191           4.651e+00             140.126           3.208e+01     
 135.000         195.000            4.764e+00          -9.454e+00             312.439           4.597e+00             140.101           3.188e+01     
 135.000         196.000            4.727e+00          -9.004e+00             312.647           4.539e+00             140.073           3.168e+01     
 135.000         197.000            4.688e+00          -8.580e+00             312.821           4.478e+00             140.044           3.148e+01     
 135.000         198.000            4.647e+00          -8.181e+00             312.966           4.414e+00             140.013           3.128e+01     
 135.000         199.000            4.604e+00          -7.804e+00             313.085           4.347e+00             139.981           3.107e+01     
 135.000         200.000            4.559e+00          -7.447e+00             313.182           4.276e+00             139.947           3.086e+01     
 135.000         201.000            4.511e+00          -7.110e+00             313.258           4.202e+00             139.912           3.064e+01     
 135.000         202.000            4.462e+00          -6.789e+00             313.316           4.124e+00             139.877           3.042e+01     
 135.000         203.000            4.411e+00          -6.485e+00             313.357           4.043e+00             139.840           3.020e+01     
 135.000         204.000            4.358e+00          -6.195e+00             313.383           3.958e+00             139.802           2.998e+01     
 135.000         205.000            4.303e+00          -5.920e+00             313.396           3.870e+00             139.764           2.975e+01     
 135.000         206.000            4.247e+00          -5.657e+00             313.396           3.778e+00             139.725           2.952e+01     
 135.000         207.000            4.188e+00          -5.407e+00             313.384           3.683e+00             139.686           2.928e+01     
 135.000         208.000            4.127e+00          -5.169e+00             313.362           3.584e+00             139.647           2.904e+01     
 135.000         209.000            4.065e+00          -4.941e+00             313.329           3.482e+00             139.608           2.880e+01     
 135.000         210.000            4.001e+00          -4.724e+00             313.288           3.376e+00             139.569           2.856e+01     
 135.000         211.000            3.936e+00          -4.516e+00             313.237           3.266e+00             139.531           2.831e+01     
 135.000         212.000            3.868e+00          -4.318e+00             313.178           3.153e+00             139.493           2.806e+01     
 135.000         213.000            3.799e+00          -4.129e+00             313.112           3.036e+00             139.457           2.781e+01     
 135.000         214.000            3.728e+00          -3.948e+00             313.038           2.915e+00             139.421           2.755e+01     
 135.000         215.000            3.656e+00          -3.776e+00             312.957           2.791e+00             139.387           2.730e+01     
 135.000         216.000            3.582e+00          -3.611e+00             312.870           2.662e+00             139.355           2.704e+01     
 135.000         217.000            3.507e+00          -3.453e+00             312.776           2.530e+00             139.325           2.678e+01     
 135.000         218.000            3.430e+00          -3.302e+00             312.677           2.394e+00             139.297           2.651e+01     
 135.000         219.000            3.352e+00          -3.159e+00             312.572           2.254e+00             139.272           2.625e+01     
 135.000         220.000            3.272e+00          -3.021e+00             312.461           2.110e+00             139.249           2.598e+01     
 135.000         221.000            3.191e+00          -2.890e+00             312.346           1.962e+00             139.231           2.571e+01     
 135.000         222.000            3.109e+00          -2.765e+00             312.226           1.809e+00             139.216           2.544e+01     
 135.000         223.000            3.025e+00          -2.646e+00             312.101           1.652e+00             139.205           2.517e+01     
 135.000         224.000            2.940e+00          -2.533e+00             311.972           1.491e+00             139.199           2.490e+01     
 135.000         225.000            2.854e+00          -2.424e+00             311.838           1.326e+00             139.198           2.463e+01     
 135.000         226.000            2.767e+00          -2.322e+00             311.701           1.156e+00             139.203           2.435e+01     
 135.000         227.000            2.679e+00          -2.224e+00             311.559           9.818e-01             139.214           2.407e+01     
 135.000         228.000            2.589e+00          -2.131e+00             311.414           8.028e-01             139.232           2.380e+01     
 135.000         229.000            2.499e+00          -2.042e+00             311.266           6.190e-01             139.257           2.352e+01     
 135.000         230.000            2.408e+00          -1.959e+00             311.114           4.303e-01             139.290           2.324e+01     
 135.000         231.000            2.316e+00          -1.880e+00             310.959           2.366e-01             139.333           2.297e+01     
 135.000         232.000            2.224e+00          -1.805e+00             310.801           3.783e-02             139.385           2.269e+01     
 135.000         233.000            2.130e+00          -1.734e+00             310.640          -1.662e-01             139.447           2.241e+01     
 135.000         234.000            2.036e+00          -1.668e+00             310.477          -3.757e-01             139.521           2.213e+01     
 135.000         235.000            1.942e+00          -1.605e+00             310.311          -5.907e-01             139.608           2.186e+01     
 135.000         236.000            1.847e+00          -1.547e+00             310.143          -8.114e-01             139.708           2.158e+01     
 135.000         237.000            1.751e+00          -1.492e+00             309.972          -1.038e+00             139.823           2.130e+01     
 135.000         238.000            1.656e+00          -1.440e+00             309.800          -1.271e+00             139.954           2.103e+01     
 135.000         239.000            1.560e+00          -1.393e+00             309.625          -1.510e+00             140.102           2.075e+01     
 135.000         240.000            1.463e+00          -1.349e+00             309.448          -1.755e+00             140.269           2.048e+01     
 135.000         241.000            1.367e+00          -1.308e+00             309.270          -2.007e+00             140.458           2.021e+01     
 135.000         242.000            1.270e+00          -1.270e+00             309.091          -2.267e+00             140.669           1.994e+01     
 135.000         243.000            1.174e+00          -1.236e+00             308.909          -2.533e+00             140.905           1.967e+01     
 135.000         244.000            1.078e+00          -1.205e+00             308.727          -2.807e+00             141.167           1.940e+01     
 135.000         245.000            9.817e-01          -1.177e+00             308.544          -3.089e+00             141.460           1.914e+01     
 135.000         246.000            8.860e-01          -1.152e+00             308.359          -3.379e+00             141.785           1.887e+01     
 135.000         247.000            7.906e-01          -1.130e+00             308.174          -3.677e+00             142.146           1.861e+01     
 135.000         248.000            6.958e-01          -1.111e+00             307.987          -3.984e+00             142.547           1.835e+01     
 135.000         249.000            6.016e-01          -1.095e+00             307.801          -4.301e+00             142.991           1.810e+01     
 135.000         250.000            5.080e-01          -1.082e+00             307.613          -4.627e+00             143.483           1.785e+01     
 135.000         251.000            4.152e-01          -1.071e+00             307.426          -4.963e+00             144.028           1.760e+01     
 135.000         252.000            3.233e-01          -1.063e+00             307.238          -5.310e+00             144.632           1.735e+01     
 135.000         253.000            2.324e-01          -1.058e+00             307.050          -5.667e+00             145.302           1.711e+01     
 135.000         254.000            1.425e-01          -1.056e+00             306.862          -6.036e+00             146.045           1.687e+01     
 135.000         255.000            5.379e-02          -1.055e+00             306.674          -6.417e+00             146.870           1.663e+01     
 135.000         256.000           -3.366e-02          -1.058e+00             306.487          -6.809e+00             147.786           1.640e+01     
 135.000         257.000           -1.198e-01          -1.063e+00             306.300          -7.215e+00             148.806           1.617e+01     
 135.000         258.000           -2.044e-01          -1.070e+00             306.113          -7.633e+00             149.942           1.595e+01     
 135.000         259.000           -2.875e-01          -1.080e+00             305.928          -8.065e+00             151.209           1.573e+01     
 135.000         260.000           -3.689e-01          -1.092e+00             305.743          -8.509e+00             152.624           1.552e+01     
 135.000         261.000           -4.486e-01          -1.107e+00             305.559          -8.967e+00             154.208           1.531e+01     
 135.000         262.000           -5.265e-01          -1.124e+00             305.376          -9.437e+00             155.982           1.511e+01     
 135.000         263.000           -6.025e-01          -1.143e+00             305.194          -9.919e+00             157.973           1.491e+01     
 135.000         264.000           -6.765e-01          -1.165e+00             305.013          -1.041e+01             160.211           1.472e+01     
 135.000         265.000           -7.484e-01          -1.189e+00             304.834          -1.091e+01             162.725           1.453e+01     
 135.000         266.000           -8.182e-01          -1.215e+00             304.657          -1.141e+01             165.553           1.435e+01     
 135.000         267.000           -8.858e-01          -1.243e+00             304.481          -1.191e+01             168.728           1.418e+01     
 135.000         268.000           -9.510e-01          -1.274e+00             304.307          -1.240e+01             172.285           1.402e+01     
 135.000         269.000           -1.014e+00          -1.307e+00             304.135          -1.287e+01             176.254           1.386e+01     
 135.000         270.000           -1.074e+00          -1.342e+00             303.965          -1.331e+01             180.653           1.370e+01     
 135.000         271.000           -1.132e+00          -1.379e+00             303.798          -1.371e+01             185.480           1.356e+01     
 135.000         272.000           -1.188e+00          -1.418e+00             303.632          -1.405e+01             190.711           1.342e+01     
 135.000         273.000           -1.241e+00          -1.460e+00             303.469          -1.431e+01             196.287           1.329e+01     
 135.000         274.000           -1.291e+00          -1.504e+00             303.308          -1.449e+01             202.112           1.317e+01     
 135.000         275.000           -1.339e+00          -1.550e+00             303.150          -1.457e+01             208.065           1.305e+01     
 135.000         276.000           -1.384e+00          -1.599e+00             302.994          -1.455e+01             214.007           1.295e+01     
 135.000         277.000           -1.426e+00          -1.649e+00             302.842          -1.443e+01             219.798           1.285e+01     
 135.000         278.000           -1.466e+00          -1.702e+00             302.692          -1.422e+01             225.323           1.276e+01     
 135.000         279.000           -1.503e+00          -1.758e+00             302.546          -1.395e+01             230.494           1.268e+01     
 135.000         280.000           -1.537e+00          -1.815e+00             302.402          -1.362e+01             235.259           1.260e+01     
 135.000         281.000           -1.569e+00          -1.875e+00             302.262          -1.324e+01             239.597           1.254e+01     
 135.000         282.000           -1.598e+00          -1.937e+00             302.125          -1.284e+01             243.513           1.248e+01     
 135.000         283.000           -1.624e+00          -2.001e+00             301.992          -1.243e+01             247.029           1.243e+01     
 135.000         284.000           -1.648e+00          -2.068e+00             301.862          -1.200e+01             250.174           1.239e+01     
 135.000         285.000           -1.669e+00          -2.137e+00             301.736          -1.158e+01             252.984           1.236e+01     
 135.000         286.000           -1.688e+00          -2.209e+00             301.614          -1.115e+01             255.494           1.234e+01     
 135.000         287.000           -1.704e+00          -2.283e+00             301.495          -1.074e+01             257.737           1.232e+01     
 135.000         288.000           -1.718e+00          -2.360e+00             301.381          -1.034e+01             259.746           1.232e+01     
 135.000         289.000           -1.729e+00          -2.439e+00             301.270          -9.944e+00             261.549           1.232e+01     
 135.000         290.000           -1.738e+00          -2.521e+00             301.164          -9.565e+00             263.170           1.233e+01     
 135.000         291.000           -1.745e+00          -2.605e+00             301.062          -9.198e+00             264.632           1.235e+01     
 135.000         292.000           -1.749e+00          -2.693e+00             300.964          -8.844e+00             265.954           1.237e+01     
 135.000         293.000           -1.752e+00          -2.783e+00             300.871          -8.503e+00             267.152           1.241e+01     
 135.000         294.000           -1.752e+00          -2.875e+00             300.782          -8.174e+00             268.242           1.245e+01     
 135.000         295.000           -1.751e+00          -2.971e+00             300.697          -7.858e+00             269.236           1.250e+01     
 135.000         296.000           -1.747e+00          -3.070e+00             300.618          -7.554e+00             270.144           1.256e+01     
 135.000         297.000           -1.742e+00          -3.172e+00             300.543          -7.262e+00             270.977           1.262e+01     
 135.000         298.000           -1.735e+00          -3.276e+00             300.472          -6.980e+00             271.742           1.270e+01     
 135.000         299.000           -1.726e+00          -3.385e+00             300.407          -6.709e+00             272.447           1.277e+01     
 135.000         300.000           -1.716e+00          -3.496e+00             300.347          -6.448e+00             273.099           1.286e+01     
 135.000         301.000           -1.704e+00          -3.611e+00             300.292          -6.197e+00             273.702           1.295e+01     
 135.000         302.000           -1.691e+00          -3.729e+00             300.242          -5.955e+00             274.262           1.305e+01     
 135.000         303.000           -1.676e+00          -3.851e+00             300.198          -5.722e+00             274.782           1.316e+01     
 135.000         304.000           -1.660e+00          -3.976e+00             300.158          -5.497e+00             275.268           1.327e+01     
 135.000         305.000           -1.643e+00          -4.106e+00             300.125          -5.281e+00             275.722           1.339e+01     
 135.000         306.000           -1.625e+00          -4.239e+00             300.097          -5.072e+00             276.147           1.351e+01     
 135.000         307.000           -1.606e+00          -4.377e+00             300.074          -4.871e+00             276.546           1.364e+01     
 135.000         308.000           -1.586e+00          -4.518e+00             300.058          -4.676e+00             276.922           1.378e+01     
 135.000         309.000           -1.566e+00          -4.665e+00             300.047          -4.489e+00             277.276           1.392e+01     
 135.000         310.000           -1.544e+00          -4.816e+00             300.043          -4.308e+00             277.611           1.407e+01     
 135.000         311.000           -1.522e+00          -4.971e+00             300.045          -4.134e+00             277.927           1.422e+01     
 135.000         312.000           -1.499e+00          -5.132e+00             300.054          -3.965e+00             278.228           1.438e+01     
 135.000         313.000           -1.476e+00          -5.297e+00             300.069          -3.803e+00             278.513           1.455e+01     
 135.000         314.000           -1.452e+00          -5.468e+00             300.091          -3.646e+00             278.785           1.472e+01     
 135.000         315.000           -1.428e+00          -5.645e+00             300.120          -3.495e+00             279.045           1.489e+01     
 135.000         316.000           -1.403e+00          -5.828e+00             300.157          -3.349e+00             279.292           1.507e+01     
 135.000         317.000           -1.379e+00          -6.017e+00             300.201          -3.208e+00             279.530           1.526e+01     
 135.000         318.000           -1.354e+00          -6.212e+00             300.253          -3.072e+00             279.758           1.545e+01     
 135.000         319.000           -1.329e+00          -6.414e+00             300.313          -2.940e+00             279.977           1.564e+01     
 135.000         320.000           -1.303e+00          -6.623e+00             300.383          -2.814e+00             280.187           1.585e+01     
 135.000         321.000           -1.278e+00          -6.840e+00             300.461          -2.692e+00             280.390           1.605e+01     
 135.000         322.000           -1.253e+00          -7.064e+00             300.549          -2.575e+00             280.586           1.626e+01     
 135.000         323.000           -1.228e+00          -7.297e+00             300.647          -2.461e+00             280.776           1.648e+01     
 135.000         324.000           -1.203e+00          -7.539e+00             300.756          -2.352e+00             280.959           1.671e+01     
 135.000         325.000           -1.178e+00          -7.790e+00             300.876          -2.247e+00             281.137           1.693e+01     
 135.000         326.000           -1.154e+00          -8.051e+00             301.009          -2.146e+00             281.310           1.717e+01     
 135.000         327.000           -1.130e+00          -8.322e+00             301.155          -2.049e+00             281.477           1.741e+01     
 135.000         328.000           -1.106e+00          -8.605e+00             301.316          -1.956e+00             281.640           1.766e+01     
 135.000         329.000           -1.082e+00          -8.899e+00             301.493          -1.867e+00             281.799           1.791e+01     
 135.000         330.000           -1.059e+00          -9.207e+00             301.686          -1.781e+00             281.954           1.817e+01     
 135.000         331.000           -1.037e+00          -9.528e+00             301.899          -1.699e+00             282.105           1.844e+01     
 135.000         332.000           -1.014e+00          -9.865e+00             302.133          -1.621e+00             282.253           1.871e+01     
 135.000         333.000           -9.929e-01          -1.022e+01             302.390          -1.546e+00             282.397           1.899e+01     
 135.000         334.000           -9.719e-01          -1.059e+01             302.673          -1.474e+00             282.538           1.928e+01     
 135.000         335.000           -9.515e-01          -1.098e+01             302.986          -1.406e+00             282.676           1.957e+01     
 135.000         336.000           -9.317e-01          -1.138e+01             303.333          -1.342e+00             282.811           1.988e+01     
 135.000         337.000           -9.126e-01          -1.182e+01             303.718          -1.280e+00             282.943           2.019e+01     
 135.000         338.000           -8.942e-01          -1.227e+01             304.148          -1.222e+00             283.073           2.052e+01     
 135.000         339.000           -8.765e-01          -1.276e+01             304.631          -1.168e+00             283.200           2.085e+01     
 135.000         340.000           -8.596e-01          -1.328e+01             305.176          -1.116e+00             283.325           2.119e+01     
 135.000         341.000           -8.435e-01          -1.383e+01             305.794          -1.068e+00             283.447           2.155e+01     
 135.000         342.000           -8.281e-01          -1.442e+01             306.502          -1.023e+00             283.567           2.191e+01     
 135.000         343.000           -8.136e-01          -1.505e+01             307.319          -9.806e-01             283.685           2.229e+01     
 135.000         344.000           -8.000e-01          -1.573e+01             308.273          -9.417e-01             283.801           2.268e+01     
 135.000         345.000           -7.872e-01          -1.648e+01             309.398          -9.060e-01             283.914           2.309e+01     
 135.000         346.000           -7.753e-01          -1.729e+01             310.746          -8.733e-01             284.026           2.352e+01     
 135.000         347.000           -7.643e-01          -1.818e+01             312.387          -8.437e-01             284.135           2.396e+01     
 135.000         348.000           -7.543e-01          -1.917e+01             314.426          -8.172e-01             284.243           2.442e+01     
 135.000         349.000           -7.452e-01          -2.028e+01             317.022          -7.938e-01             284.349           2.491e+01     
 135.000         350.000           -7.370e-01          -2.152e+01             320.422          -7.734e-01             284.452           2.541e+01     
 135.000         351.000           -7.298e-01          -2.292e+01             325.034          -7.561e-01             284.554           2.595e+01     
 135.000         352.000           -7.236e-01          -2.450e+01             331.543          -7.418e-01             284.654           2.651e+01     
 135.000         353.000           -7.184e-01          -2.624e+01             341.104          -7.306e-01             284.752           2.711e+01     
 135.000         354.000           -7.142e-01          -2.796e+01             355.411          -7.224e-01             284.849           2.774e+01     
 135.000         355.000           -7.110e-01          -2.914e+01              15.602          -7.172e-01             284.943           2.842e+01     
 135.000         356.000           -7.088e-01          -2.910e+01              38.791          -7.151e-01             285.036           2.916e+01     
 135.000         357.000           -7.077e-01          -2.786e+01              58.662          -7.161e-01             285.128           2.995e+01     
 135.000         358.000           -7.076e-01          -2.613e+01              72.646          -7.200e-01             285.217           3.081e+01     
 135.000         359.000           -7.085e-01          -2.440e+01              81.992          -7.271e-01             285.305           3.176e+01     
