Theta [deg.]  Phi   [deg.]  Abs(Dir.)[dBi   ]   Abs(Theta)[dBi   ]  Phase(Theta)[deg.]  Abs(Phi  )[dBi   ]  Phase(Phi  )[deg.]  Ax.Ratio[dB    ]    
------------------------------------------------------------------------------------------------------------------------------------------------------
  45.000           0.000           -5.029e+00          -1.784e+01             239.130          -5.263e+00             240.507           4.000e+01     
  45.000           1.000           -4.986e+00          -1.743e+01             239.605          -5.240e+00             240.783           4.000e+01     
  45.000           2.000           -4.942e+00          -1.704e+01             240.064          -5.218e+00             241.062           4.000e+01     
  45.000           3.000           -4.898e+00          -1.666e+01             240.506          -5.197e+00             241.342           4.000e+01     
  45.000           4.000           -4.853e+00          -1.629e+01             240.934          -5.177e+00             241.623           4.000e+01     
  45.000           5.000           -4.808e+00          -1.593e+01             241.349          -5.158e+00             241.905           4.000e+01     
  45.000           6.000           -4.763e+00          -1.558e+01             241.753          -5.139e+00             242.187           4.000e+01     
  45.000           7.000           -4.718e+00          -1.523e+01             242.146          -5.122e+00             242.470           4.000e+01     
  45.000           8.000           -4.673e+00          -1.490e+01             242.530          -5.107e+00             242.752           4.000e+01     
  45.000           9.000           -4.628e+00          -1.457e+01             242.906          -5.092e+00             243.035           4.000e+01     
  45.000          10.000           -4.583e+00          -1.425e+01             243.274          -5.079e+00             243.317           4.000e+01     
  45.000          11.000           -4.538e+00          -1.394e+01             243.635          -5.068e+00             243.598           4.000e+01     
  45.000          12.000           -4.494e+00          -1.363e+01             243.989          -5.059e+00             243.878           4.000e+01     
  45.000          13.000           -4.449e+00          -1.333e+01             244.338          -5.052e+00             244.158           4.000e+01     
  45.000          14.000           -4.406e+00          -1.303e+01             244.680          -5.047e+00             244.436           4.000e+01     
  45.000          15.000           -4.362e+00          -1.274e+01             245.018          -5.043e+00             244.713           4.000e+01     
  45.000          16.000           -4.319e+00          -1.246e+01             245.350          -5.043e+00             244.989           4.000e+01     
  45.000          17.000           -4.276e+00          -1.218e+01             245.678          -5.045e+00             245.263           4.000e+01     
  45.000          18.000           -4.235e+00          -1.190e+01             246.002          -5.049e+00             245.536           4.000e+01     
  45.000          19.000           -4.193e+00          -1.164e+01             246.322          -5.056e+00             245.807           4.000e+01     
  45.000          20.000           -4.153e+00          -1.137e+01             246.638          -5.066e+00             246.077           4.000e+01     
  45.000          21.000           -4.113e+00          -1.111e+01             246.950          -5.079e+00             246.345           4.000e+01     
  45.000          22.000           -4.074e+00          -1.086e+01             247.259          -5.096e+00             246.611           4.000e+01     
  45.000          23.000           -4.036e+00          -1.061e+01             247.566          -5.116e+00             246.876           4.000e+01     
  45.000          24.000           -3.999e+00          -1.036e+01             247.869          -5.139e+00             247.139           4.000e+01     
  45.000          25.000           -3.963e+00          -1.012e+01             248.170          -5.166e+00             247.401           4.000e+01     
  45.000          26.000           -3.928e+00          -9.888e+00             248.469          -5.197e+00             247.661           4.000e+01     
  45.000          27.000           -3.893e+00          -9.657e+00             248.766          -5.232e+00             247.920           4.000e+01     
  45.000          28.000           -3.860e+00          -9.429e+00             249.061          -5.271e+00             248.177           4.000e+01     
  45.000          29.000           -3.828e+00          -9.206e+00             249.354          -5.315e+00             248.433           4.000e+01     
  45.000          30.000           -3.797e+00          -8.987e+00             249.646          -5.363e+00             248.687           4.000e+01     
  45.000          31.000           -3.768e+00          -8.772e+00             249.936          -5.416e+00             248.941           4.000e+01     
  45.000          32.000           -3.739e+00          -8.561e+00             250.226          -5.474e+00             249.193           4.000e+01     
  45.000          33.000           -3.711e+00          -8.355e+00             250.514          -5.538e+00             249.443           4.000e+01     
  45.000          34.000           -3.685e+00          -8.152e+00             250.803          -5.606e+00             249.693           4.000e+01     
  45.000          35.000           -3.660e+00          -7.953e+00             251.090          -5.681e+00             249.942           4.000e+01     
  45.000          36.000           -3.636e+00          -7.759e+00             251.378          -5.761e+00             250.190           3.992e+01     
  45.000          37.000           -3.613e+00          -7.568e+00             251.665          -5.847e+00             250.436           3.957e+01     
  45.000          38.000           -3.591e+00          -7.382e+00             251.952          -5.940e+00             250.682           3.923e+01     
  45.000          39.000           -3.570e+00          -7.199e+00             252.240          -6.039e+00             250.928           3.890e+01     
  45.000          40.000           -3.550e+00          -7.020e+00             252.529          -6.145e+00             251.172           3.858e+01     
  45.000          41.000           -3.532e+00          -6.845e+00             252.818          -6.259e+00             251.416           3.827e+01     
  45.000          42.000           -3.514e+00          -6.674e+00             253.108          -6.380e+00             251.658           3.797e+01     
  45.000          43.000           -3.498e+00          -6.507e+00             253.399          -6.509e+00             251.901           3.767e+01     
  45.000          44.000           -3.482e+00          -6.344e+00             253.691          -6.646e+00             252.142           3.739e+01     
  45.000          45.000           -3.467e+00          -6.184e+00             253.985          -6.792e+00             252.382           3.711e+01     
  45.000          46.000           -3.453e+00          -6.029e+00             254.280          -6.947e+00             252.622           3.684e+01     
  45.000          47.000           -3.440e+00          -5.877e+00             254.577          -7.112e+00             252.861           3.658e+01     
  45.000          48.000           -3.428e+00          -5.729e+00             254.876          -7.287e+00             253.099           3.633e+01     
  45.000          49.000           -3.416e+00          -5.584e+00             255.177          -7.472e+00             253.335           3.608e+01     
  45.000          50.000           -3.405e+00          -5.443e+00             255.480          -7.669e+00             253.570           3.584e+01     
  45.000          51.000           -3.394e+00          -5.306e+00             255.785          -7.878e+00             253.803           3.562e+01     
  45.000          52.000           -3.384e+00          -5.173e+00             256.093          -8.100e+00             254.035           3.540e+01     
  45.000          53.000           -3.374e+00          -5.043e+00             256.404          -8.336e+00             254.264           3.519e+01     
  45.000          54.000           -3.365e+00          -4.917e+00             256.717          -8.586e+00             254.491           3.498e+01     
  45.000          55.000           -3.355e+00          -4.795e+00             257.033          -8.852e+00             254.714           3.479e+01     
  45.000          56.000           -3.346e+00          -4.676e+00             257.353          -9.135e+00             254.934           3.461e+01     
  45.000          57.000           -3.337e+00          -4.560e+00             257.675          -9.436e+00             255.149           3.443e+01     
  45.000          58.000           -3.327e+00          -4.449e+00             258.001          -9.756e+00             255.358           3.427e+01     
  45.000          59.000           -3.318e+00          -4.341e+00             258.330          -1.010e+01             255.561           3.412e+01     
  45.000          60.000           -3.308e+00          -4.236e+00             258.663          -1.046e+01             255.756           3.398e+01     
  45.000          61.000           -3.297e+00          -4.135e+00             258.999          -1.086e+01             255.940           3.385e+01     
  45.000          62.000           -3.286e+00          -4.037e+00             259.339          -1.128e+01             256.113           3.373e+01     
  45.000          63.000           -3.274e+00          -3.943e+00             259.683          -1.173e+01             256.271           3.363e+01     
  45.000          64.000           -3.262e+00          -3.853e+00             260.030          -1.222e+01             256.411           3.354e+01     
  45.000          65.000           -3.249e+00          -3.766e+00             260.382          -1.275e+01             256.528           3.346e+01     
  45.000          66.000           -3.234e+00          -3.682e+00             260.738          -1.332e+01             256.617           3.340e+01     
  45.000          67.000           -3.219e+00          -3.602e+00             261.098          -1.395e+01             256.669           3.336e+01     
  45.000          68.000           -3.202e+00          -3.525e+00             261.463          -1.464e+01             256.673           3.333e+01     
  45.000          69.000           -3.184e+00          -3.452e+00             261.832          -1.541e+01             256.614           3.332e+01     
  45.000          70.000           -3.164e+00          -3.382e+00             262.205          -1.626e+01             256.471           3.332e+01     
  45.000          71.000           -3.143e+00          -3.316e+00             262.583          -1.723e+01             256.210           3.335e+01     
  45.000          72.000           -3.120e+00          -3.253e+00             262.965          -1.834e+01             255.778           3.340e+01     
  45.000          73.000           -3.095e+00          -3.193e+00             263.353          -1.962e+01             255.090           3.347e+01     
  45.000          74.000           -3.069e+00          -3.137e+00             263.745          -2.115e+01             253.987           3.356e+01     
  45.000          75.000           -3.040e+00          -3.084e+00             264.142          -2.303e+01             252.160           3.368e+01     
  45.000          76.000           -3.009e+00          -3.034e+00             264.544          -2.544e+01             248.894           3.383e+01     
  45.000          77.000           -2.977e+00          -2.988e+00             264.951          -2.874e+01             242.158           3.401e+01     
  45.000          78.000           -2.942e+00          -2.945e+00             265.364          -3.358e+01             223.898           3.422e+01     
  45.000          79.000           -2.904e+00          -2.906e+00             265.781          -3.722e+01             165.175           3.446e+01     
  45.000          80.000           -2.865e+00          -2.870e+00             266.204          -3.212e+01             118.311           3.475e+01     
  45.000          81.000           -2.823e+00          -2.837e+00             266.632          -2.761e+01             104.473           3.507e+01     
  45.000          82.000           -2.779e+00          -2.808e+00             267.066          -2.447e+01              98.945           3.545e+01     
  45.000          83.000           -2.732e+00          -2.782e+00             267.505          -2.211e+01              96.161           3.588e+01     
  45.000          84.000           -2.683e+00          -2.760e+00             267.950          -2.023e+01              94.584           3.637e+01     
  45.000          85.000           -2.631e+00          -2.741e+00             268.401          -1.866e+01              93.641           3.693e+01     
  45.000          86.000           -2.577e+00          -2.725e+00             268.858          -1.732e+01              93.070           3.757e+01     
  45.000          87.000           -2.521e+00          -2.713e+00             269.320          -1.615e+01              92.737           3.832e+01     
  45.000          88.000           -2.462e+00          -2.705e+00             269.789          -1.511e+01              92.566           3.919e+01     
  45.000          89.000           -2.401e+00          -2.699e+00             270.263          -1.418e+01              92.510           4.000e+01     
  45.000          90.000           -2.338e+00          -2.698e+00             270.743          -1.333e+01              92.541           4.000e+01     
  45.000          91.000           -2.272e+00          -2.699e+00             271.231          -1.255e+01              92.634           4.000e+01     
  45.000          92.000           -2.204e+00          -2.705e+00             271.725          -1.183e+01              92.779           4.000e+01     
  45.000          93.000           -2.134e+00          -2.714e+00             272.225          -1.116e+01              92.964           4.000e+01     
  45.000          94.000           -2.061e+00          -2.726e+00             272.732          -1.054e+01              93.182           4.000e+01     
  45.000          95.000           -1.987e+00          -2.742e+00             273.246          -9.957e+00              93.427           4.000e+01     
  45.000          96.000           -1.911e+00          -2.762e+00             273.768          -9.408e+00              93.696           4.000e+01     
  45.000          97.000           -1.833e+00          -2.785e+00             274.296          -8.889e+00              93.985           4.000e+01     
  45.000          98.000           -1.753e+00          -2.812e+00             274.832          -8.399e+00              94.290           4.000e+01     
  45.000          99.000           -1.671e+00          -2.843e+00             275.375          -7.934e+00              94.610           4.000e+01     
  45.000         100.000           -1.588e+00          -2.878e+00             275.926          -7.491e+00              94.944           4.000e+01     
  45.000         101.000           -1.504e+00          -2.916e+00             276.485          -7.069e+00              95.289           4.000e+01     
  45.000         102.000           -1.418e+00          -2.958e+00             277.052          -6.667e+00              95.644           3.898e+01     
  45.000         103.000           -1.331e+00          -3.005e+00             277.628          -6.282e+00              96.008           3.760e+01     
  45.000         104.000           -1.243e+00          -3.055e+00             278.212          -5.913e+00              96.381           3.639e+01     
  45.000         105.000           -1.154e+00          -3.109e+00             278.806          -5.559e+00              96.761           3.531e+01     
  45.000         106.000           -1.063e+00          -3.168e+00             279.409          -5.220e+00              97.148           3.434e+01     
  45.000         107.000           -9.725e-01          -3.231e+00             280.021          -4.893e+00              97.542           3.345e+01     
  45.000         108.000           -8.809e-01          -3.298e+00             280.643          -4.579e+00              97.941           3.264e+01     
  45.000         109.000           -7.888e-01          -3.369e+00             281.276          -4.277e+00              98.345           3.189e+01     
  45.000         110.000           -6.961e-01          -3.445e+00             281.920          -3.985e+00              98.754           3.119e+01     
  45.000         111.000           -6.032e-01          -3.525e+00             282.575          -3.704e+00              99.168           3.054e+01     
  45.000         112.000           -5.099e-01          -3.610e+00             283.242          -3.433e+00              99.586           2.992e+01     
  45.000         113.000           -4.165e-01          -3.699e+00             283.921          -3.171e+00             100.008           2.935e+01     
  45.000         114.000           -3.231e-01          -3.793e+00             284.613          -2.917e+00             100.434           2.880e+01     
  45.000         115.000           -2.297e-01          -3.893e+00             285.318          -2.673e+00             100.862           2.829e+01     
  45.000         116.000           -1.364e-01          -3.997e+00             286.038          -2.436e+00             101.294           2.780e+01     
  45.000         117.000           -4.341e-02          -4.106e+00             286.773          -2.207e+00             101.729           2.733e+01     
  45.000         118.000            4.927e-02          -4.220e+00             287.523          -1.986e+00             102.166           2.688e+01     
  45.000         119.000            1.415e-01          -4.340e+00             288.291          -1.772e+00             102.606           2.646e+01     
  45.000         120.000            2.333e-01          -4.465e+00             289.076          -1.564e+00             103.048           2.605e+01     
  45.000         121.000            3.245e-01          -4.596e+00             289.879          -1.364e+00             103.491           2.566e+01     
  45.000         122.000            4.150e-01          -4.733e+00             290.703          -1.169e+00             103.937           2.528e+01     
  45.000         123.000            5.047e-01          -4.875e+00             291.548          -9.810e-01             104.384           2.492e+01     
  45.000         124.000            5.936e-01          -5.024e+00             292.416          -7.989e-01             104.833           2.457e+01     
  45.000         125.000            6.817e-01          -5.179e+00             293.308          -6.225e-01             105.283           2.423e+01     
  45.000         126.000            7.687e-01          -5.340e+00             294.226          -4.518e-01             105.734           2.391e+01     
  45.000         127.000            8.547e-01          -5.507e+00             295.171          -2.865e-01             106.186           2.359e+01     
  45.000         128.000            9.396e-01          -5.682e+00             296.147          -1.266e-01             106.639           2.329e+01     
  45.000         129.000            1.023e+00          -5.863e+00             297.154           2.809e-02             107.093           2.299e+01     
  45.000         130.000            1.106e+00          -6.051e+00             298.196           1.777e-01             107.548           2.271e+01     
  45.000         131.000            1.187e+00          -6.247e+00             299.276           3.224e-01             108.002           2.243e+01     
  45.000         132.000            1.267e+00          -6.450e+00             300.396           4.622e-01             108.458           2.216e+01     
  45.000         133.000            1.346e+00          -6.660e+00             301.560           5.972e-01             108.913           2.189e+01     
  45.000         134.000            1.423e+00          -6.878e+00             302.771           7.276e-01             109.368           2.163e+01     
  45.000         135.000            1.498e+00          -7.105e+00             304.034           8.534e-01             109.824           2.138e+01     
  45.000         136.000            1.572e+00          -7.339e+00             305.354           9.747e-01             110.279           2.114e+01     
  45.000         137.000            1.644e+00          -7.581e+00             306.735           1.092e+00             110.734           2.090e+01     
  45.000         138.000            1.715e+00          -7.831e+00             308.183           1.204e+00             111.188           2.067e+01     
  45.000         139.000            1.784e+00          -8.090e+00             309.704           1.312e+00             111.643           2.044e+01     
  45.000         140.000            1.852e+00          -8.357e+00             311.306           1.417e+00             112.096           2.022e+01     
  45.000         141.000            1.917e+00          -8.632e+00             312.995           1.516e+00             112.549           2.000e+01     
  45.000         142.000            1.981e+00          -8.914e+00             314.782           1.612e+00             113.001           1.978e+01     
  45.000         143.000            2.043e+00          -9.205e+00             316.673           1.704e+00             113.452           1.957e+01     
  45.000         144.000            2.103e+00          -9.502e+00             318.681           1.792e+00             113.902           1.937e+01     
  45.000         145.000            2.161e+00          -9.805e+00             320.815           1.875e+00             114.351           1.917e+01     
  45.000         146.000            2.217e+00          -1.011e+01             323.088           1.955e+00             114.798           1.897e+01     
  45.000         147.000            2.271e+00          -1.043e+01             325.512           2.031e+00             115.245           1.877e+01     
  45.000         148.000            2.323e+00          -1.074e+01             328.099           2.103e+00             115.690           1.858e+01     
  45.000         149.000            2.373e+00          -1.106e+01             330.864           2.172e+00             116.133           1.839e+01     
  45.000         150.000            2.421e+00          -1.137e+01             333.817           2.236e+00             116.575           1.821e+01     
  45.000         151.000            2.467e+00          -1.168e+01             336.971           2.297e+00             117.016           1.803e+01     
  45.000         152.000            2.511e+00          -1.198e+01             340.335           2.354e+00             117.455           1.785e+01     
  45.000         153.000            2.552e+00          -1.226e+01             343.915           2.407e+00             117.892           1.767e+01     
  45.000         154.000            2.592e+00          -1.253e+01             347.712           2.456e+00             118.327           1.750e+01     
  45.000         155.000            2.629e+00          -1.277e+01             351.722           2.502e+00             118.760           1.732e+01     
  45.000         156.000            2.664e+00          -1.298e+01             355.931           2.544e+00             119.192           1.716e+01     
  45.000         157.000            2.697e+00          -1.316e+01               0.319           2.582e+00             119.621           1.699e+01     
  45.000         158.000            2.727e+00          -1.330e+01               4.855           2.617e+00             120.048           1.682e+01     
  45.000         159.000            2.755e+00          -1.339e+01               9.499           2.648e+00             120.473           1.666e+01     
  45.000         160.000            2.781e+00          -1.343e+01              14.204           2.676e+00             120.896           1.650e+01     
  45.000         161.000            2.804e+00          -1.343e+01              18.920           2.699e+00             121.317           1.634e+01     
  45.000         162.000            2.825e+00          -1.337e+01              23.595           2.720e+00             121.736           1.618e+01     
  45.000         163.000            2.844e+00          -1.327e+01              28.178           2.736e+00             122.152           1.603e+01     
  45.000         164.000            2.860e+00          -1.312e+01              32.627           2.749e+00             122.566           1.587e+01     
  45.000         165.000            2.874e+00          -1.294e+01              36.906           2.759e+00             122.977           1.572e+01     
  45.000         166.000            2.885e+00          -1.272e+01              40.988           2.764e+00             123.386           1.557e+01     
  45.000         167.000            2.894e+00          -1.248e+01              44.855           2.767e+00             123.793           1.542e+01     
  45.000         168.000            2.901e+00          -1.221e+01              48.500           2.765e+00             124.197           1.527e+01     
  45.000         169.000            2.905e+00          -1.193e+01              51.919           2.760e+00             124.599           1.512e+01     
  45.000         170.000            2.907e+00          -1.164e+01              55.117           2.751e+00             124.999           1.498e+01     
  45.000         171.000            2.906e+00          -1.134e+01              58.101           2.739e+00             125.396           1.483e+01     
  45.000         172.000            2.902e+00          -1.104e+01              60.882           2.723e+00             125.790           1.469e+01     
  45.000         173.000            2.896e+00          -1.073e+01              63.471           2.704e+00             126.182           1.455e+01     
  45.000         174.000            2.888e+00          -1.043e+01              65.882           2.681e+00             126.572           1.441e+01     
  45.000         175.000            2.877e+00          -1.013e+01              68.128           2.654e+00             126.960           1.427e+01     
  45.000         176.000            2.863e+00          -9.837e+00              70.220           2.623e+00             127.345           1.413e+01     
  45.000         177.000            2.847e+00          -9.549e+00              72.173           2.589e+00             127.727           1.399e+01     
  45.000         178.000            2.828e+00          -9.267e+00              73.995           2.552e+00             128.108           1.385e+01     
  45.000         179.000            2.807e+00          -8.993e+00              75.699           2.510e+00             128.486           1.371e+01     
  45.000         180.000            2.783e+00          -8.727e+00              77.295           2.465e+00             128.862           1.358e+01     
  45.000         181.000            2.757e+00          -8.469e+00              78.790           2.416e+00             129.236           1.344e+01     
  45.000         182.000            2.728e+00          -8.220e+00              80.193           2.364e+00             129.608           1.331e+01     
  45.000         183.000            2.696e+00          -7.979e+00              81.512           2.308e+00             129.978           1.317e+01     
  45.000         184.000            2.662e+00          -7.747e+00              82.753           2.248e+00             130.346           1.304e+01     
  45.000         185.000            2.625e+00          -7.524e+00              83.921           2.184e+00             130.713           1.290e+01     
  45.000         186.000            2.586e+00          -7.308e+00              85.024           2.117e+00             131.078           1.277e+01     
  45.000         187.000            2.544e+00          -7.102e+00              86.064           2.046e+00             131.441           1.264e+01     
  45.000         188.000            2.500e+00          -6.903e+00              87.048           1.971e+00             131.803           1.250e+01     
  45.000         189.000            2.453e+00          -6.712e+00              87.978           1.892e+00             132.164           1.237e+01     
  45.000         190.000            2.403e+00          -6.530e+00              88.859           1.809e+00             132.524           1.224e+01     
  45.000         191.000            2.351e+00          -6.355e+00              89.693           1.723e+00             132.883           1.211e+01     
  45.000         192.000            2.297e+00          -6.187e+00              90.484           1.633e+00             133.242           1.198e+01     
  45.000         193.000            2.240e+00          -6.028e+00              91.234           1.539e+00             133.600           1.185e+01     
  45.000         194.000            2.180e+00          -5.875e+00              91.946           1.441e+00             133.957           1.172e+01     
  45.000         195.000            2.118e+00          -5.729e+00              92.622           1.339e+00             134.315           1.158e+01     
  45.000         196.000            2.053e+00          -5.591e+00              93.264           1.233e+00             134.673           1.145e+01     
  45.000         197.000            1.986e+00          -5.459e+00              93.874           1.123e+00             135.032           1.132e+01     
  45.000         198.000            1.916e+00          -5.333e+00              94.452           1.010e+00             135.392           1.119e+01     
  45.000         199.000            1.844e+00          -5.214e+00              95.002           8.919e-01             135.753           1.106e+01     
  45.000         200.000            1.769e+00          -5.102e+00              95.525           7.702e-01             136.115           1.093e+01     
  45.000         201.000            1.693e+00          -4.995e+00              96.020           6.445e-01             136.480           1.080e+01     
  45.000         202.000            1.613e+00          -4.895e+00              96.491           5.148e-01             136.847           1.067e+01     
  45.000         203.000            1.531e+00          -4.800e+00              96.937           3.809e-01             137.216           1.053e+01     
  45.000         204.000            1.447e+00          -4.711e+00              97.360           2.430e-01             137.589           1.040e+01     
  45.000         205.000            1.361e+00          -4.628e+00              97.761           1.010e-01             137.966           1.027e+01     
  45.000         206.000            1.272e+00          -4.550e+00              98.140          -4.520e-02             138.347           1.014e+01     
  45.000         207.000            1.182e+00          -4.477e+00              98.499          -1.955e-01             138.733           1.001e+01     
  45.000         208.000            1.088e+00          -4.410e+00              98.837          -3.501e-01             139.124           9.872e+00     
  45.000         209.000            9.931e-01          -4.348e+00              99.156          -5.088e-01             139.522           9.739e+00     
  45.000         210.000            8.956e-01          -4.291e+00              99.456          -6.717e-01             139.926           9.605e+00     
  45.000         211.000            7.961e-01          -4.239e+00              99.738          -8.389e-01             140.338           9.472e+00     
  45.000         212.000            6.944e-01          -4.191e+00             100.002          -1.010e+00             140.759           9.337e+00     
  45.000         213.000            5.908e-01          -4.149e+00             100.249          -1.186e+00             141.189           9.203e+00     
  45.000         214.000            4.852e-01          -4.111e+00             100.480          -1.366e+00             141.629           9.068e+00     
  45.000         215.000            3.776e-01          -4.078e+00             100.693          -1.550e+00             142.080           8.932e+00     
  45.000         216.000            2.682e-01          -4.049e+00             100.891          -1.739e+00             142.544           8.796e+00     
  45.000         217.000            1.569e-01          -4.024e+00             101.074          -1.932e+00             143.020           8.660e+00     
  45.000         218.000            4.394e-02          -4.004e+00             101.240          -2.129e+00             143.512           8.524e+00     
  45.000         219.000           -7.076e-02          -3.989e+00             101.392          -2.331e+00             144.019           8.387e+00     
  45.000         220.000           -1.871e-01          -3.977e+00             101.530          -2.537e+00             144.544           8.251e+00     
  45.000         221.000           -3.050e-01          -3.970e+00             101.652          -2.747e+00             145.087           8.113e+00     
  45.000         222.000           -4.244e-01          -3.966e+00             101.761          -2.961e+00             145.651           7.976e+00     
  45.000         223.000           -5.452e-01          -3.967e+00             101.856          -3.180e+00             146.236           7.839e+00     
  45.000         224.000           -6.674e-01          -3.971e+00             101.937          -3.403e+00             146.846           7.701e+00     
  45.000         225.000           -7.908e-01          -3.980e+00             102.005          -3.630e+00             147.481           7.564e+00     
  45.000         226.000           -9.154e-01          -3.992e+00             102.059          -3.861e+00             148.143           7.427e+00     
  45.000         227.000           -1.041e+00          -4.008e+00             102.101          -4.096e+00             148.836           7.290e+00     
  45.000         228.000           -1.168e+00          -4.027e+00             102.129          -4.334e+00             149.560           7.153e+00     
  45.000         229.000           -1.295e+00          -4.051e+00             102.145          -4.577e+00             150.319           7.017e+00     
  45.000         230.000           -1.424e+00          -4.078e+00             102.149          -4.823e+00             151.115           6.881e+00     
  45.000         231.000           -1.553e+00          -4.108e+00             102.140          -5.072e+00             151.951           6.746e+00     
  45.000         232.000           -1.683e+00          -4.142e+00             102.119          -5.325e+00             152.829           6.613e+00     
  45.000         233.000           -1.813e+00          -4.179e+00             102.086          -5.580e+00             153.753           6.480e+00     
  45.000         234.000           -1.944e+00          -4.220e+00             102.042          -5.838e+00             154.724           6.349e+00     
  45.000         235.000           -2.074e+00          -4.264e+00             101.985          -6.098e+00             155.748           6.220e+00     
  45.000         236.000           -2.205e+00          -4.312e+00             101.917          -6.359e+00             156.825           6.093e+00     
  45.000         237.000           -2.336e+00          -4.362e+00             101.838          -6.622e+00             157.961           5.968e+00     
  45.000         238.000           -2.467e+00          -4.416e+00             101.748          -6.885e+00             159.157           5.846e+00     
  45.000         239.000           -2.598e+00          -4.473e+00             101.646          -7.149e+00             160.417           5.727e+00     
  45.000         240.000           -2.728e+00          -4.534e+00             101.534          -7.412e+00             161.744           5.612e+00     
  45.000         241.000           -2.858e+00          -4.597e+00             101.411          -7.673e+00             163.141           5.501e+00     
  45.000         242.000           -2.987e+00          -4.664e+00             101.277          -7.931e+00             164.610           5.395e+00     
  45.000         243.000           -3.115e+00          -4.734e+00             101.133          -8.187e+00             166.154           5.293e+00     
  45.000         244.000           -3.243e+00          -4.806e+00             100.978          -8.437e+00             167.773           5.198e+00     
  45.000         245.000           -3.369e+00          -4.882e+00             100.813          -8.683e+00             169.468           5.109e+00     
  45.000         246.000           -3.494e+00          -4.961e+00             100.638          -8.921e+00             171.240           5.028e+00     
  45.000         247.000           -3.618e+00          -5.043e+00             100.453          -9.150e+00             173.088           4.954e+00     
  45.000         248.000           -3.740e+00          -5.127e+00             100.258          -9.370e+00             175.010           4.889e+00     
  45.000         249.000           -3.860e+00          -5.215e+00             100.054          -9.579e+00             177.002           4.833e+00     
  45.000         250.000           -3.979e+00          -5.306e+00              99.840          -9.776e+00             179.060           4.787e+00     
  45.000         251.000           -4.096e+00          -5.399e+00              99.617          -9.958e+00             181.178           4.752e+00     
  45.000         252.000           -4.211e+00          -5.496e+00              99.385          -1.013e+01             183.350           4.728e+00     
  45.000         253.000           -4.323e+00          -5.595e+00              99.144          -1.028e+01             185.565           4.717e+00     
  45.000         254.000           -4.433e+00          -5.697e+00              98.894          -1.041e+01             187.815           4.717e+00     
  45.000         255.000           -4.541e+00          -5.802e+00              98.635          -1.053e+01             190.089           4.731e+00     
  45.000         256.000           -4.646e+00          -5.910e+00              98.368          -1.062e+01             192.375           4.757e+00     
  45.000         257.000           -4.748e+00          -6.020e+00              98.093          -1.070e+01             194.661           4.797e+00     
  45.000         258.000           -4.848e+00          -6.134e+00              97.809          -1.076e+01             196.934           4.850e+00     
  45.000         259.000           -4.944e+00          -6.250e+00              97.517          -1.080e+01             199.183           4.917e+00     
  45.000         260.000           -5.038e+00          -6.369e+00              97.218          -1.082e+01             201.396           4.996e+00     
  45.000         261.000           -5.129e+00          -6.491e+00              96.912          -1.083e+01             203.562           5.089e+00     
  45.000         262.000           -5.216e+00          -6.615e+00              96.598          -1.082e+01             205.670           5.195e+00     
  45.000         263.000           -5.300e+00          -6.743e+00              96.277          -1.079e+01             207.713           5.313e+00     
  45.000         264.000           -5.381e+00          -6.873e+00              95.949          -1.075e+01             209.683           5.442e+00     
  45.000         265.000           -5.459e+00          -7.007e+00              95.614          -1.069e+01             211.574           5.583e+00     
  45.000         266.000           -5.533e+00          -7.143e+00              95.273          -1.062e+01             213.381           5.736e+00     
  45.000         267.000           -5.604e+00          -7.282e+00              94.926          -1.055e+01             215.103           5.898e+00     
  45.000         268.000           -5.672e+00          -7.423e+00              94.573          -1.046e+01             216.735           6.070e+00     
  45.000         269.000           -5.736e+00          -7.568e+00              94.214          -1.037e+01             218.279           6.252e+00     
  45.000         270.000           -5.797e+00          -7.716e+00              93.850          -1.027e+01             219.734           6.443e+00     
  45.000         271.000           -5.854e+00          -7.866e+00              93.483          -1.016e+01             221.101           6.642e+00     
  45.000         272.000           -5.909e+00          -8.020e+00              93.109          -1.005e+01             222.381           6.849e+00     
  45.000         273.000           -5.959e+00          -8.176e+00              92.731          -9.941e+00             223.577           7.064e+00     
  45.000         274.000           -6.007e+00          -8.336e+00              92.348          -9.826e+00             224.691           7.286e+00     
  45.000         275.000           -6.052e+00          -8.499e+00              91.962          -9.709e+00             225.726           7.514e+00     
  45.000         276.000           -6.093e+00          -8.665e+00              91.572          -9.592e+00             226.686           7.749e+00     
  45.000         277.000           -6.131e+00          -8.834e+00              91.179          -9.473e+00             227.574           7.991e+00     
  45.000         278.000           -6.167e+00          -9.006e+00              90.783          -9.355e+00             228.393           8.238e+00     
  45.000         279.000           -6.199e+00          -9.181e+00              90.384          -9.238e+00             229.146           8.491e+00     
  45.000         280.000           -6.229e+00          -9.360e+00              89.984          -9.122e+00             229.838           8.749e+00     
  45.000         281.000           -6.256e+00          -9.542e+00              89.581          -9.007e+00             230.471           9.012e+00     
  45.000         282.000           -6.280e+00          -9.728e+00              89.178          -8.893e+00             231.050           9.280e+00     
  45.000         283.000           -6.302e+00          -9.917e+00              88.773          -8.782e+00             231.576           9.553e+00     
  45.000         284.000           -6.322e+00          -1.011e+01              88.368          -8.672e+00             232.054           9.830e+00     
  45.000         285.000           -6.339e+00          -1.031e+01              87.963          -8.565e+00             232.485           1.011e+01     
  45.000         286.000           -6.354e+00          -1.051e+01              87.559          -8.460e+00             232.874           1.040e+01     
  45.000         287.000           -6.367e+00          -1.071e+01              87.155          -8.358e+00             233.223           1.069e+01     
  45.000         288.000           -6.378e+00          -1.092e+01              86.753          -8.258e+00             233.535           1.098e+01     
  45.000         289.000           -6.387e+00          -1.113e+01              86.353          -8.160e+00             233.811           1.128e+01     
  45.000         290.000           -6.394e+00          -1.135e+01              85.956          -8.066e+00             234.055           1.158e+01     
  45.000         291.000           -6.399e+00          -1.157e+01              85.561          -7.974e+00             234.268           1.189e+01     
  45.000         292.000           -6.403e+00          -1.180e+01              85.170          -7.884e+00             234.454           1.220e+01     
  45.000         293.000           -6.406e+00          -1.203e+01              84.784          -7.797e+00             234.613           1.251e+01     
  45.000         294.000           -6.407e+00          -1.226e+01              84.403          -7.713e+00             234.749           1.283e+01     
  45.000         295.000           -6.406e+00          -1.250e+01              84.027          -7.631e+00             234.862           1.315e+01     
  45.000         296.000           -6.405e+00          -1.275e+01              83.658          -7.552e+00             234.955           1.348e+01     
  45.000         297.000           -6.402e+00          -1.300e+01              83.296          -7.476e+00             235.030           1.381e+01     
  45.000         298.000           -6.398e+00          -1.325e+01              82.942          -7.402e+00             235.087           1.414e+01     
  45.000         299.000           -6.394e+00          -1.351e+01              82.597          -7.330e+00             235.130           1.447e+01     
  45.000         300.000           -6.388e+00          -1.378e+01              82.261          -7.261e+00             235.158           1.481e+01     
  45.000         301.000           -6.381e+00          -1.406e+01              81.937          -7.195e+00             235.174           1.516e+01     
  45.000         302.000           -6.374e+00          -1.434e+01              81.624          -7.130e+00             235.178           1.551e+01     
  45.000         303.000           -6.366e+00          -1.463e+01              81.325          -7.068e+00             235.173           1.586e+01     
  45.000         304.000           -6.357e+00          -1.492e+01              81.040          -7.008e+00             235.160           1.621e+01     
  45.000         305.000           -6.348e+00          -1.523e+01              80.770          -6.950e+00             235.139           1.657e+01     
  45.000         306.000           -6.338e+00          -1.554e+01              80.518          -6.895e+00             235.112           1.693e+01     
  45.000         307.000           -6.328e+00          -1.586e+01              80.284          -6.841e+00             235.079           1.730e+01     
  45.000         308.000           -6.317e+00          -1.619e+01              80.070          -6.789e+00             235.043           1.767e+01     
  45.000         309.000           -6.306e+00          -1.653e+01              79.879          -6.739e+00             235.004           1.805e+01     
  45.000         310.000           -6.294e+00          -1.688e+01              79.712          -6.691e+00             234.962           1.842e+01     
  45.000         311.000           -6.282e+00          -1.725e+01              79.572          -6.644e+00             234.919           1.881e+01     
  45.000         312.000           -6.269e+00          -1.762e+01              79.462          -6.600e+00             234.876           1.919e+01     
  45.000         313.000           -6.256e+00          -1.801e+01              79.385          -6.557e+00             234.834           1.959e+01     
  45.000         314.000           -6.243e+00          -1.841e+01              79.344          -6.515e+00             234.793           1.998e+01     
  45.000         315.000           -6.230e+00          -1.883e+01              79.344          -6.475e+00             234.754           2.038e+01     
  45.000         316.000           -6.216e+00          -1.927e+01              79.389          -6.436e+00             234.717           2.079e+01     
  45.000         317.000           -6.201e+00          -1.972e+01              79.486          -6.399e+00             234.684           2.120e+01     
  45.000         318.000           -6.187e+00          -2.019e+01              79.640          -6.363e+00             234.656           2.161e+01     
  45.000         319.000           -6.172e+00          -2.069e+01              79.861          -6.328e+00             234.632           2.203e+01     
  45.000         320.000           -6.157e+00          -2.121e+01              80.158          -6.294e+00             234.613           2.245e+01     
  45.000         321.000           -6.141e+00          -2.176e+01              80.544          -6.262e+00             234.600           2.288e+01     
  45.000         322.000           -6.125e+00          -2.234e+01              81.034          -6.230e+00             234.594           2.331e+01     
  45.000         323.000           -6.109e+00          -2.296e+01              81.648          -6.199e+00             234.594           2.375e+01     
  45.000         324.000           -6.092e+00          -2.362e+01              82.411          -6.169e+00             234.602           2.419e+01     
  45.000         325.000           -6.075e+00          -2.432e+01              83.356          -6.140e+00             234.618           2.464e+01     
  45.000         326.000           -6.057e+00          -2.507e+01              84.527          -6.112e+00             234.641           2.509e+01     
  45.000         327.000           -6.039e+00          -2.588e+01              85.984          -6.084e+00             234.673           2.555e+01     
  45.000         328.000           -6.020e+00          -2.676e+01              87.810          -6.057e+00             234.713           2.601e+01     
  45.000         329.000           -6.001e+00          -2.772e+01              90.122          -6.030e+00             234.763           2.648e+01     
  45.000         330.000           -5.981e+00          -2.876e+01              93.092          -6.004e+00             234.821           2.695e+01     
  45.000         331.000           -5.961e+00          -2.991e+01              96.975          -5.978e+00             234.889           2.743e+01     
  45.000         332.000           -5.940e+00          -3.116e+01             102.151          -5.953e+00             234.966           2.791e+01     
  45.000         333.000           -5.918e+00          -3.249e+01             109.184          -5.928e+00             235.053           2.840e+01     
  45.000         334.000           -5.896e+00          -3.384e+01             118.834          -5.903e+00             235.149           2.889e+01     
  45.000         335.000           -5.873e+00          -3.503e+01             131.851          -5.878e+00             235.255           2.939e+01     
  45.000         336.000           -5.849e+00          -3.574e+01             148.157          -5.854e+00             235.371           2.990e+01     
  45.000         337.000           -5.825e+00          -3.568e+01             165.786          -5.829e+00             235.496           3.041e+01     
  45.000         338.000           -5.800e+00          -3.488e+01             181.705          -5.805e+00             235.631           3.092e+01     
  45.000         339.000           -5.774e+00          -3.365e+01             194.249          -5.781e+00             235.775           3.145e+01     
  45.000         340.000           -5.747e+00          -3.230e+01             203.543          -5.756e+00             235.928           3.198e+01     
  45.000         341.000           -5.719e+00          -3.098e+01             210.369          -5.732e+00             236.091           3.252e+01     
  45.000         342.000           -5.690e+00          -2.974e+01             215.465          -5.707e+00             236.262           3.306e+01     
  45.000         343.000           -5.661e+00          -2.861e+01             219.362          -5.683e+00             236.442           3.361e+01     
  45.000         344.000           -5.630e+00          -2.758e+01             222.418          -5.658e+00             236.630           3.417e+01     
  45.000         345.000           -5.599e+00          -2.664e+01             224.874          -5.633e+00             236.827           3.474e+01     
  45.000         346.000           -5.567e+00          -2.577e+01             226.889          -5.609e+00             237.031           3.532e+01     
  45.000         347.000           -5.534e+00          -2.496e+01             228.575          -5.584e+00             237.243           3.591e+01     
  45.000         348.000           -5.500e+00          -2.421e+01             230.010          -5.559e+00             237.462           3.651e+01     
  45.000         349.000           -5.465e+00          -2.352e+01             231.252          -5.534e+00             237.687           3.713e+01     
  45.000         350.000           -5.429e+00          -2.286e+01             232.341          -5.508e+00             237.919           3.776e+01     
  45.000         351.000           -5.393e+00          -2.225e+01             233.308          -5.483e+00             238.158           3.840e+01     
  45.000         352.000           -5.355e+00          -2.166e+01             234.176          -5.458e+00             238.401           3.906e+01     
  45.000         353.000           -5.317e+00          -2.111e+01             234.965          -5.433e+00             238.650           3.975e+01     
  45.000         354.000           -5.278e+00          -2.058e+01             235.687          -5.408e+00             238.904           4.000e+01     
  45.000         355.000           -5.238e+00          -2.008e+01             236.355          -5.383e+00             239.163           4.000e+01     
  45.000         356.000           -5.198e+00          -1.960e+01             236.977          -5.358e+00             239.425           4.000e+01     
  45.000         357.000           -5.156e+00          -1.913e+01             237.560          -5.334e+00             239.691           4.000e+01     
  45.000         358.000           -5.115e+00          -1.868e+01             238.111          -5.310e+00             239.960           4.000e+01     
  45.000         359.000           -5.072e+00          -1.825e+01             238.633          -5.286e+00             240.232           4.000e+01     
