Theta [deg.]  Phi   [deg.]  Abs(Dir.)[dBi   ]   Abs(Theta)[dBi   ]  Phase(Theta)[deg.]  Abs(Phi  )[dBi   ]  Phase(Phi  )[deg.]  Ax.Ratio[dB    ]    
------------------------------------------------------------------------------------------------------------------------------------------------------
  45.000           0.000            4.213e+00          -2.793e+01             321.613           4.210e+00             175.973           3.711e+01     
  45.000           1.000            4.211e+00          -3.120e+01             299.638           4.210e+00             175.867           3.702e+01     
  45.000           2.000            4.206e+00          -3.267e+01             259.512           4.205e+00             175.763           3.693e+01     
  45.000           3.000            4.200e+00          -3.018e+01             224.584           4.198e+00             175.662           3.683e+01     
  45.000           4.000            4.191e+00          -2.696e+01             207.295           4.188e+00             175.565           3.674e+01     
  45.000           5.000            4.180e+00          -2.432e+01             198.560           4.174e+00             175.470           3.664e+01     
  45.000           6.000            4.167e+00          -2.221e+01             193.496           4.157e+00             175.378           3.653e+01     
  45.000           7.000            4.152e+00          -2.049e+01             190.227           4.137e+00             175.290           3.643e+01     
  45.000           8.000            4.135e+00          -1.904e+01             187.947           4.114e+00             175.204           3.632e+01     
  45.000           9.000            4.116e+00          -1.779e+01             186.267           4.088e+00             175.121           3.621e+01     
  45.000          10.000            4.095e+00          -1.671e+01             184.976           4.058e+00             175.042           3.610e+01     
  45.000          11.000            4.071e+00          -1.574e+01             183.952           4.026e+00             174.965           3.598e+01     
  45.000          12.000            4.046e+00          -1.488e+01             183.120           3.990e+00             174.891           3.586e+01     
  45.000          13.000            4.018e+00          -1.409e+01             182.430           3.951e+00             174.820           3.574e+01     
  45.000          14.000            3.989e+00          -1.338e+01             181.848           3.908e+00             174.751           3.561e+01     
  45.000          15.000            3.957e+00          -1.273e+01             181.351           3.863e+00             174.686           3.548e+01     
  45.000          16.000            3.924e+00          -1.212e+01             180.922           3.814e+00             174.623           3.535e+01     
  45.000          17.000            3.888e+00          -1.156e+01             180.549           3.763e+00             174.563           3.521e+01     
  45.000          18.000            3.851e+00          -1.104e+01             180.221           3.708e+00             174.506           3.507e+01     
  45.000          19.000            3.811e+00          -1.055e+01             179.931           3.649e+00             174.452           3.492e+01     
  45.000          20.000            3.770e+00          -1.010e+01             179.675           3.588e+00             174.400           3.478e+01     
  45.000          21.000            3.727e+00          -9.668e+00             179.446           3.523e+00             174.350           3.462e+01     
  45.000          22.000            3.682e+00          -9.264e+00             179.242           3.456e+00             174.303           3.447e+01     
  45.000          23.000            3.635e+00          -8.883e+00             179.060           3.385e+00             174.259           3.431e+01     
  45.000          24.000            3.586e+00          -8.523e+00             178.897           3.310e+00             174.217           3.415e+01     
  45.000          25.000            3.536e+00          -8.182e+00             178.750           3.233e+00             174.177           3.398e+01     
  45.000          26.000            3.483e+00          -7.859e+00             178.619           3.152e+00             174.139           3.382e+01     
  45.000          27.000            3.429e+00          -7.552e+00             178.502           3.068e+00             174.104           3.364e+01     
  45.000          28.000            3.374e+00          -7.260e+00             178.398           2.981e+00             174.071           3.347e+01     
  45.000          29.000            3.316e+00          -6.982e+00             178.305           2.891e+00             174.039           3.329e+01     
  45.000          30.000            3.257e+00          -6.718e+00             178.223           2.797e+00             174.010           3.311e+01     
  45.000          31.000            3.197e+00          -6.466e+00             178.150           2.700e+00             173.982           3.293e+01     
  45.000          32.000            3.135e+00          -6.225e+00             178.087           2.600e+00             173.957           3.274e+01     
  45.000          33.000            3.071e+00          -5.996e+00             178.032           2.497e+00             173.933           3.255e+01     
  45.000          34.000            3.006e+00          -5.776e+00             177.985           2.390e+00             173.910           3.236e+01     
  45.000          35.000            2.940e+00          -5.567e+00             177.946           2.280e+00             173.889           3.217e+01     
  45.000          36.000            2.872e+00          -5.366e+00             177.914           2.166e+00             173.869           3.197e+01     
  45.000          37.000            2.803e+00          -5.175e+00             177.888           2.049e+00             173.851           3.177e+01     
  45.000          38.000            2.732e+00          -4.991e+00             177.869           1.929e+00             173.833           3.157e+01     
  45.000          39.000            2.661e+00          -4.816e+00             177.856           1.805e+00             173.817           3.137e+01     
  45.000          40.000            2.588e+00          -4.648e+00             177.848           1.678e+00             173.801           3.117e+01     
  45.000          41.000            2.514e+00          -4.487e+00             177.845           1.548e+00             173.786           3.096e+01     
  45.000          42.000            2.439e+00          -4.333e+00             177.848           1.413e+00             173.772           3.075e+01     
  45.000          43.000            2.363e+00          -4.185e+00             177.855           1.276e+00             173.757           3.055e+01     
  45.000          44.000            2.285e+00          -4.044e+00             177.868           1.134e+00             173.744           3.034e+01     
  45.000          45.000            2.207e+00          -3.909e+00             177.884           9.893e-01             173.730           3.013e+01     
  45.000          46.000            2.128e+00          -3.779e+00             177.905           8.405e-01             173.716           2.991e+01     
  45.000          47.000            2.048e+00          -3.655e+00             177.929           6.880e-01             173.701           2.970e+01     
  45.000          48.000            1.968e+00          -3.536e+00             177.958           5.316e-01             173.686           2.949e+01     
  45.000          49.000            1.886e+00          -3.423e+00             177.990           3.714e-01             173.671           2.928e+01     
  45.000          50.000            1.804e+00          -3.314e+00             178.025           2.071e-01             173.654           2.906e+01     
  45.000          51.000            1.722e+00          -3.209e+00             178.064           3.883e-02             173.636           2.885e+01     
  45.000          52.000            1.639e+00          -3.109e+00             178.106          -1.336e-01             173.617           2.864e+01     
  45.000          53.000            1.555e+00          -3.014e+00             178.151          -3.104e-01             173.595           2.842e+01     
  45.000          54.000            1.471e+00          -2.923e+00             178.199          -4.914e-01             173.572           2.821e+01     
  45.000          55.000            1.387e+00          -2.835e+00             178.249          -6.770e-01             173.547           2.800e+01     
  45.000          56.000            1.302e+00          -2.752e+00             178.302          -8.671e-01             173.518           2.779e+01     
  45.000          57.000            1.217e+00          -2.672e+00             178.357          -1.062e+00             173.487           2.758e+01     
  45.000          58.000            1.133e+00          -2.596e+00             178.415          -1.262e+00             173.452           2.737e+01     
  45.000          59.000            1.048e+00          -2.523e+00             178.474          -1.467e+00             173.414           2.716e+01     
  45.000          60.000            9.625e-01          -2.454e+00             178.536          -1.677e+00             173.371           2.695e+01     
  45.000          61.000            8.776e-01          -2.388e+00             178.599          -1.892e+00             173.323           2.675e+01     
  45.000          62.000            7.929e-01          -2.324e+00             178.665          -2.113e+00             173.271           2.654e+01     
  45.000          63.000            7.083e-01          -2.264e+00             178.731          -2.340e+00             173.212           2.634e+01     
  45.000          64.000            6.241e-01          -2.207e+00             178.800          -2.573e+00             173.148           2.614e+01     
  45.000          65.000            5.402e-01          -2.153e+00             178.869          -2.812e+00             173.076           2.594e+01     
  45.000          66.000            4.568e-01          -2.101e+00             178.940          -3.058e+00             172.997           2.575e+01     
  45.000          67.000            3.740e-01          -2.052e+00             179.012          -3.311e+00             172.909           2.556e+01     
  45.000          68.000            2.917e-01          -2.006e+00             179.085          -3.571e+00             172.812           2.537e+01     
  45.000          69.000            2.102e-01          -1.962e+00             179.159          -3.839e+00             172.705           2.518e+01     
  45.000          70.000            1.294e-01          -1.921e+00             179.234          -4.115e+00             172.586           2.500e+01     
  45.000          71.000            4.949e-02          -1.882e+00             179.310          -4.400e+00             172.456           2.482e+01     
  45.000          72.000           -2.948e-02          -1.845e+00             179.385          -4.694e+00             172.311           2.464e+01     
  45.000          73.000           -1.074e-01          -1.810e+00             179.462          -4.998e+00             172.151           2.447e+01     
  45.000          74.000           -1.843e-01          -1.777e+00             179.539          -5.312e+00             171.974           2.430e+01     
  45.000          75.000           -2.599e-01          -1.747e+00             179.616          -5.637e+00             171.779           2.414e+01     
  45.000          76.000           -3.343e-01          -1.719e+00             179.693          -5.974e+00             171.562           2.398e+01     
  45.000          77.000           -4.073e-01          -1.692e+00             179.771          -6.323e+00             171.322           2.382e+01     
  45.000          78.000           -4.788e-01          -1.668e+00             179.848          -6.686e+00             171.055           2.367e+01     
  45.000          79.000           -5.489e-01          -1.645e+00             179.925          -7.064e+00             170.759           2.353e+01     
  45.000          80.000           -6.173e-01          -1.624e+00             180.002          -7.459e+00             170.429           2.339e+01     
  45.000          81.000           -6.840e-01          -1.605e+00             180.079          -7.870e+00             170.060           2.326e+01     
  45.000          82.000           -7.489e-01          -1.588e+00             180.156          -8.301e+00             169.647           2.313e+01     
  45.000          83.000           -8.121e-01          -1.573e+00             180.232          -8.752e+00             169.184           2.301e+01     
  45.000          84.000           -8.732e-01          -1.559e+00             180.308          -9.227e+00             168.661           2.289e+01     
  45.000          85.000           -9.324e-01          -1.547e+00             180.383          -9.726e+00             168.068           2.278e+01     
  45.000          86.000           -9.894e-01          -1.537e+00             180.458          -1.025e+01             167.394           2.268e+01     
  45.000          87.000           -1.044e+00          -1.528e+00             180.532          -1.081e+01             166.622           2.259e+01     
  45.000          88.000           -1.097e+00          -1.521e+00             180.605          -1.141e+01             165.732           2.250e+01     
  45.000          89.000           -1.147e+00          -1.516e+00             180.678          -1.204e+01             164.699           2.242e+01     
  45.000          90.000           -1.195e+00          -1.512e+00             180.749          -1.272e+01             163.488           2.235e+01     
  45.000          91.000           -1.241e+00          -1.510e+00             180.820          -1.345e+01             162.056           2.228e+01     
  45.000          92.000           -1.284e+00          -1.509e+00             180.890          -1.424e+01             160.342           2.222e+01     
  45.000          93.000           -1.324e+00          -1.511e+00             180.960          -1.510e+01             158.261           2.218e+01     
  45.000          94.000           -1.362e+00          -1.513e+00             181.028          -1.603e+01             155.695           2.214e+01     
  45.000          95.000           -1.397e+00          -1.517e+00             181.096          -1.704e+01             152.476           2.210e+01     
  45.000          96.000           -1.430e+00          -1.523e+00             181.162          -1.815e+01             148.353           2.208e+01     
  45.000          97.000           -1.460e+00          -1.531e+00             181.228          -1.935e+01             142.965           2.207e+01     
  45.000          98.000           -1.487e+00          -1.540e+00             181.293          -2.062e+01             135.790           2.207e+01     
  45.000          99.000           -1.511e+00          -1.551e+00             181.356          -2.188e+01             126.159           2.207e+01     
  45.000         100.000           -1.532e+00          -1.563e+00             181.419          -2.298e+01             113.470           2.209e+01     
  45.000         101.000           -1.551e+00          -1.578e+00             181.481          -2.363e+01              97.890           2.211e+01     
  45.000         102.000           -1.566e+00          -1.593e+00             181.542          -2.359e+01              81.149           2.215e+01     
  45.000         103.000           -1.579e+00          -1.611e+00             181.602          -2.288e+01              65.848           2.219e+01     
  45.000         104.000           -1.588e+00          -1.630e+00             181.661          -2.176e+01              53.528           2.225e+01     
  45.000         105.000           -1.595e+00          -1.652e+00             181.719          -2.049e+01              44.213           2.231e+01     
  45.000         106.000           -1.599e+00          -1.675e+00             181.777          -1.924e+01              37.270           2.239e+01     
  45.000         107.000           -1.600e+00          -1.700e+00             181.833          -1.806e+01              32.040           2.247e+01     
  45.000         108.000           -1.598e+00          -1.726e+00             181.889          -1.697e+01              28.024           2.257e+01     
  45.000         109.000           -1.594e+00          -1.755e+00             181.944          -1.597e+01              24.874           2.268e+01     
  45.000         110.000           -1.586e+00          -1.786e+00             181.999          -1.506e+01              22.352           2.280e+01     
  45.000         111.000           -1.576e+00          -1.819e+00             182.053          -1.422e+01              20.296           2.293e+01     
  45.000         112.000           -1.563e+00          -1.854e+00             182.106          -1.345e+01              18.593           2.307e+01     
  45.000         113.000           -1.547e+00          -1.891e+00             182.159          -1.273e+01              17.163           2.323e+01     
  45.000         114.000           -1.529e+00          -1.931e+00             182.211          -1.207e+01              15.946           2.339e+01     
  45.000         115.000           -1.508e+00          -1.972e+00             182.263          -1.145e+01              14.900           2.357e+01     
  45.000         116.000           -1.485e+00          -2.016e+00             182.315          -1.087e+01              13.991           2.376e+01     
  45.000         117.000           -1.459e+00          -2.063e+00             182.367          -1.033e+01              13.197           2.396e+01     
  45.000         118.000           -1.431e+00          -2.112e+00             182.418          -9.812e+00              12.496           2.417e+01     
  45.000         119.000           -1.400e+00          -2.164e+00             182.469          -9.327e+00              11.874           2.439e+01     
  45.000         120.000           -1.368e+00          -2.218e+00             182.521          -8.867e+00              11.318           2.463e+01     
  45.000         121.000           -1.333e+00          -2.275e+00             182.572          -8.431e+00              10.820           2.488e+01     
  45.000         122.000           -1.296e+00          -2.335e+00             182.623          -8.015e+00              10.370           2.514e+01     
  45.000         123.000           -1.257e+00          -2.398e+00             182.675          -7.620e+00               9.963           2.541e+01     
  45.000         124.000           -1.217e+00          -2.464e+00             182.728          -7.242e+00               9.594           2.570e+01     
  45.000         125.000           -1.174e+00          -2.534e+00             182.780          -6.880e+00               9.257           2.600e+01     
  45.000         126.000           -1.130e+00          -2.606e+00             182.833          -6.534e+00               8.948           2.631e+01     
  45.000         127.000           -1.084e+00          -2.682e+00             182.887          -6.202e+00               8.666           2.664e+01     
  45.000         128.000           -1.037e+00          -2.762e+00             182.942          -5.883e+00               8.407           2.698e+01     
  45.000         129.000           -9.889e-01          -2.845e+00             182.998          -5.577e+00               8.168           2.733e+01     
  45.000         130.000           -9.392e-01          -2.931e+00             183.054          -5.282e+00               7.948           2.770e+01     
  45.000         131.000           -8.884e-01          -3.022e+00             183.112          -4.998e+00               7.745           2.808e+01     
  45.000         132.000           -8.365e-01          -3.117e+00             183.170          -4.725e+00               7.558           2.848e+01     
  45.000         133.000           -7.837e-01          -3.216e+00             183.230          -4.461e+00               7.385           2.890e+01     
  45.000         134.000           -7.301e-01          -3.319e+00             183.292          -4.207e+00               7.225           2.933e+01     
  45.000         135.000           -6.757e-01          -3.427e+00             183.355          -3.961e+00               7.077           2.978e+01     
  45.000         136.000           -6.208e-01          -3.540e+00             183.420          -3.724e+00               6.941           3.025e+01     
  45.000         137.000           -5.653e-01          -3.658e+00             183.486          -3.495e+00               6.815           3.074e+01     
  45.000         138.000           -5.094e-01          -3.780e+00             183.555          -3.274e+00               6.700           3.124e+01     
  45.000         139.000           -4.533e-01          -3.908e+00             183.625          -3.060e+00               6.593           3.177e+01     
  45.000         140.000           -3.969e-01          -4.042e+00             183.698          -2.854e+00               6.496           3.233e+01     
  45.000         141.000           -3.404e-01          -4.181e+00             183.773          -2.654e+00               6.407           3.290e+01     
  45.000         142.000           -2.840e-01          -4.327e+00             183.851          -2.461e+00               6.325           3.351e+01     
  45.000         143.000           -2.276e-01          -4.478e+00             183.931          -2.274e+00               6.252           3.415e+01     
  45.000         144.000           -1.714e-01          -4.637e+00             184.014          -2.094e+00               6.185           3.481e+01     
  45.000         145.000           -1.155e-01          -4.802e+00             184.100          -1.919e+00               6.126           3.552e+01     
  45.000         146.000           -6.000e-02          -4.974e+00             184.189          -1.751e+00               6.073           3.627e+01     
  45.000         147.000           -4.938e-03          -5.154e+00             184.282          -1.588e+00               6.027           3.706e+01     
  45.000         148.000            4.957e-02          -5.343e+00             184.378          -1.431e+00               5.987           3.790e+01     
  45.000         149.000            1.034e-01          -5.539e+00             184.478          -1.280e+00               5.953           3.881e+01     
  45.000         150.000            1.566e-01          -5.744e+00             184.582          -1.133e+00               5.926           3.979e+01     
  45.000         151.000            2.090e-01          -5.959e+00             184.691          -9.925e-01               5.903           4.000e+01     
  45.000         152.000            2.605e-01          -6.183e+00             184.804          -8.566e-01               5.887           4.000e+01     
  45.000         153.000            3.110e-01          -6.418e+00             184.922          -7.258e-01               5.876           4.000e+01     
  45.000         154.000            3.605e-01          -6.664e+00             185.045          -6.000e-01               5.870           4.000e+01     
  45.000         155.000            4.090e-01          -6.921e+00             185.174          -4.790e-01               5.869           4.000e+01     
  45.000         156.000            4.562e-01          -7.191e+00             185.309          -3.629e-01               5.874           4.000e+01     
  45.000         157.000            5.023e-01          -7.475e+00             185.451          -2.514e-01               5.884           4.000e+01     
  45.000         158.000            5.471e-01          -7.772e+00             185.600          -1.447e-01               5.898           4.000e+01     
  45.000         159.000            5.905e-01          -8.086e+00             185.757          -4.256e-02               5.918           4.000e+01     
  45.000         160.000            6.325e-01          -8.415e+00             185.923           5.500e-02               5.942           4.000e+01     
  45.000         161.000            6.731e-01          -8.763e+00             186.098           1.481e-01               5.971           4.000e+01     
  45.000         162.000            7.122e-01          -9.130e+00             186.284           2.367e-01               6.005           4.000e+01     
  45.000         163.000            7.497e-01          -9.518e+00             186.482           3.208e-01               6.043           4.000e+01     
  45.000         164.000            7.856e-01          -9.929e+00             186.693           4.006e-01               6.086           4.000e+01     
  45.000         165.000            8.198e-01          -1.037e+01             186.921           4.761e-01               6.133           4.000e+01     
  45.000         166.000            8.524e-01          -1.083e+01             187.165           5.472e-01               6.185           4.000e+01     
  45.000         167.000            8.832e-01          -1.133e+01             187.431           6.140e-01               6.241           4.000e+01     
  45.000         168.000            9.123e-01          -1.186e+01             187.721           6.766e-01               6.302           4.000e+01     
  45.000         169.000            9.396e-01          -1.243e+01             188.040           7.350e-01               6.367           4.000e+01     
  45.000         170.000            9.651e-01          -1.305e+01             188.395           7.892e-01               6.435           4.000e+01     
  45.000         171.000            9.886e-01          -1.372e+01             188.793           8.392e-01               6.508           4.000e+01     
  45.000         172.000            1.010e+00          -1.445e+01             189.246           8.850e-01               6.586           4.000e+01     
  45.000         173.000            1.030e+00          -1.525e+01             189.769           9.267e-01               6.667           4.000e+01     
  45.000         174.000            1.048e+00          -1.614e+01             190.385           9.642e-01               6.752           4.000e+01     
  45.000         175.000            1.064e+00          -1.714e+01             191.128           9.977e-01               6.841           4.000e+01     
  45.000         176.000            1.078e+00          -1.827e+01             192.048           1.027e+00               6.934           4.000e+01     
  45.000         177.000            1.090e+00          -1.957e+01             193.234           1.052e+00               7.031           4.000e+01     
  45.000         178.000            1.100e+00          -2.110e+01             194.836           1.074e+00               7.131           3.968e+01     
  45.000         179.000            1.108e+00          -2.296e+01             197.151           1.091e+00               7.236           3.936e+01     
  45.000         180.000            1.114e+00          -2.530e+01             200.839           1.104e+00               7.343           3.906e+01     
  45.000         181.000            1.118e+00          -2.844e+01             207.682           1.113e+00               7.455           3.879e+01     
  45.000         182.000            1.119e+00          -3.290e+01             224.113           1.118e+00               7.570           3.852e+01     
  45.000         183.000            1.119e+00          -3.714e+01             274.117           1.119e+00               7.688           3.828e+01     
  45.000         184.000            1.117e+00          -3.324e+01             326.927           1.116e+00               7.810           3.804e+01     
  45.000         185.000            1.113e+00          -2.868e+01             344.529           1.108e+00               7.935           3.782e+01     
  45.000         186.000            1.107e+00          -2.548e+01             351.712           1.097e+00               8.064           3.760e+01     
  45.000         187.000            1.099e+00          -2.309e+01             355.541           1.082e+00               8.195           3.740e+01     
  45.000         188.000            1.088e+00          -2.121e+01             357.934           1.063e+00               8.330           3.720e+01     
  45.000         189.000            1.076e+00          -1.966e+01             359.589           1.039e+00               8.468           3.700e+01     
  45.000         190.000            1.062e+00          -1.835e+01               0.817           1.012e+00               8.609           3.682e+01     
  45.000         191.000            1.046e+00          -1.721e+01               1.777           9.806e-01               8.752           3.663e+01     
  45.000         192.000            1.028e+00          -1.621e+01               2.557           9.450e-01               8.899           3.645e+01     
  45.000         193.000            1.008e+00          -1.531e+01               3.212           9.054e-01               9.048           3.627e+01     
  45.000         194.000            9.861e-01          -1.450e+01               3.774           8.617e-01               9.200           3.610e+01     
  45.000         195.000            9.624e-01          -1.377e+01               4.269           8.138e-01               9.354           3.592e+01     
  45.000         196.000            9.369e-01          -1.309e+01               4.710           7.618e-01               9.511           3.575e+01     
  45.000         197.000            9.096e-01          -1.247e+01               5.111           7.056e-01               9.671           3.558e+01     
  45.000         198.000            8.805e-01          -1.190e+01               5.478           6.452e-01               9.833           3.540e+01     
  45.000         199.000            8.496e-01          -1.137e+01               5.818           5.806e-01               9.997           3.523e+01     
  45.000         200.000            8.171e-01          -1.087e+01               6.136           5.118e-01              10.163           3.506e+01     
  45.000         201.000            7.829e-01          -1.040e+01               6.436           4.387e-01              10.331           3.488e+01     
  45.000         202.000            7.470e-01          -9.959e+00               6.720           3.612e-01              10.502           3.470e+01     
  45.000         203.000            7.096e-01          -9.545e+00               6.990           2.795e-01              10.674           3.452e+01     
  45.000         204.000            6.707e-01          -9.154e+00               7.249           1.933e-01              10.848           3.434e+01     
  45.000         205.000            6.303e-01          -8.785e+00               7.498           1.026e-01              11.024           3.416e+01     
  45.000         206.000            5.885e-01          -8.435e+00               7.738           7.468e-03              11.202           3.398e+01     
  45.000         207.000            5.453e-01          -8.102e+00               7.969          -9.224e-02              11.382           3.379e+01     
  45.000         208.000            5.008e-01          -7.786e+00               8.194          -1.966e-01              11.562           3.360e+01     
  45.000         209.000            4.550e-01          -7.486e+00               8.412          -3.056e-01              11.745           3.341e+01     
  45.000         210.000            4.081e-01          -7.199e+00               8.623          -4.194e-01              11.929           3.321e+01     
  45.000         211.000            3.600e-01          -6.926e+00               8.829          -5.380e-01              12.114           3.302e+01     
  45.000         212.000            3.108e-01          -6.666e+00               9.030          -6.616e-01              12.300           3.282e+01     
  45.000         213.000            2.607e-01          -6.416e+00               9.225          -7.902e-01              12.488           3.262e+01     
  45.000         214.000            2.097e-01          -6.178e+00               9.416          -9.239e-01              12.677           3.242e+01     
  45.000         215.000            1.578e-01          -5.950e+00               9.602          -1.063e+00              12.867           3.221e+01     
  45.000         216.000            1.051e-01          -5.732e+00               9.784          -1.207e+00              13.059           3.201e+01     
  45.000         217.000            5.177e-02          -5.523e+00               9.961          -1.357e+00              13.251           3.180e+01     
  45.000         218.000           -2.179e-03          -5.322e+00              10.134          -1.513e+00              13.445           3.159e+01     
  45.000         219.000           -5.664e-02          -5.130e+00              10.302          -1.674e+00              13.640           3.138e+01     
  45.000         220.000           -1.115e-01          -4.946e+00              10.467          -1.841e+00              13.835           3.118e+01     
  45.000         221.000           -1.667e-01          -4.769e+00              10.627          -2.015e+00              14.033           3.097e+01     
  45.000         222.000           -2.222e-01          -4.600e+00              10.783          -2.194e+00              14.231           3.076e+01     
  45.000         223.000           -2.778e-01          -4.437e+00              10.934          -2.381e+00              14.431           3.055e+01     
  45.000         224.000           -3.334e-01          -4.280e+00              11.081          -2.574e+00              14.632           3.034e+01     
  45.000         225.000           -3.890e-01          -4.130e+00              11.224          -2.774e+00              14.834           3.014e+01     
  45.000         226.000           -4.444e-01          -3.986e+00              11.363          -2.982e+00              15.039           2.993e+01     
  45.000         227.000           -4.996e-01          -3.847e+00              11.497          -3.197e+00              15.245           2.973e+01     
  45.000         228.000           -5.544e-01          -3.714e+00              11.627          -3.420e+00              15.454           2.953e+01     
  45.000         229.000           -6.086e-01          -3.586e+00              11.752          -3.652e+00              15.665           2.933e+01     
  45.000         230.000           -6.623e-01          -3.463e+00              11.872          -3.893e+00              15.879           2.913e+01     
  45.000         231.000           -7.152e-01          -3.345e+00              11.988          -4.143e+00              16.096           2.894e+01     
  45.000         232.000           -7.673e-01          -3.232e+00              12.099          -4.402e+00              16.317           2.876e+01     
  45.000         233.000           -8.185e-01          -3.123e+00              12.205          -4.672e+00              16.542           2.857e+01     
  45.000         234.000           -8.686e-01          -3.018e+00              12.306          -4.953e+00              16.772           2.839e+01     
  45.000         235.000           -9.174e-01          -2.918e+00              12.402          -5.246e+00              17.008           2.822e+01     
  45.000         236.000           -9.650e-01          -2.822e+00              12.493          -5.551e+00              17.251           2.805e+01     
  45.000         237.000           -1.011e+00          -2.729e+00              12.579          -5.869e+00              17.501           2.789e+01     
  45.000         238.000           -1.056e+00          -2.641e+00              12.660          -6.202e+00              17.761           2.774e+01     
  45.000         239.000           -1.099e+00          -2.556e+00              12.735          -6.550e+00              18.032           2.759e+01     
  45.000         240.000           -1.140e+00          -2.474e+00              12.805          -6.914e+00              18.315           2.745e+01     
  45.000         241.000           -1.179e+00          -2.396e+00              12.869          -7.297e+00              18.613           2.731e+01     
  45.000         242.000           -1.216e+00          -2.322e+00              12.927          -7.699e+00              18.930           2.718e+01     
  45.000         243.000           -1.251e+00          -2.250e+00              12.980          -8.123e+00              19.267           2.707e+01     
  45.000         244.000           -1.284e+00          -2.182e+00              13.028          -8.570e+00              19.629           2.696e+01     
  45.000         245.000           -1.314e+00          -2.117e+00              13.069          -9.043e+00              20.022           2.685e+01     
  45.000         246.000           -1.342e+00          -2.054e+00              13.105          -9.546e+00              20.451           2.676e+01     
  45.000         247.000           -1.368e+00          -1.995e+00              13.134          -1.008e+01              20.925           2.668e+01     
  45.000         248.000           -1.390e+00          -1.938e+00              13.158          -1.065e+01              21.454           2.661e+01     
  45.000         249.000           -1.410e+00          -1.884e+00              13.176          -1.127e+01              22.051           2.654e+01     
  45.000         250.000           -1.428e+00          -1.833e+00              13.187          -1.193e+01              22.733           2.649e+01     
  45.000         251.000           -1.442e+00          -1.784e+00              13.193          -1.265e+01              23.525           2.645e+01     
  45.000         252.000           -1.453e+00          -1.738e+00              13.192          -1.343e+01              24.460           2.642e+01     
  45.000         253.000           -1.462e+00          -1.695e+00              13.185          -1.429e+01              25.582           2.640e+01     
  45.000         254.000           -1.467e+00          -1.653e+00              13.172          -1.524e+01              26.960           2.639e+01     
  45.000         255.000           -1.469e+00          -1.614e+00              13.153          -1.630e+01              28.694           2.640e+01     
  45.000         256.000           -1.468e+00          -1.578e+00              13.127          -1.751e+01              30.947           2.641e+01     
  45.000         257.000           -1.464e+00          -1.543e+00              13.095          -1.889e+01              33.984           2.644e+01     
  45.000         258.000           -1.457e+00          -1.511e+00              13.057          -2.050e+01              38.279           2.648e+01     
  45.000         259.000           -1.446e+00          -1.481e+00              13.013          -2.238e+01              44.718           2.654e+01     
  45.000         260.000           -1.432e+00          -1.454e+00              12.962          -2.456e+01              55.059           2.660e+01     
  45.000         261.000           -1.415e+00          -1.428e+00              12.905          -2.682e+01              72.524           2.668e+01     
  45.000         262.000           -1.395e+00          -1.404e+00              12.842          -2.816e+01              99.622           2.677e+01     
  45.000         263.000           -1.372e+00          -1.383e+00              12.772          -2.734e+01             128.600           2.688e+01     
  45.000         264.000           -1.345e+00          -1.363e+00              12.697          -2.517e+01             148.698           2.699e+01     
  45.000         265.000           -1.316e+00          -1.346e+00              12.615          -2.291e+01             160.602           2.712e+01     
  45.000         266.000           -1.283e+00          -1.330e+00              12.528          -2.093e+01             167.857           2.727e+01     
  45.000         267.000           -1.247e+00          -1.317e+00              12.434          -1.924e+01             172.580           2.743e+01     
  45.000         268.000           -1.209e+00          -1.305e+00              12.334          -1.779e+01             175.845           2.760e+01     
  45.000         269.000           -1.167e+00          -1.295e+00              12.228          -1.652e+01             178.209           2.778e+01     
  45.000         270.000           -1.123e+00          -1.288e+00              12.116          -1.541e+01             179.983           2.798e+01     
  45.000         271.000           -1.075e+00          -1.282e+00              11.999          -1.441e+01             181.352           2.820e+01     
  45.000         272.000           -1.026e+00          -1.278e+00              11.876          -1.351e+01             182.431           2.842e+01     
  45.000         273.000           -9.732e-01          -1.276e+00              11.747          -1.269e+01             183.294           2.866e+01     
  45.000         274.000           -9.183e-01          -1.276e+00              11.613          -1.194e+01             183.993           2.892e+01     
  45.000         275.000           -8.610e-01          -1.277e+00              11.473          -1.125e+01             184.564           2.919e+01     
  45.000         276.000           -8.013e-01          -1.281e+00              11.327          -1.061e+01             185.033           2.948e+01     
  45.000         277.000           -7.395e-01          -1.287e+00              11.177          -1.001e+01             185.419           2.978e+01     
  45.000         278.000           -6.755e-01          -1.294e+00              11.021          -9.446e+00             185.736           3.009e+01     
  45.000         279.000           -6.096e-01          -1.303e+00              10.860          -8.917e+00             185.996           3.043e+01     
  45.000         280.000           -5.417e-01          -1.315e+00              10.694          -8.418e+00             186.208           3.078e+01     
  45.000         281.000           -4.720e-01          -1.328e+00              10.523          -7.946e+00             186.378           3.114e+01     
  45.000         282.000           -4.006e-01          -1.343e+00              10.348          -7.497e+00             186.512           3.153e+01     
  45.000         283.000           -3.276e-01          -1.361e+00              10.167          -7.071e+00             186.614           3.193e+01     
  45.000         284.000           -2.531e-01          -1.380e+00               9.983          -6.663e+00             186.689           3.235e+01     
  45.000         285.000           -1.772e-01          -1.401e+00               9.793          -6.274e+00             186.739           3.279e+01     
  45.000         286.000           -9.993e-02          -1.425e+00               9.600          -5.902e+00             186.768           3.325e+01     
  45.000         287.000           -2.151e-02          -1.450e+00               9.403          -5.544e+00             186.777           3.373e+01     
  45.000         288.000            5.800e-02          -1.478e+00               9.201          -5.201e+00             186.768           3.423e+01     
  45.000         289.000            1.385e-01          -1.508e+00               8.996          -4.871e+00             186.743           3.476e+01     
  45.000         290.000            2.199e-01          -1.540e+00               8.787          -4.553e+00             186.704           3.532e+01     
  45.000         291.000            3.022e-01          -1.575e+00               8.574          -4.246e+00             186.651           3.591e+01     
  45.000         292.000            3.851e-01          -1.612e+00               8.359          -3.950e+00             186.586           3.652e+01     
  45.000         293.000            4.687e-01          -1.651e+00               8.139          -3.663e+00             186.510           3.718e+01     
  45.000         294.000            5.528e-01          -1.693e+00               7.917          -3.387e+00             186.424           3.787e+01     
  45.000         295.000            6.374e-01          -1.737e+00               7.692          -3.119e+00             186.329           3.860e+01     
  45.000         296.000            7.223e-01          -1.784e+00               7.464          -2.859e+00             186.224           3.938e+01     
  45.000         297.000            8.075e-01          -1.833e+00               7.233          -2.607e+00             186.112           4.000e+01     
  45.000         298.000            8.929e-01          -1.885e+00               7.000          -2.363e+00             185.992           4.000e+01     
  45.000         299.000            9.784e-01          -1.940e+00               6.764          -2.126e+00             185.865           4.000e+01     
  45.000         300.000            1.064e+00          -1.998e+00               6.526          -1.896e+00             185.731           4.000e+01     
  45.000         301.000            1.149e+00          -2.059e+00               6.286          -1.672e+00             185.592           4.000e+01     
  45.000         302.000            1.235e+00          -2.122e+00               6.044          -1.454e+00             185.448           4.000e+01     
  45.000         303.000            1.320e+00          -2.189e+00               5.800          -1.243e+00             185.298           4.000e+01     
  45.000         304.000            1.405e+00          -2.260e+00               5.555          -1.037e+00             185.144           4.000e+01     
  45.000         305.000            1.490e+00          -2.333e+00               5.308          -8.367e-01             184.986           4.000e+01     
  45.000         306.000            1.574e+00          -2.410e+00               5.059          -6.417e-01             184.823           4.000e+01     
  45.000         307.000            1.657e+00          -2.491e+00               4.809          -4.520e-01             184.657           4.000e+01     
  45.000         308.000            1.741e+00          -2.575e+00               4.558          -2.672e-01             184.488           4.000e+01     
  45.000         309.000            1.823e+00          -2.663e+00               4.305          -8.722e-02             184.316           4.000e+01     
  45.000         310.000            1.905e+00          -2.755e+00               4.052           8.805e-02             184.141           4.000e+01     
  45.000         311.000            1.987e+00          -2.851e+00               3.798           2.588e-01             183.964           4.000e+01     
  45.000         312.000            2.067e+00          -2.952e+00               3.543           4.250e-01             183.785           4.000e+01     
  45.000         313.000            2.147e+00          -3.057e+00               3.287           5.870e-01             183.604           4.000e+01     
  45.000         314.000            2.226e+00          -3.166e+00               3.030           7.447e-01             183.422           4.000e+01     
  45.000         315.000            2.304e+00          -3.280e+00               2.773           8.983e-01             183.237           4.000e+01     
  45.000         316.000            2.380e+00          -3.399e+00               2.515           1.048e+00             183.052           4.000e+01     
  45.000         317.000            2.456e+00          -3.524e+00               2.257           1.193e+00             182.866           4.000e+01     
  45.000         318.000            2.531e+00          -3.653e+00               1.998           1.335e+00             182.679           4.000e+01     
  45.000         319.000            2.605e+00          -3.789e+00               1.739           1.473e+00             182.492           4.000e+01     
  45.000         320.000            2.677e+00          -3.929e+00               1.479           1.607e+00             182.304           4.000e+01     
  45.000         321.000            2.749e+00          -4.077e+00               1.219           1.737e+00             182.116           4.000e+01     
  45.000         322.000            2.819e+00          -4.230e+00               0.958           1.864e+00             181.928           4.000e+01     
  45.000         323.000            2.887e+00          -4.390e+00               0.696           1.987e+00             181.741           4.000e+01     
  45.000         324.000            2.955e+00          -4.557e+00               0.434           2.107e+00             181.553           4.000e+01     
  45.000         325.000            3.021e+00          -4.731e+00               0.172           2.223e+00             181.366           4.000e+01     
  45.000         326.000            3.085e+00          -4.913e+00             359.908           2.335e+00             181.180           4.000e+01     
  45.000         327.000            3.148e+00          -5.103e+00             359.643           2.444e+00             180.995           4.000e+01     
  45.000         328.000            3.210e+00          -5.301e+00             359.377           2.550e+00             180.810           4.000e+01     
  45.000         329.000            3.270e+00          -5.508e+00             359.110           2.652e+00             180.627           4.000e+01     
  45.000         330.000            3.328e+00          -5.725e+00             358.841           2.751e+00             180.444           4.000e+01     
  45.000         331.000            3.385e+00          -5.951e+00             358.570           2.847e+00             180.263           4.000e+01     
  45.000         332.000            3.440e+00          -6.188e+00             358.297           2.939e+00             180.084           4.000e+01     
  45.000         333.000            3.493e+00          -6.436e+00             358.021           3.028e+00             179.906           4.000e+01     
  45.000         334.000            3.545e+00          -6.696e+00             357.742           3.114e+00             179.730           3.987e+01     
  45.000         335.000            3.595e+00          -6.968e+00             357.458           3.196e+00             179.555           3.970e+01     
  45.000         336.000            3.643e+00          -7.254e+00             357.170           3.275e+00             179.382           3.953e+01     
  45.000         337.000            3.690e+00          -7.555e+00             356.877           3.351e+00             179.212           3.938e+01     
  45.000         338.000            3.735e+00          -7.871e+00             356.577           3.424e+00             179.043           3.924e+01     
  45.000         339.000            3.777e+00          -8.203e+00             356.269           3.493e+00             178.876           3.911e+01     
  45.000         340.000            3.818e+00          -8.554e+00             355.952           3.559e+00             178.712           3.898e+01     
  45.000         341.000            3.857e+00          -8.924e+00             355.624           3.622e+00             178.550           3.886e+01     
  45.000         342.000            3.894e+00          -9.316e+00             355.284           3.682e+00             178.390           3.874e+01     
  45.000         343.000            3.929e+00          -9.731e+00             354.928           3.738e+00             178.233           3.863e+01     
  45.000         344.000            3.962e+00          -1.017e+01             354.553           3.791e+00             178.078           3.853e+01     
  45.000         345.000            3.994e+00          -1.064e+01             354.156           3.842e+00             177.926           3.843e+01     
  45.000         346.000            4.023e+00          -1.114e+01             353.731           3.888e+00             177.776           3.833e+01     
  45.000         347.000            4.050e+00          -1.168e+01             353.274           3.932e+00             177.629           3.824e+01     
  45.000         348.000            4.075e+00          -1.226e+01             352.775           3.973e+00             177.484           3.815e+01     
  45.000         349.000            4.098e+00          -1.288e+01             352.224           4.010e+00             177.342           3.806e+01     
  45.000         350.000            4.119e+00          -1.356e+01             351.608           4.044e+00             177.204           3.797e+01     
  45.000         351.000            4.138e+00          -1.429e+01             350.908           4.075e+00             177.067           3.788e+01     
  45.000         352.000            4.155e+00          -1.511e+01             350.098           4.103e+00             176.934           3.780e+01     
  45.000         353.000            4.169e+00          -1.600e+01             349.139           4.127e+00             176.804           3.771e+01     
  45.000         354.000            4.182e+00          -1.701e+01             347.976           4.149e+00             176.676           3.763e+01     
  45.000         355.000            4.192e+00          -1.815e+01             346.522           4.167e+00             176.552           3.754e+01     
  45.000         356.000            4.201e+00          -1.945e+01             344.630           4.182e+00             176.430           3.746e+01     
  45.000         357.000            4.207e+00          -2.099e+01             342.049           4.194e+00             176.311           3.737e+01     
  45.000         358.000            4.211e+00          -2.282e+01             338.293           4.203e+00             176.196           3.729e+01     
  45.000         359.000            4.213e+00          -2.509e+01             332.324           4.208e+00             176.083           3.720e+01     
