Theta [deg.]  Phi   [deg.]  Abs(Dir.)[dBi   ]   Abs(Theta)[dBi   ]  Phase(Theta)[deg.]  Abs(Phi  )[dBi   ]  Phase(Phi  )[deg.]  Ax.Ratio[dB    ]    
------------------------------------------------------------------------------------------------------------------------------------------------------
  45.000           0.000            2.936e+00          -1.902e+01             247.502           2.908e+00             215.408           2.746e+01     
  45.000           1.000            2.925e+00          -1.797e+01             244.091           2.889e+00             215.407           2.729e+01     
  45.000           2.000            2.912e+00          -1.702e+01             241.400           2.868e+00             215.406           2.713e+01     
  45.000           3.000            2.898e+00          -1.615e+01             239.234           2.844e+00             215.406           2.696e+01     
  45.000           4.000            2.882e+00          -1.535e+01             237.461           2.817e+00             215.407           2.679e+01     
  45.000           5.000            2.865e+00          -1.462e+01             235.990           2.787e+00             215.410           2.662e+01     
  45.000           6.000            2.846e+00          -1.394e+01             234.754           2.754e+00             215.413           2.645e+01     
  45.000           7.000            2.825e+00          -1.331e+01             233.704           2.718e+00             215.416           2.629e+01     
  45.000           8.000            2.803e+00          -1.272e+01             232.805           2.680e+00             215.421           2.612e+01     
  45.000           9.000            2.780e+00          -1.217e+01             232.029           2.639e+00             215.426           2.595e+01     
  45.000          10.000            2.755e+00          -1.166e+01             231.354           2.594e+00             215.431           2.578e+01     
  45.000          11.000            2.728e+00          -1.117e+01             230.765           2.547e+00             215.437           2.562e+01     
  45.000          12.000            2.700e+00          -1.072e+01             230.248           2.497e+00             215.444           2.545e+01     
  45.000          13.000            2.670e+00          -1.029e+01             229.793           2.445e+00             215.450           2.528e+01     
  45.000          14.000            2.639e+00          -9.880e+00             229.391           2.389e+00             215.457           2.511e+01     
  45.000          15.000            2.606e+00          -9.493e+00             229.035           2.330e+00             215.463           2.494e+01     
  45.000          16.000            2.572e+00          -9.125e+00             228.719           2.268e+00             215.470           2.477e+01     
  45.000          17.000            2.537e+00          -8.776e+00             228.439           2.203e+00             215.476           2.460e+01     
  45.000          18.000            2.500e+00          -8.442e+00             228.190           2.135e+00             215.482           2.443e+01     
  45.000          19.000            2.462e+00          -8.124e+00             227.969           2.064e+00             215.488           2.426e+01     
  45.000          20.000            2.422e+00          -7.821e+00             227.773           1.990e+00             215.493           2.408e+01     
  45.000          21.000            2.381e+00          -7.530e+00             227.600           1.913e+00             215.497           2.391e+01     
  45.000          22.000            2.338e+00          -7.252e+00             227.447           1.833e+00             215.500           2.374e+01     
  45.000          23.000            2.295e+00          -6.986e+00             227.313           1.749e+00             215.502           2.357e+01     
  45.000          24.000            2.250e+00          -6.731e+00             227.195           1.663e+00             215.502           2.339e+01     
  45.000          25.000            2.203e+00          -6.486e+00             227.093           1.572e+00             215.502           2.322e+01     
  45.000          26.000            2.156e+00          -6.250e+00             227.005           1.479e+00             215.499           2.304e+01     
  45.000          27.000            2.107e+00          -6.024e+00             226.930           1.382e+00             215.495           2.287e+01     
  45.000          28.000            2.057e+00          -5.807e+00             226.866           1.282e+00             215.488           2.269e+01     
  45.000          29.000            2.006e+00          -5.598e+00             226.814           1.178e+00             215.479           2.252e+01     
  45.000          30.000            1.954e+00          -5.398e+00             226.772           1.071e+00             215.468           2.234e+01     
  45.000          31.000            1.901e+00          -5.204e+00             226.739           9.602e-01             215.453           2.216e+01     
  45.000          32.000            1.847e+00          -5.018e+00             226.715           8.458e-01             215.435           2.198e+01     
  45.000          33.000            1.791e+00          -4.839e+00             226.700           7.276e-01             215.414           2.181e+01     
  45.000          34.000            1.735e+00          -4.667e+00             226.692           6.056e-01             215.389           2.163e+01     
  45.000          35.000            1.678e+00          -4.500e+00             226.691           4.797e-01             215.360           2.145e+01     
  45.000          36.000            1.620e+00          -4.340e+00             226.697           3.498e-01             215.326           2.127e+01     
  45.000          37.000            1.561e+00          -4.186e+00             226.709           2.160e-01             215.287           2.109e+01     
  45.000          38.000            1.501e+00          -4.037e+00             226.727           7.796e-02             215.243           2.091e+01     
  45.000          39.000            1.440e+00          -3.894e+00             226.750          -6.429e-02             215.193           2.073e+01     
  45.000          40.000            1.379e+00          -3.756e+00             226.779          -2.109e-01             215.137           2.055e+01     
  45.000          41.000            1.317e+00          -3.623e+00             226.812          -3.619e-01             215.074           2.037e+01     
  45.000          42.000            1.254e+00          -3.495e+00             226.850          -5.175e-01             215.003           2.019e+01     
  45.000          43.000            1.191e+00          -3.372e+00             226.892          -6.778e-01             214.924           2.001e+01     
  45.000          44.000            1.127e+00          -3.253e+00             226.938          -8.429e-01             214.837           1.983e+01     
  45.000          45.000            1.063e+00          -3.138e+00             226.988          -1.013e+00             214.740           1.965e+01     
  45.000          46.000            9.987e-01          -3.028e+00             227.041          -1.188e+00             214.633           1.947e+01     
  45.000          47.000            9.338e-01          -2.922e+00             227.098          -1.369e+00             214.515           1.929e+01     
  45.000          48.000            8.686e-01          -2.820e+00             227.157          -1.555e+00             214.385           1.912e+01     
  45.000          49.000            8.032e-01          -2.722e+00             227.219          -1.747e+00             214.241           1.894e+01     
  45.000          50.000            7.376e-01          -2.628e+00             227.284          -1.944e+00             214.084           1.876e+01     
  45.000          51.000            6.720e-01          -2.538e+00             227.352          -2.148e+00             213.912           1.858e+01     
  45.000          52.000            6.064e-01          -2.451e+00             227.421          -2.358e+00             213.723           1.841e+01     
  45.000          53.000            5.408e-01          -2.367e+00             227.492          -2.574e+00             213.515           1.823e+01     
  45.000          54.000            4.753e-01          -2.287e+00             227.566          -2.798e+00             213.289           1.806e+01     
  45.000          55.000            4.101e-01          -2.211e+00             227.641          -3.028e+00             213.040           1.789e+01     
  45.000          56.000            3.452e-01          -2.137e+00             227.717          -3.266e+00             212.769           1.772e+01     
  45.000          57.000            2.807e-01          -2.067e+00             227.795          -3.512e+00             212.472           1.755e+01     
  45.000          58.000            2.166e-01          -2.000e+00             227.874          -3.765e+00             212.146           1.738e+01     
  45.000          59.000            1.530e-01          -1.936e+00             227.954          -4.028e+00             211.791           1.721e+01     
  45.000          60.000            9.013e-02          -1.875e+00             228.035          -4.299e+00             211.401           1.705e+01     
  45.000          61.000            2.795e-02          -1.817e+00             228.117          -4.579e+00             210.974           1.689e+01     
  45.000          62.000           -3.341e-02          -1.762e+00             228.199          -4.870e+00             210.506           1.673e+01     
  45.000          63.000           -9.388e-02          -1.710e+00             228.281          -5.170e+00             209.992           1.657e+01     
  45.000          64.000           -1.533e-01          -1.660e+00             228.364          -5.482e+00             209.428           1.641e+01     
  45.000          65.000           -2.117e-01          -1.614e+00             228.447          -5.804e+00             208.808           1.626e+01     
  45.000          66.000           -2.689e-01          -1.570e+00             228.530          -6.139e+00             208.125           1.611e+01     
  45.000          67.000           -3.249e-01          -1.528e+00             228.613          -6.486e+00             207.371           1.597e+01     
  45.000          68.000           -3.794e-01          -1.489e+00             228.696          -6.847e+00             206.539           1.582e+01     
  45.000          69.000           -4.325e-01          -1.453e+00             228.778          -7.221e+00             205.617           1.568e+01     
  45.000          70.000           -4.840e-01          -1.420e+00             228.860          -7.610e+00             204.595           1.555e+01     
  45.000          71.000           -5.339e-01          -1.389e+00             228.941          -8.014e+00             203.458           1.541e+01     
  45.000          72.000           -5.821e-01          -1.360e+00             229.021          -8.434e+00             202.190           1.529e+01     
  45.000          73.000           -6.284e-01          -1.334e+00             229.100          -8.870e+00             200.774           1.516e+01     
  45.000          74.000           -6.728e-01          -1.310e+00             229.179          -9.322e+00             199.187           1.504e+01     
  45.000          75.000           -7.152e-01          -1.289e+00             229.256          -9.791e+00             197.403           1.493e+01     
  45.000          76.000           -7.556e-01          -1.270e+00             229.331          -1.028e+01             195.394           1.482e+01     
  45.000          77.000           -7.938e-01          -1.253e+00             229.406          -1.078e+01             193.123           1.471e+01     
  45.000          78.000           -8.297e-01          -1.239e+00             229.479          -1.129e+01             190.552           1.461e+01     
  45.000          79.000           -8.633e-01          -1.227e+00             229.550          -1.181e+01             187.636           1.451e+01     
  45.000          80.000           -8.946e-01          -1.218e+00             229.619          -1.234e+01             184.326           1.442e+01     
  45.000          81.000           -9.234e-01          -1.211e+00             229.687          -1.286e+01             180.573           1.434e+01     
  45.000          82.000           -9.498e-01          -1.206e+00             229.752          -1.337e+01             176.327           1.426e+01     
  45.000          83.000           -9.736e-01          -1.204e+00             229.815          -1.385e+01             171.553           1.418e+01     
  45.000          84.000           -9.948e-01          -1.204e+00             229.876          -1.428e+01             166.235           1.412e+01     
  45.000          85.000           -1.013e+00          -1.206e+00             229.935          -1.464e+01             160.393           1.405e+01     
  45.000          86.000           -1.029e+00          -1.210e+00             229.991          -1.492e+01             154.094           1.400e+01     
  45.000          87.000           -1.043e+00          -1.217e+00             230.045          -1.509e+01             147.463           1.395e+01     
  45.000          88.000           -1.053e+00          -1.227e+00             230.096          -1.513e+01             140.670           1.390e+01     
  45.000          89.000           -1.061e+00          -1.238e+00             230.144          -1.505e+01             133.914           1.387e+01     
  45.000          90.000           -1.066e+00          -1.252e+00             230.189          -1.485e+01             127.385           1.383e+01     
  45.000          91.000           -1.069e+00          -1.268e+00             230.231          -1.454e+01             121.239           1.381e+01     
  45.000          92.000           -1.068e+00          -1.287e+00             230.270          -1.416e+01             115.577           1.379e+01     
  45.000          93.000           -1.066e+00          -1.308e+00             230.305          -1.372e+01             110.448           1.377e+01     
  45.000          94.000           -1.060e+00          -1.332e+00             230.337          -1.324e+01             105.857           1.377e+01     
  45.000          95.000           -1.052e+00          -1.357e+00             230.366          -1.273e+01             101.778           1.377e+01     
  45.000          96.000           -1.041e+00          -1.386e+00             230.391          -1.222e+01              98.170           1.377e+01     
  45.000          97.000           -1.028e+00          -1.417e+00             230.412          -1.170e+01              94.983           1.378e+01     
  45.000          98.000           -1.012e+00          -1.450e+00             230.430          -1.119e+01              92.166           1.380e+01     
  45.000          99.000           -9.937e-01          -1.486e+00             230.443          -1.069e+01              89.674           1.382e+01     
  45.000         100.000           -9.732e-01          -1.524e+00             230.452          -1.021e+01              87.462           1.385e+01     
  45.000         101.000           -9.503e-01          -1.566e+00             230.457          -9.742e+00              85.493           1.388e+01     
  45.000         102.000           -9.252e-01          -1.609e+00             230.458          -9.289e+00              83.735           1.392e+01     
  45.000         103.000           -8.979e-01          -1.656e+00             230.454          -8.854e+00              82.160           1.396e+01     
  45.000         104.000           -8.686e-01          -1.705e+00             230.446          -8.435e+00              80.743           1.401e+01     
  45.000         105.000           -8.373e-01          -1.757e+00             230.433          -8.031e+00              79.464           1.406e+01     
  45.000         106.000           -8.041e-01          -1.811e+00             230.414          -7.644e+00              78.306           1.412e+01     
  45.000         107.000           -7.691e-01          -1.869e+00             230.391          -7.271e+00              77.253           1.418e+01     
  45.000         108.000           -7.324e-01          -1.930e+00             230.363          -6.913e+00              76.293           1.424e+01     
  45.000         109.000           -6.940e-01          -1.993e+00             230.329          -6.569e+00              75.414           1.431e+01     
  45.000         110.000           -6.541e-01          -2.060e+00             230.290          -6.237e+00              74.608           1.438e+01     
  45.000         111.000           -6.128e-01          -2.129e+00             230.245          -5.918e+00              73.866           1.446e+01     
  45.000         112.000           -5.702e-01          -2.202e+00             230.195          -5.611e+00              73.181           1.454e+01     
  45.000         113.000           -5.264e-01          -2.278e+00             230.138          -5.316e+00              72.546           1.462e+01     
  45.000         114.000           -4.814e-01          -2.358e+00             230.076          -5.031e+00              71.957           1.471e+01     
  45.000         115.000           -4.353e-01          -2.440e+00             230.007          -4.756e+00              71.409           1.480e+01     
  45.000         116.000           -3.884e-01          -2.527e+00             229.931          -4.491e+00              70.898           1.489e+01     
  45.000         117.000           -3.405e-01          -2.616e+00             229.849          -4.235e+00              70.419           1.498e+01     
  45.000         118.000           -2.920e-01          -2.710e+00             229.760          -3.988e+00              69.970           1.508e+01     
  45.000         119.000           -2.427e-01          -2.807e+00             229.664          -3.750e+00              69.548           1.518e+01     
  45.000         120.000           -1.929e-01          -2.908e+00             229.560          -3.520e+00              69.150           1.528e+01     
  45.000         121.000           -1.427e-01          -3.013e+00             229.448          -3.297e+00              68.775           1.538e+01     
  45.000         122.000           -9.201e-02          -3.122e+00             229.329          -3.082e+00              68.419           1.549e+01     
  45.000         123.000           -4.106e-02          -3.236e+00             229.201          -2.874e+00              68.082           1.559e+01     
  45.000         124.000            1.012e-02          -3.353e+00             229.065          -2.673e+00              67.761           1.570e+01     
  45.000         125.000            6.142e-02          -3.476e+00             228.919          -2.479e+00              67.456           1.581e+01     
  45.000         126.000            1.128e-01          -3.602e+00             228.765          -2.291e+00              67.164           1.592e+01     
  45.000         127.000            1.641e-01          -3.734e+00             228.600          -2.109e+00              66.885           1.603e+01     
  45.000         128.000            2.154e-01          -3.870e+00             228.426          -1.934e+00              66.618           1.614e+01     
  45.000         129.000            2.664e-01          -4.012e+00             228.240          -1.764e+00              66.361           1.625e+01     
  45.000         130.000            3.172e-01          -4.159e+00             228.044          -1.599e+00              66.114           1.636e+01     
  45.000         131.000            3.677e-01          -4.311e+00             227.836          -1.440e+00              65.876           1.648e+01     
  45.000         132.000            4.179e-01          -4.469e+00             227.615          -1.286e+00              65.645           1.659e+01     
  45.000         133.000            4.676e-01          -4.633e+00             227.381          -1.138e+00              65.423           1.670e+01     
  45.000         134.000            5.167e-01          -4.803e+00             227.134          -9.938e-01              65.207           1.682e+01     
  45.000         135.000            5.654e-01          -4.980e+00             226.872          -8.549e-01              64.997           1.693e+01     
  45.000         136.000            6.134e-01          -5.163e+00             226.594          -7.207e-01              64.794           1.705e+01     
  45.000         137.000            6.607e-01          -5.353e+00             226.300          -5.911e-01              64.595           1.716e+01     
  45.000         138.000            7.073e-01          -5.550e+00             225.988          -4.659e-01              64.402           1.728e+01     
  45.000         139.000            7.531e-01          -5.755e+00             225.657          -3.452e-01              64.212           1.740e+01     
  45.000         140.000            7.981e-01          -5.968e+00             225.305          -2.287e-01              64.027           1.751e+01     
  45.000         141.000            8.422e-01          -6.189e+00             224.932          -1.165e-01              63.846           1.763e+01     
  45.000         142.000            8.854e-01          -6.420e+00             224.535          -8.315e-03              63.668           1.774e+01     
  45.000         143.000            9.277e-01          -6.659e+00             224.112           9.579e-02              63.494           1.786e+01     
  45.000         144.000            9.689e-01          -6.908e+00             223.662           1.959e-01              63.322           1.797e+01     
  45.000         145.000            1.009e+00          -7.167e+00             223.180           2.922e-01              63.153           1.809e+01     
  45.000         146.000            1.048e+00          -7.437e+00             222.666           3.845e-01              62.987           1.821e+01     
  45.000         147.000            1.086e+00          -7.719e+00             222.114           4.732e-01              62.822           1.832e+01     
  45.000         148.000            1.123e+00          -8.012e+00             221.522           5.581e-01              62.660           1.844e+01     
  45.000         149.000            1.159e+00          -8.319e+00             220.885           6.393e-01              62.500           1.855e+01     
  45.000         150.000            1.193e+00          -8.639e+00             220.198           7.169e-01              62.341           1.867e+01     
  45.000         151.000            1.227e+00          -8.974e+00             219.455           7.909e-01              62.184           1.878e+01     
  45.000         152.000            1.259e+00          -9.324e+00             218.649           8.614e-01              62.029           1.890e+01     
  45.000         153.000            1.290e+00          -9.691e+00             217.772           9.284e-01              61.874           1.901e+01     
  45.000         154.000            1.319e+00          -1.008e+01             216.814           9.920e-01              61.721           1.913e+01     
  45.000         155.000            1.347e+00          -1.048e+01             215.764           1.052e+00              61.570           1.924e+01     
  45.000         156.000            1.374e+00          -1.090e+01             214.608           1.109e+00              61.419           1.936e+01     
  45.000         157.000            1.399e+00          -1.135e+01             213.330           1.162e+00              61.269           1.947e+01     
  45.000         158.000            1.423e+00          -1.182e+01             211.910           1.212e+00              61.120           1.959e+01     
  45.000         159.000            1.446e+00          -1.231e+01             210.323           1.259e+00              60.971           1.970e+01     
  45.000         160.000            1.467e+00          -1.283e+01             208.541           1.302e+00              60.824           1.982e+01     
  45.000         161.000            1.487e+00          -1.338e+01             206.526           1.342e+00              60.677           1.993e+01     
  45.000         162.000            1.505e+00          -1.395e+01             204.236           1.379e+00              60.530           2.005e+01     
  45.000         163.000            1.522e+00          -1.455e+01             201.614           1.413e+00              60.385           2.017e+01     
  45.000         164.000            1.537e+00          -1.518e+01             198.594           1.443e+00              60.239           2.028e+01     
  45.000         165.000            1.551e+00          -1.584e+01             195.095           1.471e+00              60.094           2.040e+01     
  45.000         166.000            1.563e+00          -1.651e+01             191.021           1.495e+00              59.950           2.052e+01     
  45.000         167.000            1.574e+00          -1.719e+01             186.264           1.516e+00              59.806           2.064e+01     
  45.000         168.000            1.583e+00          -1.785e+01             180.713           1.533e+00              59.662           2.075e+01     
  45.000         169.000            1.591e+00          -1.847e+01             174.276           1.548e+00              59.518           2.087e+01     
  45.000         170.000            1.597e+00          -1.901e+01             166.913           1.559e+00              59.375           2.099e+01     
  45.000         171.000            1.602e+00          -1.943e+01             158.692           1.567e+00              59.232           2.111e+01     
  45.000         172.000            1.605e+00          -1.966e+01             149.827           1.572e+00              59.089           2.123e+01     
  45.000         173.000            1.606e+00          -1.969e+01             140.681           1.574e+00              58.947           2.136e+01     
  45.000         174.000            1.606e+00          -1.951e+01             131.690           1.573e+00              58.805           2.148e+01     
  45.000         175.000            1.605e+00          -1.914e+01             123.248           1.568e+00              58.662           2.161e+01     
  45.000         176.000            1.602e+00          -1.863e+01             115.616           1.560e+00              58.521           2.173e+01     
  45.000         177.000            1.597e+00          -1.802e+01             108.901           1.549e+00              58.379           2.186e+01     
  45.000         178.000            1.591e+00          -1.736e+01             103.088           1.535e+00              58.237           2.199e+01     
  45.000         179.000            1.583e+00          -1.668e+01              98.096           1.518e+00              58.096           2.212e+01     
  45.000         180.000            1.574e+00          -1.600e+01              93.816           1.497e+00              57.954           2.225e+01     
  45.000         181.000            1.563e+00          -1.534e+01              90.138           1.474e+00              57.813           2.238e+01     
  45.000         182.000            1.551e+00          -1.470e+01              86.963           1.447e+00              57.672           2.252e+01     
  45.000         183.000            1.537e+00          -1.409e+01              84.205           1.416e+00              57.531           2.265e+01     
  45.000         184.000            1.522e+00          -1.350e+01              81.792           1.383e+00              57.390           2.279e+01     
  45.000         185.000            1.505e+00          -1.294e+01              79.668           1.346e+00              57.250           2.293e+01     
  45.000         186.000            1.487e+00          -1.241e+01              77.784           1.306e+00              57.109           2.308e+01     
  45.000         187.000            1.467e+00          -1.191e+01              76.103           1.262e+00              56.969           2.323e+01     
  45.000         188.000            1.445e+00          -1.143e+01              74.593           1.215e+00              56.829           2.338e+01     
  45.000         189.000            1.423e+00          -1.097e+01              73.229           1.165e+00              56.689           2.353e+01     
  45.000         190.000            1.398e+00          -1.054e+01              71.989           1.111e+00              56.549           2.368e+01     
  45.000         191.000            1.373e+00          -1.013e+01              70.857           1.054e+00              56.409           2.384e+01     
  45.000         192.000            1.346e+00          -9.736e+00              69.817           9.934e-01              56.269           2.401e+01     
  45.000         193.000            1.317e+00          -9.361e+00              68.857           9.291e-01              56.130           2.417e+01     
  45.000         194.000            1.288e+00          -9.003e+00              67.969           8.613e-01              55.990           2.434e+01     
  45.000         195.000            1.257e+00          -8.661e+00              67.142           7.898e-01              55.851           2.452e+01     
  45.000         196.000            1.224e+00          -8.334e+00              66.370           7.147e-01              55.712           2.470e+01     
  45.000         197.000            1.190e+00          -8.021e+00              65.647           6.358e-01              55.573           2.488e+01     
  45.000         198.000            1.155e+00          -7.722e+00              64.966           5.531e-01              55.435           2.507e+01     
  45.000         199.000            1.119e+00          -7.434e+00              64.324           4.667e-01              55.296           2.527e+01     
  45.000         200.000            1.082e+00          -7.159e+00              63.717           3.763e-01              55.158           2.547e+01     
  45.000         201.000            1.043e+00          -6.894e+00              63.141           2.820e-01              55.020           2.568e+01     
  45.000         202.000            1.003e+00          -6.640e+00              62.593           1.836e-01              54.883           2.589e+01     
  45.000         203.000            9.626e-01          -6.396e+00              62.069           8.111e-02              54.746           2.611e+01     
  45.000         204.000            9.207e-01          -6.162e+00              61.569          -2.554e-02              54.609           2.634e+01     
  45.000         205.000            8.777e-01          -5.936e+00              61.090          -1.365e-01              54.472           2.658e+01     
  45.000         206.000            8.337e-01          -5.719e+00              60.630          -2.518e-01              54.336           2.682e+01     
  45.000         207.000            7.888e-01          -5.511e+00              60.187          -3.715e-01              54.200           2.708e+01     
  45.000         208.000            7.430e-01          -5.310e+00              59.760          -4.958e-01              54.065           2.734e+01     
  45.000         209.000            6.963e-01          -5.116e+00              59.348          -6.248e-01              53.930           2.762e+01     
  45.000         210.000            6.488e-01          -4.930e+00              58.949          -7.585e-01              53.796           2.790e+01     
  45.000         211.000            6.006e-01          -4.750e+00              58.563          -8.972e-01              53.663           2.820e+01     
  45.000         212.000            5.516e-01          -4.577e+00              58.188          -1.041e+00              53.530           2.852e+01     
  45.000         213.000            5.020e-01          -4.410e+00              57.823          -1.190e+00              53.397           2.884e+01     
  45.000         214.000            4.518e-01          -4.250e+00              57.468          -1.344e+00              53.266           2.919e+01     
  45.000         215.000            4.011e-01          -4.095e+00              57.123          -1.504e+00              53.135           2.955e+01     
  45.000         216.000            3.499e-01          -3.946e+00              56.785          -1.670e+00              53.005           2.993e+01     
  45.000         217.000            2.984e-01          -3.802e+00              56.456          -1.841e+00              52.876           3.032e+01     
  45.000         218.000            2.464e-01          -3.664e+00              56.133          -2.019e+00              52.749           3.074e+01     
  45.000         219.000            1.943e-01          -3.530e+00              55.818          -2.203e+00              52.622           3.119e+01     
  45.000         220.000            1.419e-01          -3.402e+00              55.509          -2.393e+00              52.497           3.166e+01     
  45.000         221.000            8.941e-02          -3.278e+00              55.206          -2.591e+00              52.373           3.216e+01     
  45.000         222.000            3.689e-02          -3.159e+00              54.908          -2.795e+00              52.251           3.270e+01     
  45.000         223.000           -1.559e-02          -3.044e+00              54.615          -3.008e+00              52.130           3.327e+01     
  45.000         224.000           -6.794e-02          -2.934e+00              54.328          -3.228e+00              52.011           3.389e+01     
  45.000         225.000           -1.201e-01          -2.827e+00              54.045          -3.456e+00              51.895           3.456e+01     
  45.000         226.000           -1.719e-01          -2.725e+00              53.766          -3.693e+00              51.780           3.528e+01     
  45.000         227.000           -2.234e-01          -2.627e+00              53.491          -3.939e+00              51.668           3.607e+01     
  45.000         228.000           -2.744e-01          -2.533e+00              53.220          -4.195e+00              51.560           3.693e+01     
  45.000         229.000           -3.248e-01          -2.442e+00              52.953          -4.461e+00              51.454           3.790e+01     
  45.000         230.000           -3.745e-01          -2.355e+00              52.689          -4.737e+00              51.351           3.898e+01     
  45.000         231.000           -4.235e-01          -2.271e+00              52.429          -5.026e+00              51.253           4.000e+01     
  45.000         232.000           -4.716e-01          -2.191e+00              52.171          -5.326e+00              51.159           4.000e+01     
  45.000         233.000           -5.188e-01          -2.115e+00              51.916          -5.640e+00              51.070           4.000e+01     
  45.000         234.000           -5.649e-01          -2.041e+00              51.664          -5.968e+00              50.986           4.000e+01     
  45.000         235.000           -6.098e-01          -1.971e+00              51.415          -6.311e+00              50.909           4.000e+01     
  45.000         236.000           -6.535e-01          -1.904e+00              51.168          -6.670e+00              50.839           4.000e+01     
  45.000         237.000           -6.958e-01          -1.840e+00              50.923          -7.047e+00              50.777           4.000e+01     
  45.000         238.000           -7.367e-01          -1.779e+00              50.681          -7.444e+00              50.724           4.000e+01     
  45.000         239.000           -7.760e-01          -1.721e+00              50.441          -7.862e+00              50.683           4.000e+01     
  45.000         240.000           -8.137e-01          -1.666e+00              50.203          -8.304e+00              50.654           4.000e+01     
  45.000         241.000           -8.496e-01          -1.614e+00              49.967          -8.771e+00              50.640           4.000e+01     
  45.000         242.000           -8.837e-01          -1.565e+00              49.732          -9.267e+00              50.643           4.000e+01     
  45.000         243.000           -9.159e-01          -1.518e+00              49.500          -9.796e+00              50.668           4.000e+01     
  45.000         244.000           -9.460e-01          -1.474e+00              49.269          -1.036e+01              50.718           4.000e+01     
  45.000         245.000           -9.740e-01          -1.432e+00              49.040          -1.097e+01              50.798           4.000e+01     
  45.000         246.000           -9.998e-01          -1.393e+00              48.813          -1.162e+01              50.918           3.972e+01     
  45.000         247.000           -1.023e+00          -1.357e+00              48.587          -1.233e+01              51.085           3.885e+01     
  45.000         248.000           -1.045e+00          -1.323e+00              48.363          -1.311e+01              51.314           3.811e+01     
  45.000         249.000           -1.063e+00          -1.292e+00              48.140          -1.396e+01              51.625           3.745e+01     
  45.000         250.000           -1.080e+00          -1.263e+00              47.919          -1.491e+01              52.044           3.687e+01     
  45.000         251.000           -1.093e+00          -1.237e+00              47.699          -1.597e+01              52.617           3.636e+01     
  45.000         252.000           -1.105e+00          -1.213e+00              47.480          -1.719e+01              53.411           3.591e+01     
  45.000         253.000           -1.113e+00          -1.191e+00              47.263          -1.860e+01              54.544           3.551e+01     
  45.000         254.000           -1.119e+00          -1.172e+00              47.047          -2.029e+01              56.233           3.515e+01     
  45.000         255.000           -1.122e+00          -1.155e+00              46.832          -2.236e+01              58.929           3.485e+01     
  45.000         256.000           -1.123e+00          -1.140e+00              46.619          -2.505e+01              63.721           3.458e+01     
  45.000         257.000           -1.120e+00          -1.128e+00              46.407          -2.876e+01              73.957           3.434e+01     
  45.000         258.000           -1.115e+00          -1.118e+00              46.196          -3.373e+01             103.161           3.415e+01     
  45.000         259.000           -1.107e+00          -1.110e+00              45.986          -3.389e+01             165.357           3.398e+01     
  45.000         260.000           -1.097e+00          -1.104e+00              45.777          -2.891e+01             195.797           3.384e+01     
  45.000         261.000           -1.084e+00          -1.101e+00              45.570          -2.515e+01             206.367           3.374e+01     
  45.000         262.000           -1.068e+00          -1.099e+00              45.363          -2.242e+01             211.274           3.366e+01     
  45.000         263.000           -1.049e+00          -1.100e+00              45.158          -2.032e+01             214.023           3.361e+01     
  45.000         264.000           -1.027e+00          -1.104e+00              44.954          -1.862e+01             215.742           3.358e+01     
  45.000         265.000           -1.003e+00          -1.109e+00              44.751          -1.719e+01             216.896           3.358e+01     
  45.000         266.000           -9.769e-01          -1.117e+00              44.549          -1.596e+01             217.705           3.360e+01     
  45.000         267.000           -9.478e-01          -1.127e+00              44.348          -1.489e+01             218.291           3.365e+01     
  45.000         268.000           -9.162e-01          -1.139e+00              44.148          -1.393e+01             218.723           3.372e+01     
  45.000         269.000           -8.822e-01          -1.153e+00              43.949          -1.307e+01             219.045           3.381e+01     
  45.000         270.000           -8.459e-01          -1.170e+00              43.751          -1.228e+01             219.286           3.393e+01     
  45.000         271.000           -8.073e-01          -1.189e+00              43.555          -1.156e+01             219.466           3.407e+01     
  45.000         272.000           -7.666e-01          -1.210e+00              43.359          -1.090e+01             219.598           3.423e+01     
  45.000         273.000           -7.237e-01          -1.233e+00              43.164          -1.028e+01             219.692           3.442e+01     
  45.000         274.000           -6.788e-01          -1.259e+00              42.971          -9.709e+00             219.756           3.463e+01     
  45.000         275.000           -6.320e-01          -1.287e+00              42.778          -9.171e+00             219.795           3.487e+01     
  45.000         276.000           -5.833e-01          -1.317e+00              42.586          -8.666e+00             219.815           3.513e+01     
  45.000         277.000           -5.328e-01          -1.350e+00              42.395          -8.190e+00             219.817           3.541e+01     
  45.000         278.000           -4.807e-01          -1.385e+00              42.205          -7.740e+00             219.805           3.572e+01     
  45.000         279.000           -4.271e-01          -1.423e+00              42.016          -7.313e+00             219.782           3.606e+01     
  45.000         280.000           -3.719e-01          -1.463e+00              41.828          -6.907e+00             219.748           3.643e+01     
  45.000         281.000           -3.154e-01          -1.505e+00              41.641          -6.520e+00             219.707           3.683e+01     
  45.000         282.000           -2.576e-01          -1.550e+00              41.455          -6.151e+00             219.657           3.726e+01     
  45.000         283.000           -1.985e-01          -1.598e+00              41.269          -5.798e+00             219.602           3.772e+01     
  45.000         284.000           -1.384e-01          -1.648e+00              41.084          -5.461e+00             219.542           3.823e+01     
  45.000         285.000           -7.731e-02          -1.701e+00              40.900          -5.137e+00             219.477           3.878e+01     
  45.000         286.000           -1.529e-02          -1.756e+00              40.717          -4.827e+00             219.408           3.937e+01     
  45.000         287.000            4.756e-02          -1.815e+00              40.535          -4.528e+00             219.336           4.000e+01     
  45.000         288.000            1.111e-01          -1.876e+00              40.353          -4.241e+00             219.261           4.000e+01     
  45.000         289.000            1.753e-01          -1.940e+00              40.172          -3.964e+00             219.183           4.000e+01     
  45.000         290.000            2.401e-01          -2.007e+00              39.991          -3.697e+00             219.104           4.000e+01     
  45.000         291.000            3.053e-01          -2.076e+00              39.811          -3.440e+00             219.023           4.000e+01     
  45.000         292.000            3.709e-01          -2.149e+00              39.632          -3.192e+00             218.940           4.000e+01     
  45.000         293.000            4.368e-01          -2.225e+00              39.453          -2.952e+00             218.857           4.000e+01     
  45.000         294.000            5.030e-01          -2.305e+00              39.275          -2.720e+00             218.772           4.000e+01     
  45.000         295.000            5.692e-01          -2.387e+00              39.096          -2.496e+00             218.687           4.000e+01     
  45.000         296.000            6.356e-01          -2.473e+00              38.918          -2.278e+00             218.602           4.000e+01     
  45.000         297.000            7.019e-01          -2.563e+00              38.741          -2.068e+00             218.516           4.000e+01     
  45.000         298.000            7.681e-01          -2.656e+00              38.563          -1.865e+00             218.430           4.000e+01     
  45.000         299.000            8.342e-01          -2.752e+00              38.386          -1.668e+00             218.344           4.000e+01     
  45.000         300.000            9.001e-01          -2.852e+00              38.208          -1.476e+00             218.258           4.000e+01     
  45.000         301.000            9.657e-01          -2.957e+00              38.030          -1.291e+00             218.173           4.000e+01     
  45.000         302.000            1.031e+00          -3.065e+00              37.852          -1.112e+00             218.088           4.000e+01     
  45.000         303.000            1.096e+00          -3.177e+00              37.673          -9.375e-01             218.003           4.000e+01     
  45.000         304.000            1.160e+00          -3.294e+00              37.494          -7.686e-01             217.919           4.000e+01     
  45.000         305.000            1.224e+00          -3.414e+00              37.314          -6.048e-01             217.836           4.000e+01     
  45.000         306.000            1.287e+00          -3.540e+00              37.133          -4.459e-01             217.753           4.000e+01     
  45.000         307.000            1.350e+00          -3.670e+00              36.951          -2.917e-01             217.671           4.000e+01     
  45.000         308.000            1.412e+00          -3.805e+00              36.768          -1.422e-01             217.591           4.000e+01     
  45.000         309.000            1.473e+00          -3.945e+00              36.584           2.862e-03             217.511           4.000e+01     
  45.000         310.000            1.534e+00          -4.090e+00              36.397           1.435e-01             217.432           4.000e+01     
  45.000         311.000            1.593e+00          -4.240e+00              36.209           2.799e-01             217.354           4.000e+01     
  45.000         312.000            1.652e+00          -4.397e+00              36.018           4.122e-01             217.278           4.000e+01     
  45.000         313.000            1.710e+00          -4.559e+00              35.824           5.403e-01             217.202           3.982e+01     
  45.000         314.000            1.767e+00          -4.727e+00              35.628           6.646e-01             217.128           3.923e+01     
  45.000         315.000            1.823e+00          -4.901e+00              35.428           7.849e-01             217.055           3.869e+01     
  45.000         316.000            1.878e+00          -5.082e+00              35.224           9.014e-01             216.984           3.819e+01     
  45.000         317.000            1.932e+00          -5.270e+00              35.016           1.014e+00             216.914           3.772e+01     
  45.000         318.000            1.985e+00          -5.465e+00              34.803           1.123e+00             216.845           3.727e+01     
  45.000         319.000            2.036e+00          -5.668e+00              34.585           1.229e+00             216.778           3.685e+01     
  45.000         320.000            2.087e+00          -5.879e+00              34.360           1.331e+00             216.712           3.646e+01     
  45.000         321.000            2.136e+00          -6.098e+00              34.128           1.430e+00             216.648           3.608e+01     
  45.000         322.000            2.184e+00          -6.326e+00              33.889           1.525e+00             216.585           3.572e+01     
  45.000         323.000            2.231e+00          -6.564e+00              33.640           1.617e+00             216.524           3.538e+01     
  45.000         324.000            2.277e+00          -6.811e+00              33.382           1.705e+00             216.464           3.505e+01     
  45.000         325.000            2.321e+00          -7.069e+00              33.113           1.790e+00             216.406           3.473e+01     
  45.000         326.000            2.364e+00          -7.338e+00              32.830           1.872e+00             216.349           3.443e+01     
  45.000         327.000            2.406e+00          -7.619e+00              32.534           1.951e+00             216.295           3.414e+01     
  45.000         328.000            2.446e+00          -7.912e+00              32.221           2.027e+00             216.241           3.386e+01     
  45.000         329.000            2.485e+00          -8.219e+00              31.890           2.099e+00             216.190           3.359e+01     
  45.000         330.000            2.523e+00          -8.540e+00              31.538           2.169e+00             216.140           3.333e+01     
  45.000         331.000            2.559e+00          -8.876e+00              31.162           2.235e+00             216.092           3.307e+01     
  45.000         332.000            2.593e+00          -9.230e+00              30.759           2.298e+00             216.045           3.283e+01     
  45.000         333.000            2.627e+00          -9.602e+00              30.323           2.359e+00             216.001           3.259e+01     
  45.000         334.000            2.658e+00          -9.993e+00              29.851           2.416e+00             215.957           3.235e+01     
  45.000         335.000            2.689e+00          -1.041e+01              29.336           2.470e+00             215.916           3.212e+01     
  45.000         336.000            2.718e+00          -1.084e+01              28.771           2.522e+00             215.876           3.190e+01     
  45.000         337.000            2.745e+00          -1.130e+01              28.147           2.570e+00             215.838           3.169e+01     
  45.000         338.000            2.771e+00          -1.179e+01              27.453           2.616e+00             215.802           3.147e+01     
  45.000         339.000            2.795e+00          -1.232e+01              26.675           2.659e+00             215.768           3.127e+01     
  45.000         340.000            2.817e+00          -1.287e+01              25.796           2.699e+00             215.735           3.106e+01     
  45.000         341.000            2.838e+00          -1.347e+01              24.792           2.736e+00             215.703           3.086e+01     
  45.000         342.000            2.858e+00          -1.411e+01              23.635           2.770e+00             215.674           3.066e+01     
  45.000         343.000            2.876e+00          -1.480e+01              22.287           2.801e+00             215.646           3.047e+01     
  45.000         344.000            2.892e+00          -1.555e+01              20.694           2.830e+00             215.620           3.028e+01     
  45.000         345.000            2.907e+00          -1.636e+01              18.785           2.856e+00             215.595           3.009e+01     
  45.000         346.000            2.920e+00          -1.725e+01              16.459           2.878e+00             215.572           2.990e+01     
  45.000         347.000            2.932e+00          -1.823e+01              13.572           2.899e+00             215.551           2.972e+01     
  45.000         348.000            2.942e+00          -1.930e+01               9.913           2.916e+00             215.531           2.954e+01     
  45.000         349.000            2.950e+00          -2.047e+01               5.167           2.931e+00             215.513           2.936e+01     
  45.000         350.000            2.957e+00          -2.173e+01             358.871           2.942e+00             215.496           2.918e+01     
  45.000         351.000            2.962e+00          -2.305e+01             350.372           2.951e+00             215.481           2.900e+01     
  45.000         352.000            2.966e+00          -2.429e+01             338.911           2.958e+00             215.468           2.883e+01     
  45.000         353.000            2.968e+00          -2.522e+01             324.111           2.961e+00             215.456           2.865e+01     
  45.000         354.000            2.968e+00          -2.552e+01             307.003           2.962e+00             215.445           2.848e+01     
  45.000         355.000            2.967e+00          -2.504e+01             290.263           2.960e+00             215.436           2.831e+01     
  45.000         356.000            2.964e+00          -2.400e+01             276.271           2.955e+00             215.428           2.814e+01     
  45.000         357.000            2.959e+00          -2.272e+01             265.618           2.947e+00             215.421           2.797e+01     
  45.000         358.000            2.953e+00          -2.141e+01             257.751           2.937e+00             215.416           2.780e+01     
  45.000         359.000            2.945e+00          -2.017e+01             251.914           2.924e+00             215.411           2.763e+01     
