Theta [deg.]  Phi   [deg.]  Abs(Dir.)[dBi   ]   Abs(Theta)[dBi   ]  Phase(Theta)[deg.]  Abs(Phi  )[dBi   ]  Phase(Phi  )[deg.]  Ax.Ratio[dB    ]    
------------------------------------------------------------------------------------------------------------------------------------------------------
 135.000           0.000            2.864e+00          -1.993e+01              99.312           2.841e+00             181.651           2.285e+01     
 135.000           1.000            2.863e+00          -2.002e+01              90.796           2.841e+00             181.598           2.286e+01     
 135.000           2.000            2.860e+00          -1.993e+01              82.279           2.837e+00             181.549           2.288e+01     
 135.000           3.000            2.856e+00          -1.965e+01              74.122           2.831e+00             181.503           2.289e+01     
 135.000           4.000            2.849e+00          -1.923e+01              66.602           2.822e+00             181.460           2.290e+01     
 135.000           5.000            2.840e+00          -1.870e+01              59.872           2.810e+00             181.421           2.291e+01     
 135.000           6.000            2.830e+00          -1.810e+01              53.971           2.794e+00             181.385           2.292e+01     
 135.000           7.000            2.817e+00          -1.747e+01              48.859           2.776e+00             181.352           2.293e+01     
 135.000           8.000            2.802e+00          -1.682e+01              44.458           2.755e+00             181.322           2.293e+01     
 135.000           9.000            2.786e+00          -1.619e+01              40.672           2.730e+00             181.296           2.294e+01     
 135.000          10.000            2.767e+00          -1.556e+01              37.410           2.703e+00             181.273           2.294e+01     
 135.000          11.000            2.747e+00          -1.496e+01              34.590           2.673e+00             181.252           2.294e+01     
 135.000          12.000            2.724e+00          -1.438e+01              32.140           2.639e+00             181.235           2.294e+01     
 135.000          13.000            2.700e+00          -1.383e+01              30.003           2.603e+00             181.221           2.293e+01     
 135.000          14.000            2.674e+00          -1.331e+01              28.129           2.563e+00             181.209           2.293e+01     
 135.000          15.000            2.646e+00          -1.281e+01              26.477           2.520e+00             181.201           2.292e+01     
 135.000          16.000            2.615e+00          -1.233e+01              25.015           2.474e+00             181.195           2.292e+01     
 135.000          17.000            2.583e+00          -1.187e+01              23.714           2.425e+00             181.191           2.291e+01     
 135.000          18.000            2.549e+00          -1.144e+01              22.554           2.373e+00             181.191           2.290e+01     
 135.000          19.000            2.514e+00          -1.103e+01              21.513           2.317e+00             181.192           2.288e+01     
 135.000          20.000            2.476e+00          -1.064e+01              20.578           2.259e+00             181.196           2.287e+01     
 135.000          21.000            2.436e+00          -1.027e+01              19.735           2.197e+00             181.203           2.285e+01     
 135.000          22.000            2.395e+00          -9.908e+00              18.973           2.132e+00             181.212           2.283e+01     
 135.000          23.000            2.352e+00          -9.567e+00              18.282           2.063e+00             181.222           2.281e+01     
 135.000          24.000            2.307e+00          -9.242e+00              17.655           1.992e+00             181.235           2.279e+01     
 135.000          25.000            2.260e+00          -8.930e+00              17.085           1.916e+00             181.250           2.277e+01     
 135.000          26.000            2.211e+00          -8.632e+00              16.566           1.838e+00             181.266           2.274e+01     
 135.000          27.000            2.161e+00          -8.346e+00              16.092           1.756e+00             181.285           2.272e+01     
 135.000          28.000            2.109e+00          -8.073e+00              15.660           1.671e+00             181.304           2.269e+01     
 135.000          29.000            2.055e+00          -7.811e+00              15.266           1.582e+00             181.325           2.265e+01     
 135.000          30.000            1.999e+00          -7.559e+00              14.905           1.490e+00             181.348           2.262e+01     
 135.000          31.000            1.942e+00          -7.318e+00              14.576           1.394e+00             181.372           2.259e+01     
 135.000          32.000            1.883e+00          -7.086e+00              14.275           1.295e+00             181.396           2.255e+01     
 135.000          33.000            1.823e+00          -6.864e+00              14.001           1.192e+00             181.422           2.251e+01     
 135.000          34.000            1.761e+00          -6.650e+00              13.751           1.085e+00             181.448           2.247e+01     
 135.000          35.000            1.697e+00          -6.445e+00              13.523           9.743e-01             181.474           2.242e+01     
 135.000          36.000            1.632e+00          -6.248e+00              13.315           8.600e-01             181.501           2.238e+01     
 135.000          37.000            1.566e+00          -6.059e+00              13.127           7.417e-01             181.528           2.233e+01     
 135.000          38.000            1.498e+00          -5.877e+00              12.956           6.195e-01             181.555           2.228e+01     
 135.000          39.000            1.428e+00          -5.702e+00              12.802           4.933e-01             181.582           2.223e+01     
 135.000          40.000            1.357e+00          -5.533e+00              12.664           3.630e-01             181.608           2.218e+01     
 135.000          41.000            1.285e+00          -5.372e+00              12.539           2.286e-01             181.633           2.212e+01     
 135.000          42.000            1.212e+00          -5.216e+00              12.429           8.984e-02             181.657           2.206e+01     
 135.000          43.000            1.137e+00          -5.067e+00              12.330          -5.326e-02             181.680           2.200e+01     
 135.000          44.000            1.061e+00          -4.923e+00              12.244          -2.008e-01             181.701           2.194e+01     
 135.000          45.000            9.836e-01          -4.786e+00              12.169          -3.529e-01             181.720           2.188e+01     
 135.000          46.000            9.054e-01          -4.653e+00              12.104          -5.097e-01             181.737           2.181e+01     
 135.000          47.000            8.260e-01          -4.526e+00              12.049          -6.713e-01             181.752           2.175e+01     
 135.000          48.000            7.457e-01          -4.404e+00              12.003          -8.378e-01             181.763           2.168e+01     
 135.000          49.000            6.644e-01          -4.286e+00              11.966          -1.009e+00             181.771           2.161e+01     
 135.000          50.000            5.822e-01          -4.174e+00              11.937          -1.186e+00             181.775           2.153e+01     
 135.000          51.000            4.992e-01          -4.066e+00              11.915          -1.368e+00             181.775           2.146e+01     
 135.000          52.000            4.154e-01          -3.963e+00              11.901          -1.556e+00             181.770           2.138e+01     
 135.000          53.000            3.310e-01          -3.864e+00              11.894          -1.750e+00             181.760           2.130e+01     
 135.000          54.000            2.459e-01          -3.769e+00              11.893          -1.949e+00             181.744           2.122e+01     
 135.000          55.000            1.602e-01          -3.678e+00              11.898          -2.155e+00             181.721           2.114e+01     
 135.000          56.000            7.411e-02          -3.592e+00              11.908          -2.367e+00             181.691           2.106e+01     
 135.000          57.000           -1.241e-02          -3.509e+00              11.924          -2.586e+00             181.653           2.098e+01     
 135.000          58.000           -9.924e-02          -3.430e+00              11.946          -2.811e+00             181.606           2.089e+01     
 135.000          59.000           -1.863e-01          -3.355e+00              11.971          -3.044e+00             181.549           2.081e+01     
 135.000          60.000           -2.735e-01          -3.283e+00              12.001          -3.284e+00             181.481           2.072e+01     
 135.000          61.000           -3.607e-01          -3.215e+00              12.036          -3.533e+00             181.402           2.063e+01     
 135.000          62.000           -4.479e-01          -3.150e+00              12.074          -3.789e+00             181.309           2.054e+01     
 135.000          63.000           -5.350e-01          -3.089e+00              12.116          -4.055e+00             181.201           2.045e+01     
 135.000          64.000           -6.217e-01          -3.031e+00              12.161          -4.329e+00             181.078           2.036e+01     
 135.000          65.000           -7.082e-01          -2.977e+00              12.209          -4.614e+00             180.936           2.027e+01     
 135.000          66.000           -7.941e-01          -2.925e+00              12.260          -4.908e+00             180.774           2.018e+01     
 135.000          67.000           -8.795e-01          -2.877e+00              12.313          -5.213e+00             180.591           2.009e+01     
 135.000          68.000           -9.642e-01          -2.831e+00              12.369          -5.530e+00             180.383           2.000e+01     
 135.000          69.000           -1.048e+00          -2.789e+00              12.427          -5.860e+00             180.147           1.991e+01     
 135.000          70.000           -1.131e+00          -2.750e+00              12.488          -6.202e+00             179.880           1.982e+01     
 135.000          71.000           -1.213e+00          -2.713e+00              12.549          -6.558e+00             179.578           1.973e+01     
 135.000          72.000           -1.294e+00          -2.680e+00              12.613          -6.929e+00             179.237           1.964e+01     
 135.000          73.000           -1.373e+00          -2.649e+00              12.678          -7.317e+00             178.851           1.956e+01     
 135.000          74.000           -1.451e+00          -2.621e+00              12.744          -7.721e+00             178.414           1.947e+01     
 135.000          75.000           -1.528e+00          -2.595e+00              12.811          -8.145e+00             177.919           1.939e+01     
 135.000          76.000           -1.603e+00          -2.573e+00              12.879          -8.589e+00             177.357           1.930e+01     
 135.000          77.000           -1.676e+00          -2.553e+00              12.947          -9.055e+00             176.716           1.923e+01     
 135.000          78.000           -1.747e+00          -2.535e+00              13.016          -9.545e+00             175.985           1.915e+01     
 135.000          79.000           -1.816e+00          -2.520e+00              13.086          -1.006e+01             175.147           1.907e+01     
 135.000          80.000           -1.883e+00          -2.508e+00              13.155          -1.061e+01             174.182           1.900e+01     
 135.000          81.000           -1.948e+00          -2.499e+00              13.225          -1.119e+01             173.066           1.893e+01     
 135.000          82.000           -2.010e+00          -2.492e+00              13.294          -1.180e+01             171.767           1.887e+01     
 135.000          83.000           -2.070e+00          -2.487e+00              13.363          -1.245e+01             170.246           1.880e+01     
 135.000          84.000           -2.127e+00          -2.485e+00              13.432          -1.314e+01             168.451           1.875e+01     
 135.000          85.000           -2.181e+00          -2.485e+00              13.500          -1.388e+01             166.313           1.869e+01     
 135.000          86.000           -2.233e+00          -2.488e+00              13.567          -1.467e+01             163.745           1.864e+01     
 135.000          87.000           -2.282e+00          -2.493e+00              13.633          -1.551e+01             160.629           1.860e+01     
 135.000          88.000           -2.327e+00          -2.501e+00              13.699          -1.640e+01             156.810           1.855e+01     
 135.000          89.000           -2.370e+00          -2.511e+00              13.763          -1.732e+01             152.085           1.852e+01     
 135.000          90.000           -2.410e+00          -2.524e+00              13.826          -1.827e+01             146.205           1.849e+01     
 135.000          91.000           -2.446e+00          -2.539e+00              13.887          -1.920e+01             138.894           1.846e+01     
 135.000          92.000           -2.480e+00          -2.556e+00              13.947          -2.004e+01             129.928           1.844e+01     
 135.000          93.000           -2.510e+00          -2.576e+00              14.005          -2.068e+01             119.310           1.842e+01     
 135.000          94.000           -2.536e+00          -2.599e+00              14.062          -2.100e+01             107.477           1.841e+01     
 135.000          95.000           -2.560e+00          -2.624e+00              14.117          -2.093e+01              95.345           1.841e+01     
 135.000          96.000           -2.580e+00          -2.651e+00              14.169          -2.049e+01              83.970           1.841e+01     
 135.000          97.000           -2.597e+00          -2.681e+00              14.220          -1.979e+01              74.069           1.841e+01     
 135.000          98.000           -2.611e+00          -2.713e+00              14.268          -1.894e+01              65.859           1.842e+01     
 135.000          99.000           -2.621e+00          -2.748e+00              14.314          -1.803e+01              59.213           1.844e+01     
 135.000         100.000           -2.628e+00          -2.785e+00              14.357          -1.713e+01              53.868           1.846e+01     
 135.000         101.000           -2.632e+00          -2.825e+00              14.398          -1.626e+01              49.554           1.849e+01     
 135.000         102.000           -2.633e+00          -2.867e+00              14.437          -1.543e+01              46.045           1.853e+01     
 135.000         103.000           -2.631e+00          -2.912e+00              14.472          -1.466e+01              43.158           1.856e+01     
 135.000         104.000           -2.626e+00          -2.960e+00              14.505          -1.393e+01              40.758           1.861e+01     
 135.000         105.000           -2.618e+00          -3.010e+00              14.535          -1.326e+01              38.741           1.866e+01     
 135.000         106.000           -2.607e+00          -3.063e+00              14.561          -1.262e+01              37.029           1.871e+01     
 135.000         107.000           -2.593e+00          -3.118e+00              14.585          -1.203e+01              35.562           1.877e+01     
 135.000         108.000           -2.577e+00          -3.176e+00              14.605          -1.148e+01              34.293           1.883e+01     
 135.000         109.000           -2.559e+00          -3.238e+00              14.622          -1.095e+01              33.188           1.890e+01     
 135.000         110.000           -2.538e+00          -3.301e+00              14.636          -1.046e+01              32.219           1.898e+01     
 135.000         111.000           -2.514e+00          -3.368e+00              14.646          -9.998e+00              31.363           1.905e+01     
 135.000         112.000           -2.489e+00          -3.438e+00              14.652          -9.559e+00              30.602           1.913e+01     
 135.000         113.000           -2.461e+00          -3.511e+00              14.655          -9.144e+00              29.923           1.922e+01     
 135.000         114.000           -2.432e+00          -3.586e+00              14.654          -8.750e+00              29.312           1.931e+01     
 135.000         115.000           -2.401e+00          -3.665e+00              14.649          -8.376e+00              28.761           1.940e+01     
 135.000         116.000           -2.368e+00          -3.747e+00              14.640          -8.021e+00              28.261           1.950e+01     
 135.000         117.000           -2.333e+00          -3.832e+00              14.628          -7.681e+00              27.806           1.959e+01     
 135.000         118.000           -2.298e+00          -3.921e+00              14.611          -7.358e+00              27.389           1.970e+01     
 135.000         119.000           -2.260e+00          -4.013e+00              14.589          -7.049e+00              27.007           1.980e+01     
 135.000         120.000           -2.222e+00          -4.108e+00              14.564          -6.754e+00              26.655           1.991e+01     
 135.000         121.000           -2.183e+00          -4.207e+00              14.534          -6.471e+00              26.329           2.002e+01     
 135.000         122.000           -2.142e+00          -4.309e+00              14.499          -6.201e+00              26.026           2.013e+01     
 135.000         123.000           -2.101e+00          -4.415e+00              14.460          -5.941e+00              25.744           2.024e+01     
 135.000         124.000           -2.059e+00          -4.525e+00              14.416          -5.693e+00              25.481           2.036e+01     
 135.000         125.000           -2.017e+00          -4.639e+00              14.367          -5.454e+00              25.233           2.047e+01     
 135.000         126.000           -1.974e+00          -4.756e+00              14.313          -5.224e+00              25.001           2.059e+01     
 135.000         127.000           -1.930e+00          -4.878e+00              14.254          -5.004e+00              24.782           2.071e+01     
 135.000         128.000           -1.887e+00          -5.004e+00              14.190          -4.792e+00              24.574           2.083e+01     
 135.000         129.000           -1.843e+00          -5.135e+00              14.120          -4.588e+00              24.377           2.096e+01     
 135.000         130.000           -1.799e+00          -5.270e+00              14.045          -4.392e+00              24.189           2.108e+01     
 135.000         131.000           -1.755e+00          -5.410e+00              13.963          -4.204e+00              24.010           2.120e+01     
 135.000         132.000           -1.711e+00          -5.554e+00              13.876          -4.022e+00              23.839           2.133e+01     
 135.000         133.000           -1.667e+00          -5.704e+00              13.782          -3.848e+00              23.674           2.146e+01     
 135.000         134.000           -1.623e+00          -5.858e+00              13.682          -3.680e+00              23.516           2.158e+01     
 135.000         135.000           -1.580e+00          -6.018e+00              13.576          -3.518e+00              23.363           2.171e+01     
 135.000         136.000           -1.537e+00          -6.184e+00              13.462          -3.362e+00              23.216           2.184e+01     
 135.000         137.000           -1.495e+00          -6.355e+00              13.341          -3.212e+00              23.073           2.196e+01     
 135.000         138.000           -1.453e+00          -6.533e+00              13.212          -3.067e+00              22.934           2.209e+01     
 135.000         139.000           -1.412e+00          -6.717e+00              13.075          -2.929e+00              22.799           2.222e+01     
 135.000         140.000           -1.371e+00          -6.907e+00              12.930          -2.795e+00              22.667           2.234e+01     
 135.000         141.000           -1.331e+00          -7.104e+00              12.776          -2.666e+00              22.539           2.247e+01     
 135.000         142.000           -1.292e+00          -7.308e+00              12.612          -2.543e+00              22.413           2.260e+01     
 135.000         143.000           -1.254e+00          -7.520e+00              12.438          -2.424e+00              22.290           2.273e+01     
 135.000         144.000           -1.216e+00          -7.740e+00              12.253          -2.310e+00              22.169           2.285e+01     
 135.000         145.000           -1.179e+00          -7.968e+00              12.057          -2.200e+00              22.050           2.298e+01     
 135.000         146.000           -1.144e+00          -8.204e+00              11.848          -2.095e+00              21.934           2.310e+01     
 135.000         147.000           -1.109e+00          -8.450e+00              11.627          -1.995e+00              21.818           2.323e+01     
 135.000         148.000           -1.075e+00          -8.706e+00              11.390          -1.898e+00              21.705           2.335e+01     
 135.000         149.000           -1.043e+00          -8.972e+00              11.138          -1.806e+00              21.593           2.348e+01     
 135.000         150.000           -1.011e+00          -9.249e+00              10.869          -1.718e+00              21.482           2.360e+01     
 135.000         151.000           -9.811e-01          -9.537e+00              10.581          -1.633e+00              21.372           2.372e+01     
 135.000         152.000           -9.519e-01          -9.838e+00              10.272          -1.553e+00              21.264           2.385e+01     
 135.000         153.000           -9.240e-01          -1.015e+01               9.940          -1.476e+00              21.156           2.397e+01     
 135.000         154.000           -8.972e-01          -1.048e+01               9.583          -1.404e+00              21.049           2.409e+01     
 135.000         155.000           -8.717e-01          -1.082e+01               9.197          -1.335e+00              20.944           2.421e+01     
 135.000         156.000           -8.475e-01          -1.118e+01               8.779          -1.269e+00              20.838           2.433e+01     
 135.000         157.000           -8.246e-01          -1.156e+01               8.325          -1.208e+00              20.734           2.444e+01     
 135.000         158.000           -8.030e-01          -1.196e+01               7.829          -1.149e+00              20.630           2.456e+01     
 135.000         159.000           -7.828e-01          -1.238e+01               7.286          -1.095e+00              20.527           2.468e+01     
 135.000         160.000           -7.639e-01          -1.282e+01               6.687          -1.043e+00              20.424           2.479e+01     
 135.000         161.000           -7.464e-01          -1.328e+01               6.025          -9.956e-01              20.322           2.490e+01     
 135.000         162.000           -7.302e-01          -1.378e+01               5.288          -9.512e-01              20.220           2.502e+01     
 135.000         163.000           -7.155e-01          -1.430e+01               4.461          -9.101e-01              20.119           2.513e+01     
 135.000         164.000           -7.022e-01          -1.486e+01               3.528          -8.723e-01              20.018           2.524e+01     
 135.000         165.000           -6.903e-01          -1.546e+01               2.466          -8.378e-01              19.918           2.535e+01     
 135.000         166.000           -6.799e-01          -1.610e+01               1.245          -8.065e-01              19.817           2.546e+01     
 135.000         167.000           -6.709e-01          -1.679e+01             359.827          -7.785e-01              19.717           2.556e+01     
 135.000         168.000           -6.634e-01          -1.753e+01             358.160          -7.537e-01              19.617           2.567e+01     
 135.000         169.000           -6.574e-01          -1.834e+01             356.174          -7.321e-01              19.518           2.577e+01     
 135.000         170.000           -6.528e-01          -1.921e+01             353.769          -7.137e-01              19.418           2.587e+01     
 135.000         171.000           -6.497e-01          -2.017e+01             350.807          -6.984e-01              19.319           2.597e+01     
 135.000         172.000           -6.480e-01          -2.122e+01             347.085          -6.863e-01              19.220           2.607e+01     
 135.000         173.000           -6.479e-01          -2.236e+01             342.305          -6.773e-01              19.121           2.617e+01     
 135.000         174.000           -6.493e-01          -2.359e+01             336.040          -6.714e-01              19.022           2.627e+01     
 135.000         175.000           -6.521e-01          -2.485e+01             327.700          -6.686e-01              18.923           2.636e+01     
 135.000         176.000           -6.564e-01          -2.605e+01             316.613          -6.690e-01              18.824           2.645e+01     
 135.000         177.000           -6.622e-01          -2.696e+01             302.446          -6.724e-01              18.725           2.654e+01     
 135.000         178.000           -6.696e-01          -2.730e+01             286.052          -6.790e-01              18.626           2.663e+01     
 135.000         179.000           -6.784e-01          -2.693e+01             269.743          -6.887e-01              18.526           2.672e+01     
 135.000         180.000           -6.886e-01          -2.600e+01             255.764          -7.014e-01              18.427           2.680e+01     
 135.000         181.000           -7.004e-01          -2.480e+01             244.869          -7.173e-01              18.327           2.688e+01     
 135.000         182.000           -7.136e-01          -2.355e+01             236.679          -7.363e-01              18.227           2.696e+01     
 135.000         183.000           -7.283e-01          -2.234e+01             230.521          -7.584e-01              18.127           2.704e+01     
 135.000         184.000           -7.445e-01          -2.121e+01             225.817          -7.836e-01              18.026           2.712e+01     
 135.000         185.000           -7.621e-01          -2.018e+01             222.147          -8.120e-01              17.925           2.719e+01     
 135.000         186.000           -7.811e-01          -1.923e+01             219.220          -8.436e-01              17.823           2.726e+01     
 135.000         187.000           -8.016e-01          -1.837e+01             216.840          -8.783e-01              17.721           2.732e+01     
 135.000         188.000           -8.235e-01          -1.758e+01             214.870          -9.162e-01              17.618           2.739e+01     
 135.000         189.000           -8.467e-01          -1.685e+01             213.213          -9.573e-01              17.515           2.745e+01     
 135.000         190.000           -8.714e-01          -1.617e+01             211.801          -1.002e+00              17.410           2.751e+01     
 135.000         191.000           -8.975e-01          -1.554e+01             210.581          -1.049e+00              17.305           2.756e+01     
 135.000         192.000           -9.249e-01          -1.496e+01             209.517          -1.100e+00              17.199           2.761e+01     
 135.000         193.000           -9.536e-01          -1.441e+01             208.580          -1.154e+00              17.091           2.766e+01     
 135.000         194.000           -9.837e-01          -1.390e+01             207.746          -1.212e+00              16.983           2.770e+01     
 135.000         195.000           -1.015e+00          -1.341e+01             207.000          -1.272e+00              16.873           2.774e+01     
 135.000         196.000           -1.048e+00          -1.296e+01             206.326          -1.337e+00              16.762           2.778e+01     
 135.000         197.000           -1.081e+00          -1.253e+01             205.715          -1.404e+00              16.649           2.781e+01     
 135.000         198.000           -1.117e+00          -1.212e+01             205.156          -1.475e+00              16.535           2.784e+01     
 135.000         199.000           -1.153e+00          -1.174e+01             204.643          -1.550e+00              16.419           2.786e+01     
 135.000         200.000           -1.190e+00          -1.137e+01             204.169          -1.628e+00              16.302           2.788e+01     
 135.000         201.000           -1.229e+00          -1.102e+01             203.729          -1.710e+00              16.182           2.789e+01     
 135.000         202.000           -1.269e+00          -1.069e+01             203.320          -1.796e+00              16.060           2.790e+01     
 135.000         203.000           -1.309e+00          -1.037e+01             202.936          -1.885e+00              15.936           2.790e+01     
 135.000         204.000           -1.351e+00          -1.006e+01             202.576          -1.978e+00              15.810           2.790e+01     
 135.000         205.000           -1.394e+00          -9.774e+00             202.237          -2.075e+00              15.680           2.790e+01     
 135.000         206.000           -1.437e+00          -9.495e+00             201.916          -2.176e+00              15.549           2.788e+01     
 135.000         207.000           -1.482e+00          -9.228e+00             201.611          -2.281e+00              15.414           2.787e+01     
 135.000         208.000           -1.527e+00          -8.972e+00             201.321          -2.390e+00              15.276           2.784e+01     
 135.000         209.000           -1.574e+00          -8.725e+00             201.044          -2.503e+00              15.134           2.781e+01     
 135.000         210.000           -1.621e+00          -8.489e+00             200.778          -2.621e+00              14.989           2.778e+01     
 135.000         211.000           -1.668e+00          -8.261e+00             200.523          -2.743e+00              14.841           2.774e+01     
 135.000         212.000           -1.717e+00          -8.042e+00             200.277          -2.869e+00              14.688           2.769e+01     
 135.000         213.000           -1.766e+00          -7.831e+00             200.040          -3.000e+00              14.531           2.764e+01     
 135.000         214.000           -1.815e+00          -7.628e+00             199.810          -3.136e+00              14.369           2.758e+01     
 135.000         215.000           -1.865e+00          -7.433e+00             199.587          -3.276e+00              14.202           2.752e+01     
 135.000         216.000           -1.915e+00          -7.244e+00             199.370          -3.422e+00              14.030           2.744e+01     
 135.000         217.000           -1.966e+00          -7.062e+00             199.159          -3.573e+00              13.853           2.737e+01     
 135.000         218.000           -2.017e+00          -6.886e+00             198.952          -3.729e+00              13.669           2.728e+01     
 135.000         219.000           -2.068e+00          -6.717e+00             198.750          -3.891e+00              13.480           2.719e+01     
 135.000         220.000           -2.119e+00          -6.553e+00             198.552          -4.058e+00              13.283           2.710e+01     
 135.000         221.000           -2.170e+00          -6.395e+00             198.357          -4.232e+00              13.080           2.700e+01     
 135.000         222.000           -2.221e+00          -6.243e+00             198.165          -4.412e+00              12.868           2.689e+01     
 135.000         223.000           -2.272e+00          -6.096e+00             197.976          -4.598e+00              12.649           2.678e+01     
 135.000         224.000           -2.323e+00          -5.953e+00             197.789          -4.790e+00              12.420           2.666e+01     
 135.000         225.000           -2.373e+00          -5.816e+00             197.605          -4.990e+00              12.182           2.653e+01     
 135.000         226.000           -2.423e+00          -5.683e+00             197.422          -5.197e+00              11.934           2.640e+01     
 135.000         227.000           -2.472e+00          -5.554e+00             197.240          -5.412e+00              11.674           2.627e+01     
 135.000         228.000           -2.521e+00          -5.430e+00             197.059          -5.635e+00              11.403           2.613e+01     
 135.000         229.000           -2.569e+00          -5.310e+00             196.880          -5.866e+00              11.118           2.598e+01     
 135.000         230.000           -2.616e+00          -5.194e+00             196.701          -6.106e+00              10.820           2.583e+01     
 135.000         231.000           -2.662e+00          -5.082e+00             196.522          -6.356e+00              10.506           2.568e+01     
 135.000         232.000           -2.707e+00          -4.974e+00             196.344          -6.615e+00              10.176           2.553e+01     
 135.000         233.000           -2.751e+00          -4.869e+00             196.166          -6.885e+00               9.827           2.537e+01     
 135.000         234.000           -2.793e+00          -4.768e+00             195.988          -7.166e+00               9.458           2.520e+01     
 135.000         235.000           -2.835e+00          -4.670e+00             195.810          -7.460e+00               9.067           2.504e+01     
 135.000         236.000           -2.874e+00          -4.576e+00             195.632          -7.766e+00               8.651           2.487e+01     
 135.000         237.000           -2.912e+00          -4.485e+00             195.453          -8.085e+00               8.208           2.470e+01     
 135.000         238.000           -2.948e+00          -4.397e+00             195.273          -8.420e+00               7.733           2.453e+01     
 135.000         239.000           -2.983e+00          -4.312e+00             195.093          -8.770e+00               7.225           2.436e+01     
 135.000         240.000           -3.015e+00          -4.231e+00             194.911          -9.137e+00               6.677           2.419e+01     
 135.000         241.000           -3.045e+00          -4.152e+00             194.729          -9.524e+00               6.085           2.401e+01     
 135.000         242.000           -3.073e+00          -4.076e+00             194.546          -9.930e+00               5.442           2.384e+01     
 135.000         243.000           -3.099e+00          -4.003e+00             194.361          -1.036e+01               4.741           2.367e+01     
 135.000         244.000           -3.122e+00          -3.932e+00             194.176          -1.081e+01               3.971           2.349e+01     
 135.000         245.000           -3.142e+00          -3.864e+00             193.989          -1.129e+01               3.122           2.332e+01     
 135.000         246.000           -3.160e+00          -3.799e+00             193.800          -1.180e+01               2.178           2.315e+01     
 135.000         247.000           -3.176e+00          -3.736e+00             193.610          -1.234e+01               1.123           2.299e+01     
 135.000         248.000           -3.188e+00          -3.676e+00             193.419          -1.292e+01             359.931           2.282e+01     
 135.000         249.000           -3.198e+00          -3.618e+00             193.226          -1.355e+01             358.573           2.266e+01     
 135.000         250.000           -3.204e+00          -3.563e+00             193.032          -1.421e+01             357.010           2.250e+01     
 135.000         251.000           -3.208e+00          -3.510e+00             192.835          -1.494e+01             355.188           2.235e+01     
 135.000         252.000           -3.208e+00          -3.459e+00             192.638          -1.572e+01             353.035           2.219e+01     
 135.000         253.000           -3.205e+00          -3.411e+00             192.438          -1.657e+01             350.453           2.205e+01     
 135.000         254.000           -3.200e+00          -3.364e+00             192.237          -1.749e+01             347.301           2.190e+01     
 135.000         255.000           -3.191e+00          -3.320e+00             192.033          -1.850e+01             343.380           2.176e+01     
 135.000         256.000           -3.178e+00          -3.279e+00             191.828          -1.959e+01             338.403           2.163e+01     
 135.000         257.000           -3.163e+00          -3.239e+00             191.622          -2.074e+01             331.964           2.150e+01     
 135.000         258.000           -3.144e+00          -3.201e+00             191.413          -2.193e+01             323.530           2.137e+01     
 135.000         259.000           -3.121e+00          -3.166e+00             191.202          -2.303e+01             312.532           2.125e+01     
 135.000         260.000           -3.096e+00          -3.133e+00             190.990          -2.384e+01             298.757           2.114e+01     
 135.000         261.000           -3.067e+00          -3.102e+00             190.776          -2.412e+01             283.036           2.103e+01     
 135.000         262.000           -3.035e+00          -3.072e+00             190.559          -2.376e+01             267.391           2.093e+01     
 135.000         263.000           -3.000e+00          -3.045e+00             190.341          -2.289e+01             253.787           2.083e+01     
 135.000         264.000           -2.962e+00          -3.020e+00             190.121          -2.174e+01             242.968           2.074e+01     
 135.000         265.000           -2.921e+00          -2.997e+00             189.899          -2.053e+01             234.675           2.065e+01     
 135.000         266.000           -2.877e+00          -2.976e+00             189.676          -1.934e+01             228.335           2.057e+01     
 135.000         267.000           -2.829e+00          -2.957e+00             189.450          -1.822e+01             223.421           2.049e+01     
 135.000         268.000           -2.779e+00          -2.940e+00             189.222          -1.718e+01             219.536           2.042e+01     
 135.000         269.000           -2.726e+00          -2.925e+00             188.993          -1.623e+01             216.401           2.036e+01     
 135.000         270.000           -2.671e+00          -2.912e+00             188.762          -1.535e+01             213.821           2.030e+01     
 135.000         271.000           -2.613e+00          -2.901e+00             188.529          -1.454e+01             211.659           2.025e+01     
 135.000         272.000           -2.552e+00          -2.892e+00             188.294          -1.379e+01             209.819           2.020e+01     
 135.000         273.000           -2.489e+00          -2.885e+00             188.057          -1.309e+01             208.230           2.016e+01     
 135.000         274.000           -2.423e+00          -2.880e+00             187.819          -1.243e+01             206.840           2.012e+01     
 135.000         275.000           -2.355e+00          -2.877e+00             187.579          -1.182e+01             205.611           2.009e+01     
 135.000         276.000           -2.286e+00          -2.876e+00             187.337          -1.125e+01             204.513           2.006e+01     
 135.000         277.000           -2.214e+00          -2.877e+00             187.093          -1.070e+01             203.523           2.004e+01     
 135.000         278.000           -2.140e+00          -2.880e+00             186.848          -1.019e+01             202.622           2.002e+01     
 135.000         279.000           -2.065e+00          -2.886e+00             186.601          -9.704e+00             201.798           2.000e+01     
 135.000         280.000           -1.988e+00          -2.893e+00             186.352          -9.241e+00             201.038           1.999e+01     
 135.000         281.000           -1.909e+00          -2.903e+00             186.101          -8.801e+00             200.333           1.999e+01     
 135.000         282.000           -1.829e+00          -2.915e+00             185.849          -8.381e+00             199.676           1.998e+01     
 135.000         283.000           -1.747e+00          -2.929e+00             185.596          -7.979e+00             199.060           1.999e+01     
 135.000         284.000           -1.665e+00          -2.945e+00             185.340          -7.594e+00             198.480           1.999e+01     
 135.000         285.000           -1.581e+00          -2.964e+00             185.083          -7.225e+00             197.932           2.000e+01     
 135.000         286.000           -1.496e+00          -2.985e+00             184.825          -6.870e+00             197.413           2.001e+01     
 135.000         287.000           -1.411e+00          -3.008e+00             184.565          -6.529e+00             196.918           2.002e+01     
 135.000         288.000           -1.324e+00          -3.033e+00             184.303          -6.201e+00             196.446           2.004e+01     
 135.000         289.000           -1.237e+00          -3.062e+00             184.040          -5.884e+00             195.993           2.006e+01     
 135.000         290.000           -1.150e+00          -3.092e+00             183.775          -5.579e+00             195.559           2.008e+01     
 135.000         291.000           -1.061e+00          -3.125e+00             183.508          -5.284e+00             195.142           2.011e+01     
 135.000         292.000           -9.728e-01          -3.161e+00             183.240          -4.998e+00             194.739           2.014e+01     
 135.000         293.000           -8.839e-01          -3.199e+00             182.970          -4.722e+00             194.350           2.017e+01     
 135.000         294.000           -7.948e-01          -3.240e+00             182.698          -4.455e+00             193.973           2.020e+01     
 135.000         295.000           -7.056e-01          -3.284e+00             182.425          -4.196e+00             193.608           2.023e+01     
 135.000         296.000           -6.163e-01          -3.330e+00             182.150          -3.945e+00             193.254           2.027e+01     
 135.000         297.000           -5.271e-01          -3.380e+00             181.873          -3.701e+00             192.910           2.031e+01     
 135.000         298.000           -4.379e-01          -3.432e+00             181.594          -3.464e+00             192.575           2.034e+01     
 135.000         299.000           -3.490e-01          -3.487e+00             181.313          -3.235e+00             192.249           2.038e+01     
 135.000         300.000           -2.603e-01          -3.546e+00             181.031          -3.012e+00             191.931           2.043e+01     
 135.000         301.000           -1.720e-01          -3.608e+00             180.746          -2.795e+00             191.620           2.047e+01     
 135.000         302.000           -8.408e-02          -3.672e+00             180.459          -2.584e+00             191.317           2.051e+01     
 135.000         303.000            3.374e-03          -3.741e+00             180.170          -2.379e+00             191.021           2.056e+01     
 135.000         304.000            9.030e-02          -3.812e+00             179.878          -2.180e+00             190.731           2.060e+01     
 135.000         305.000            1.766e-01          -3.887e+00             179.584          -1.986e+00             190.447           2.065e+01     
 135.000         306.000            2.623e-01          -3.966e+00             179.287          -1.798e+00             190.170           2.069e+01     
 135.000         307.000            3.472e-01          -4.049e+00             178.988          -1.614e+00             189.898           2.074e+01     
 135.000         308.000            4.314e-01          -4.135e+00             178.685          -1.436e+00             189.632           2.079e+01     
 135.000         309.000            5.148e-01          -4.225e+00             178.380          -1.262e+00             189.371           2.084e+01     
 135.000         310.000            5.973e-01          -4.319e+00             178.071          -1.093e+00             189.116           2.089e+01     
 135.000         311.000            6.788e-01          -4.418e+00             177.758          -9.280e-01             188.865           2.094e+01     
 135.000         312.000            7.594e-01          -4.521e+00             177.441          -7.678e-01             188.619           2.099e+01     
 135.000         313.000            8.390e-01          -4.628e+00             177.120          -6.118e-01             188.379           2.104e+01     
 135.000         314.000            9.175e-01          -4.740e+00             176.795          -4.600e-01             188.143           2.109e+01     
 135.000         315.000            9.949e-01          -4.857e+00             176.464          -3.123e-01             187.911           2.114e+01     
 135.000         316.000            1.071e+00          -4.978e+00             176.129          -1.687e-01             187.684           2.119e+01     
 135.000         317.000            1.146e+00          -5.105e+00             175.787          -2.894e-02             187.461           2.124e+01     
 135.000         318.000            1.220e+00          -5.237e+00             175.440           1.069e-01             187.243           2.129e+01     
 135.000         319.000            1.293e+00          -5.375e+00             175.085           2.390e-01             187.029           2.134e+01     
 135.000         320.000            1.364e+00          -5.518e+00             174.724           3.674e-01             186.819           2.139e+01     
 135.000         321.000            1.434e+00          -5.667e+00             174.354           4.921e-01             186.614           2.144e+01     
 135.000         322.000            1.502e+00          -5.823e+00             173.976           6.131e-01             186.412           2.149e+01     
 135.000         323.000            1.569e+00          -5.984e+00             173.588           7.307e-01             186.215           2.154e+01     
 135.000         324.000            1.635e+00          -6.153e+00             173.189           8.447e-01             186.022           2.159e+01     
 135.000         325.000            1.699e+00          -6.328e+00             172.779           9.553e-01             185.833           2.164e+01     
 135.000         326.000            1.762e+00          -6.511e+00             172.357           1.062e+00             185.648           2.168e+01     
 135.000         327.000            1.823e+00          -6.701e+00             171.921           1.166e+00             185.467           2.173e+01     
 135.000         328.000            1.883e+00          -6.899e+00             171.470           1.267e+00             185.290           2.178e+01     
 135.000         329.000            1.941e+00          -7.106e+00             171.002           1.364e+00             185.116           2.182e+01     
 135.000         330.000            1.998e+00          -7.321e+00             170.515           1.458e+00             184.947           2.187e+01     
 135.000         331.000            2.053e+00          -7.546e+00             170.008           1.548e+00             184.782           2.192e+01     
 135.000         332.000            2.106e+00          -7.779e+00             169.479           1.636e+00             184.621           2.196e+01     
 135.000         333.000            2.158e+00          -8.024e+00             168.924           1.720e+00             184.463           2.201e+01     
 135.000         334.000            2.208e+00          -8.278e+00             168.341           1.801e+00             184.310           2.205e+01     
 135.000         335.000            2.256e+00          -8.544e+00             167.727           1.879e+00             184.160           2.209e+01     
 135.000         336.000            2.302e+00          -8.822e+00             167.077           1.954e+00             184.014           2.213e+01     
 135.000         337.000            2.347e+00          -9.113e+00             166.388           2.025e+00             183.872           2.217e+01     
 135.000         338.000            2.390e+00          -9.417e+00             165.655           2.094e+00             183.734           2.221e+01     
 135.000         339.000            2.431e+00          -9.735e+00             164.872           2.159e+00             183.600           2.225e+01     
 135.000         340.000            2.471e+00          -1.007e+01             164.031           2.222e+00             183.470           2.229e+01     
 135.000         341.000            2.508e+00          -1.042e+01             163.126           2.281e+00             183.343           2.233e+01     
 135.000         342.000            2.544e+00          -1.078e+01             162.147           2.337e+00             183.220           2.237e+01     
 135.000         343.000            2.578e+00          -1.117e+01             161.082           2.391e+00             183.101           2.240e+01     
 135.000         344.000            2.610e+00          -1.157e+01             159.920           2.441e+00             182.986           2.244e+01     
 135.000         345.000            2.640e+00          -1.199e+01             158.644           2.488e+00             182.875           2.247e+01     
 135.000         346.000            2.669e+00          -1.244e+01             157.236           2.533e+00             182.768           2.251e+01     
 135.000         347.000            2.695e+00          -1.291e+01             155.673           2.574e+00             182.664           2.254e+01     
 135.000         348.000            2.720e+00          -1.340e+01             153.929           2.612e+00             182.564           2.257e+01     
 135.000         349.000            2.743e+00          -1.392e+01             151.970           2.648e+00             182.468           2.260e+01     
 135.000         350.000            2.763e+00          -1.446e+01             149.756           2.680e+00             182.375           2.263e+01     
 135.000         351.000            2.782e+00          -1.503e+01             147.238           2.710e+00             182.286           2.265e+01     
 135.000         352.000            2.799e+00          -1.562e+01             144.358           2.736e+00             182.201           2.268e+01     
 135.000         353.000            2.814e+00          -1.624e+01             141.045           2.760e+00             182.120           2.271e+01     
 135.000         354.000            2.827e+00          -1.687e+01             137.216           2.780e+00             182.042           2.273e+01     
 135.000         355.000            2.838e+00          -1.750e+01             132.782           2.798e+00             181.968           2.275e+01     
 135.000         356.000            2.847e+00          -1.813e+01             127.646           2.812e+00             181.897           2.278e+01     
 135.000         357.000            2.854e+00          -1.872e+01             121.730           2.824e+00             181.830           2.280e+01     
 135.000         358.000            2.859e+00          -1.924e+01             114.992           2.833e+00             181.767           2.282e+01     
 135.000         359.000            2.863e+00          -1.966e+01             107.469           2.838e+00             181.707           2.283e+01     
