Theta [deg.]  Phi   [deg.]  Abs(Dir.)[dBi   ]   Abs(Theta)[dBi   ]  Phase(Theta)[deg.]  Abs(Phi  )[dBi   ]  Phase(Phi  )[deg.]  Ax.Ratio[dB    ]    
------------------------------------------------------------------------------------------------------------------------------------------------------
 135.000           0.000           -2.721e+00          -2.070e+01             264.761          -2.790e+00             209.241           1.963e+01     
 135.000           1.000           -2.526e+00          -2.107e+01             269.306          -2.587e+00             210.305           1.985e+01     
 135.000           2.000           -2.333e+00          -2.143e+01             274.497          -2.387e+00             211.322           2.005e+01     
 135.000           3.000           -2.142e+00          -2.176e+01             280.409          -2.189e+00             212.294           2.023e+01     
 135.000           4.000           -1.953e+00          -2.204e+01             287.083          -1.996e+00             213.222           2.040e+01     
 135.000           5.000           -1.766e+00          -2.223e+01             294.491          -1.805e+00             214.109           2.055e+01     
 135.000           6.000           -1.582e+00          -2.228e+01             302.506          -1.619e+00             214.957           2.067e+01     
 135.000           7.000           -1.401e+00          -2.218e+01             310.889          -1.438e+00             215.768           2.078e+01     
 135.000           8.000           -1.223e+00          -2.191e+01             319.320          -1.261e+00             216.543           2.087e+01     
 135.000           9.000           -1.049e+00          -2.146e+01             327.464          -1.088e+00             217.284           2.093e+01     
 135.000          10.000           -8.776e-01          -2.088e+01             335.048          -9.213e-01             217.993           2.098e+01     
 135.000          11.000           -7.100e-01          -2.018e+01             341.907          -7.593e-01             218.673           2.101e+01     
 135.000          12.000           -5.461e-01          -1.943e+01             347.981          -6.027e-01             219.324           2.102e+01     
 135.000          13.000           -3.859e-01          -1.863e+01             353.290          -4.514e-01             219.948           2.101e+01     
 135.000          14.000           -2.295e-01          -1.782e+01             357.899          -3.058e-01             220.548           2.098e+01     
 135.000          15.000           -7.700e-02          -1.701e+01               1.892          -1.658e-01             221.124           2.094e+01     
 135.000          16.000            7.156e-02          -1.622e+01               5.357          -3.159e-02             221.678           2.088e+01     
 135.000          17.000            2.161e-01          -1.545e+01               8.372           9.685e-02             222.212           2.080e+01     
 135.000          18.000            3.567e-01          -1.471e+01              11.007           2.194e-01             222.727           2.072e+01     
 135.000          19.000            4.933e-01          -1.400e+01              13.322           3.360e-01             223.224           2.062e+01     
 135.000          20.000            6.259e-01          -1.331e+01              15.366           4.467e-01             223.705           2.051e+01     
 135.000          21.000            7.545e-01          -1.265e+01              17.181           5.514e-01             224.171           2.039e+01     
 135.000          22.000            8.791e-01          -1.201e+01              18.800           6.500e-01             224.622           2.026e+01     
 135.000          23.000            9.996e-01          -1.140e+01              20.253           7.425e-01             225.061           2.012e+01     
 135.000          24.000            1.116e+00          -1.082e+01              21.561           8.290e-01             225.488           1.998e+01     
 135.000          25.000            1.229e+00          -1.026e+01              22.746           9.093e-01             225.905           1.982e+01     
 135.000          26.000            1.338e+00          -9.721e+00              23.823           9.834e-01             226.312           1.967e+01     
 135.000          27.000            1.443e+00          -9.203e+00              24.806           1.051e+00             226.711           1.951e+01     
 135.000          28.000            1.544e+00          -8.705e+00              25.707           1.113e+00             227.101           1.934e+01     
 135.000          29.000            1.641e+00          -8.225e+00              26.536           1.169e+00             227.485           1.917e+01     
 135.000          30.000            1.735e+00          -7.764e+00              27.301           1.218e+00             227.863           1.900e+01     
 135.000          31.000            1.825e+00          -7.318e+00              28.010           1.261e+00             228.237           1.882e+01     
 135.000          32.000            1.911e+00          -6.889e+00              28.668           1.297e+00             228.606           1.864e+01     
 135.000          33.000            1.994e+00          -6.475e+00              29.282           1.328e+00             228.972           1.846e+01     
 135.000          34.000            2.074e+00          -6.076e+00              29.856           1.352e+00             229.335           1.828e+01     
 135.000          35.000            2.150e+00          -5.690e+00              30.394           1.369e+00             229.697           1.810e+01     
 135.000          36.000            2.222e+00          -5.317e+00              30.900           1.380e+00             230.059           1.792e+01     
 135.000          37.000            2.292e+00          -4.956e+00              31.377           1.385e+00             230.420           1.774e+01     
 135.000          38.000            2.358e+00          -4.608e+00              31.828           1.383e+00             230.782           1.756e+01     
 135.000          39.000            2.421e+00          -4.271e+00              32.255           1.374e+00             231.146           1.738e+01     
 135.000          40.000            2.481e+00          -3.945e+00              32.661           1.359e+00             231.512           1.720e+01     
 135.000          41.000            2.538e+00          -3.630e+00              33.048           1.337e+00             231.882           1.702e+01     
 135.000          42.000            2.593e+00          -3.325e+00              33.417           1.308e+00             232.256           1.684e+01     
 135.000          43.000            2.644e+00          -3.029e+00              33.770           1.273e+00             232.635           1.667e+01     
 135.000          44.000            2.693e+00          -2.743e+00              34.109           1.230e+00             233.020           1.649e+01     
 135.000          45.000            2.739e+00          -2.466e+00              34.435           1.180e+00             233.412           1.632e+01     
 135.000          46.000            2.783e+00          -2.198e+00              34.749           1.123e+00             233.812           1.615e+01     
 135.000          47.000            2.825e+00          -1.938e+00              35.053           1.059e+00             234.220           1.599e+01     
 135.000          48.000            2.864e+00          -1.686e+00              35.346           9.876e-01             234.639           1.582e+01     
 135.000          49.000            2.900e+00          -1.442e+00              35.631           9.085e-01             235.068           1.566e+01     
 135.000          50.000            2.935e+00          -1.206e+00              35.908           8.217e-01             235.510           1.550e+01     
 135.000          51.000            2.968e+00          -9.778e-01              36.178           7.271e-01             235.965           1.534e+01     
 135.000          52.000            2.999e+00          -7.564e-01              36.441           6.244e-01             236.435           1.519e+01     
 135.000          53.000            3.028e+00          -5.420e-01              36.698           5.136e-01             236.921           1.504e+01     
 135.000          54.000            3.055e+00          -3.345e-01              36.950           3.943e-01             237.425           1.490e+01     
 135.000          55.000            3.081e+00          -1.335e-01              37.198           2.664e-01             237.949           1.476e+01     
 135.000          56.000            3.106e+00           6.093e-02              37.441           1.297e-01             238.494           1.462e+01     
 135.000          57.000            3.129e+00           2.491e-01              37.680          -1.612e-02             239.062           1.449e+01     
 135.000          58.000            3.151e+00           4.311e-01              37.917          -1.713e-01             239.655           1.436e+01     
 135.000          59.000            3.171e+00           6.072e-01              38.150          -3.362e-01             240.276           1.423e+01     
 135.000          60.000            3.191e+00           7.774e-01              38.381          -5.111e-01             240.929           1.411e+01     
 135.000          61.000            3.210e+00           9.419e-01              38.610          -6.963e-01             241.614           1.400e+01     
 135.000          62.000            3.228e+00           1.101e+00              38.837          -8.923e-01             242.337           1.389e+01     
 135.000          63.000            3.245e+00           1.254e+00              39.063          -1.099e+00             243.100           1.378e+01     
 135.000          64.000            3.262e+00           1.402e+00              39.287          -1.318e+00             243.908           1.368e+01     
 135.000          65.000            3.278e+00           1.545e+00              39.511          -1.548e+00             244.766           1.359e+01     
 135.000          66.000            3.295e+00           1.683e+00              39.733          -1.791e+00             245.678           1.350e+01     
 135.000          67.000            3.310e+00           1.815e+00              39.956          -2.047e+00             246.652           1.342e+01     
 135.000          68.000            3.326e+00           1.943e+00              40.178          -2.316e+00             247.693           1.334e+01     
 135.000          69.000            3.342e+00           2.066e+00              40.400          -2.600e+00             248.811           1.327e+01     
 135.000          70.000            3.358e+00           2.184e+00              40.622          -2.897e+00             250.014           1.321e+01     
 135.000          71.000            3.374e+00           2.297e+00              40.845          -3.210e+00             251.313           1.315e+01     
 135.000          72.000            3.390e+00           2.406e+00              41.068          -3.538e+00             252.719           1.310e+01     
 135.000          73.000            3.407e+00           2.510e+00              41.291          -3.883e+00             254.248           1.306e+01     
 135.000          74.000            3.424e+00           2.610e+00              41.516          -4.243e+00             255.916           1.302e+01     
 135.000          75.000            3.442e+00           2.705e+00              41.741          -4.620e+00             257.741           1.299e+01     
 135.000          76.000            3.461e+00           2.796e+00              41.968          -5.014e+00             259.746           1.297e+01     
 135.000          77.000            3.480e+00           2.882e+00              42.195          -5.423e+00             261.958           1.295e+01     
 135.000          78.000            3.501e+00           2.964e+00              42.424          -5.848e+00             264.404           1.295e+01     
 135.000          79.000            3.522e+00           3.042e+00              42.655          -6.285e+00             267.119           1.295e+01     
 135.000          80.000            3.544e+00           3.116e+00              42.886          -6.734e+00             270.141           1.296e+01     
 135.000          81.000            3.567e+00           3.186e+00              43.120          -7.188e+00             273.511           1.297e+01     
 135.000          82.000            3.591e+00           3.251e+00              43.355          -7.643e+00             277.272           1.300e+01     
 135.000          83.000            3.616e+00           3.313e+00              43.591          -8.089e+00             281.465           1.303e+01     
 135.000          84.000            3.643e+00           3.370e+00              43.830          -8.516e+00             286.126           1.307e+01     
 135.000          85.000            3.670e+00           3.423e+00              44.070          -8.909e+00             291.276           1.312e+01     
 135.000          86.000            3.699e+00           3.473e+00              44.312          -9.251e+00             296.912           1.317e+01     
 135.000          87.000            3.729e+00           3.518e+00              44.556          -9.523e+00             302.995           1.324e+01     
 135.000          88.000            3.760e+00           3.560e+00              44.802          -9.707e+00             309.443           1.331e+01     
 135.000          89.000            3.792e+00           3.597e+00              45.050          -9.788e+00             316.132           1.339e+01     
 135.000          90.000            3.826e+00           3.631e+00              45.300          -9.758e+00             322.901           1.347e+01     
 135.000          91.000            3.860e+00           3.661e+00              45.553          -9.617e+00             329.582           1.357e+01     
 135.000          92.000            3.896e+00           3.687e+00              45.807          -9.375e+00             336.018           1.367e+01     
 135.000          93.000            3.933e+00           3.709e+00              46.064          -9.046e+00             342.085           1.377e+01     
 135.000          94.000            3.971e+00           3.727e+00              46.323          -8.648e+00             347.706           1.389e+01     
 135.000          95.000            4.010e+00           3.741e+00              46.584          -8.200e+00             352.845           1.401e+01     
 135.000          96.000            4.050e+00           3.751e+00              46.848          -7.719e+00             357.501           1.414e+01     
 135.000          97.000            4.091e+00           3.757e+00              47.114          -7.220e+00               1.696           1.427e+01     
 135.000          98.000            4.133e+00           3.760e+00              47.382          -6.713e+00               5.466           1.441e+01     
 135.000          99.000            4.175e+00           3.758e+00              47.653          -6.207e+00               8.854           1.456e+01     
 135.000         100.000            4.219e+00           3.753e+00              47.925          -5.707e+00              11.901           1.471e+01     
 135.000         101.000            4.263e+00           3.744e+00              48.201          -5.218e+00              14.649           1.487e+01     
 135.000         102.000            4.307e+00           3.730e+00              48.479          -4.742e+00              17.136           1.504e+01     
 135.000         103.000            4.352e+00           3.713e+00              48.759          -4.282e+00              19.394           1.521e+01     
 135.000         104.000            4.398e+00           3.691e+00              49.041          -3.837e+00              21.453           1.538e+01     
 135.000         105.000            4.444e+00           3.666e+00              49.327          -3.408e+00              23.339           1.556e+01     
 135.000         106.000            4.490e+00           3.636e+00              49.614          -2.996e+00              25.072           1.574e+01     
 135.000         107.000            4.536e+00           3.603e+00              49.904          -2.600e+00              26.672           1.593e+01     
 135.000         108.000            4.582e+00           3.565e+00              50.197          -2.219e+00              28.155           1.612e+01     
 135.000         109.000            4.628e+00           3.523e+00              50.492          -1.854e+00              29.536           1.632e+01     
 135.000         110.000            4.674e+00           3.476e+00              50.790          -1.504e+00              30.825           1.652e+01     
 135.000         111.000            4.720e+00           3.426e+00              51.090          -1.168e+00              32.034           1.672e+01     
 135.000         112.000            4.765e+00           3.370e+00              51.393          -8.455e-01              33.171           1.693e+01     
 135.000         113.000            4.810e+00           3.311e+00              51.699          -5.363e-01              34.244           1.714e+01     
 135.000         114.000            4.855e+00           3.247e+00              52.008          -2.398e-01              35.261           1.735e+01     
 135.000         115.000            4.899e+00           3.179e+00              52.319           4.467e-02              36.226           1.757e+01     
 135.000         116.000            4.942e+00           3.106e+00              52.633           3.175e-01              37.145           1.779e+01     
 135.000         117.000            4.984e+00           3.028e+00              52.950           5.791e-01              38.023           1.801e+01     
 135.000         118.000            5.025e+00           2.945e+00              53.269           8.299e-01              38.863           1.823e+01     
 135.000         119.000            5.066e+00           2.858e+00              53.592           1.070e+00              39.670           1.845e+01     
 135.000         120.000            5.105e+00           2.766e+00              53.917           1.301e+00              40.445           1.868e+01     
 135.000         121.000            5.143e+00           2.668e+00              54.246           1.522e+00              41.193           1.891e+01     
 135.000         122.000            5.180e+00           2.566e+00              54.578           1.733e+00              41.915           1.914e+01     
 135.000         123.000            5.215e+00           2.458e+00              54.913           1.936e+00              42.615           1.937e+01     
 135.000         124.000            5.249e+00           2.345e+00              55.252           2.130e+00              43.292           1.960e+01     
 135.000         125.000            5.282e+00           2.227e+00              55.593           2.315e+00              43.951           1.983e+01     
 135.000         126.000            5.312e+00           2.103e+00              55.939           2.492e+00              44.591           2.007e+01     
 135.000         127.000            5.342e+00           1.974e+00              56.288           2.662e+00              45.216           2.030e+01     
 135.000         128.000            5.369e+00           1.838e+00              56.641           2.823e+00              45.825           2.053e+01     
 135.000         129.000            5.394e+00           1.697e+00              56.998           2.977e+00              46.420           2.077e+01     
 135.000         130.000            5.418e+00           1.550e+00              57.359           3.124e+00              47.003           2.100e+01     
 135.000         131.000            5.440e+00           1.396e+00              57.724           3.263e+00              47.573           2.123e+01     
 135.000         132.000            5.459e+00           1.236e+00              58.094           3.396e+00              48.133           2.146e+01     
 135.000         133.000            5.476e+00           1.070e+00              58.469           3.521e+00              48.683           2.170e+01     
 135.000         134.000            5.492e+00           8.964e-01              58.849           3.640e+00              49.223           2.193e+01     
 135.000         135.000            5.505e+00           7.161e-01              59.234           3.752e+00              49.755           2.216e+01     
 135.000         136.000            5.515e+00           5.287e-01              59.625           3.858e+00              50.279           2.238e+01     
 135.000         137.000            5.523e+00           3.339e-01              60.021           3.957e+00              50.795           2.261e+01     
 135.000         138.000            5.529e+00           1.315e-01              60.424           4.050e+00              51.305           2.283e+01     
 135.000         139.000            5.532e+00          -7.886e-02              60.834           4.137e+00              51.809           2.305e+01     
 135.000         140.000            5.533e+00          -2.973e-01              61.251           4.218e+00              52.306           2.327e+01     
 135.000         141.000            5.530e+00          -5.242e-01              61.676           4.292e+00              52.798           2.348e+01     
 135.000         142.000            5.526e+00          -7.599e-01              62.110           4.361e+00              53.286           2.370e+01     
 135.000         143.000            5.518e+00          -1.005e+00              62.552           4.424e+00              53.768           2.390e+01     
 135.000         144.000            5.508e+00          -1.259e+00              63.004           4.481e+00              54.247           2.411e+01     
 135.000         145.000            5.494e+00          -1.523e+00              63.467           4.532e+00              54.721           2.431e+01     
 135.000         146.000            5.478e+00          -1.797e+00              63.942           4.578e+00              55.192           2.450e+01     
 135.000         147.000            5.459e+00          -2.082e+00              64.429           4.618e+00              55.660           2.469e+01     
 135.000         148.000            5.437e+00          -2.378e+00              64.929           4.652e+00              56.125           2.488e+01     
 135.000         149.000            5.412e+00          -2.686e+00              65.445           4.681e+00              56.588           2.505e+01     
 135.000         150.000            5.383e+00          -3.007e+00              65.978           4.704e+00              57.048           2.522e+01     
 135.000         151.000            5.352e+00          -3.340e+00              66.529           4.721e+00              57.506           2.539e+01     
 135.000         152.000            5.317e+00          -3.687e+00              67.101           4.733e+00              57.962           2.555e+01     
 135.000         153.000            5.279e+00          -4.048e+00              67.695           4.740e+00              58.417           2.569e+01     
 135.000         154.000            5.238e+00          -4.425e+00              68.315           4.741e+00              58.870           2.584e+01     
 135.000         155.000            5.193e+00          -4.818e+00              68.963           4.737e+00              59.322           2.597e+01     
 135.000         156.000            5.145e+00          -5.229e+00              69.644           4.727e+00              59.774           2.609e+01     
 135.000         157.000            5.094e+00          -5.658e+00              70.362           4.712e+00              60.225           2.620e+01     
 135.000         158.000            5.039e+00          -6.106e+00              71.121           4.692e+00              60.675           2.630e+01     
 135.000         159.000            4.980e+00          -6.576e+00              71.927           4.666e+00              61.126           2.640e+01     
 135.000         160.000            4.918e+00          -7.070e+00              72.789           4.634e+00              61.577           2.648e+01     
 135.000         161.000            4.853e+00          -7.588e+00              73.715           4.598e+00              62.028           2.654e+01     
 135.000         162.000            4.783e+00          -8.133e+00              74.715           4.556e+00              62.479           2.660e+01     
 135.000         163.000            4.710e+00          -8.707e+00              75.804           4.508e+00              62.932           2.664e+01     
 135.000         164.000            4.634e+00          -9.314e+00              76.996           4.455e+00              63.385           2.667e+01     
 135.000         165.000            4.553e+00          -9.956e+00              78.314           4.397e+00              63.840           2.669e+01     
 135.000         166.000            4.469e+00          -1.064e+01              79.782           4.333e+00              64.297           2.669e+01     
 135.000         167.000            4.381e+00          -1.136e+01              81.437           4.263e+00              64.756           2.668e+01     
 135.000         168.000            4.289e+00          -1.213e+01              83.320           4.189e+00              65.216           2.666e+01     
 135.000         169.000            4.193e+00          -1.296e+01              85.492           4.108e+00              65.680           2.662e+01     
 135.000         170.000            4.093e+00          -1.385e+01              88.031           4.023e+00              66.146           2.656e+01     
 135.000         171.000            3.989e+00          -1.479e+01              91.045           3.931e+00              66.615           2.649e+01     
 135.000         172.000            3.881e+00          -1.581e+01              94.680           3.834e+00              67.087           2.641e+01     
 135.000         173.000            3.769e+00          -1.690e+01              99.140           3.732e+00              67.564           2.630e+01     
 135.000         174.000            3.653e+00          -1.805e+01             104.704           3.624e+00              68.044           2.619e+01     
 135.000         175.000            3.533e+00          -1.923e+01             111.734           3.510e+00              68.530           2.606e+01     
 135.000         176.000            3.408e+00          -2.039e+01             120.645           3.390e+00              69.020           2.591e+01     
 135.000         177.000            3.280e+00          -2.141e+01             131.751           3.265e+00              69.515           2.575e+01     
 135.000         178.000            3.147e+00          -2.213e+01             144.927           3.134e+00              70.017           2.557e+01     
 135.000         179.000            3.010e+00          -2.238e+01             159.229           2.997e+00              70.525           2.538e+01     
 135.000         180.000            2.868e+00          -2.212e+01             173.095           2.854e+00              71.039           2.517e+01     
 135.000         181.000            2.722e+00          -2.148e+01             185.215           2.706e+00              71.561           2.495e+01     
 135.000         182.000            2.572e+00          -2.063e+01             195.114           2.551e+00              72.092           2.472e+01     
 135.000         183.000            2.417e+00          -1.970e+01             202.954           2.390e+00              72.631           2.447e+01     
 135.000         184.000            2.258e+00          -1.879e+01             209.136           2.223e+00              73.179           2.421e+01     
 135.000         185.000            2.094e+00          -1.794e+01             214.055           2.050e+00              73.737           2.393e+01     
 135.000         186.000            1.925e+00          -1.715e+01             218.026           1.871e+00              74.306           2.365e+01     
 135.000         187.000            1.752e+00          -1.643e+01             221.288           1.686e+00              74.887           2.335e+01     
 135.000         188.000            1.575e+00          -1.578e+01             224.010           1.494e+00              75.480           2.304e+01     
 135.000         189.000            1.393e+00          -1.519e+01             226.317           1.296e+00              76.087           2.271e+01     
 135.000         190.000            1.206e+00          -1.466e+01             228.299           1.092e+00              76.709           2.238e+01     
 135.000         191.000            1.014e+00          -1.418e+01             230.025           8.805e-01              77.346           2.203e+01     
 135.000         192.000            8.176e-01          -1.374e+01             231.543           6.629e-01              78.000           2.168e+01     
 135.000         193.000            6.164e-01          -1.335e+01             232.893           4.386e-01              78.672           2.131e+01     
 135.000         194.000            4.105e-01          -1.300e+01             234.104           2.077e-01              79.364           2.094e+01     
 135.000         195.000            1.998e-01          -1.268e+01             235.199          -3.006e-02              80.078           2.055e+01     
 135.000         196.000           -1.572e-02          -1.239e+01             236.196          -2.746e-01              80.814           2.016e+01     
 135.000         197.000           -2.361e-01          -1.213e+01             237.110          -5.260e-01              81.574           1.975e+01     
 135.000         198.000           -4.612e-01          -1.191e+01             237.953          -7.843e-01              82.362           1.934e+01     
 135.000         199.000           -6.912e-01          -1.170e+01             238.733          -1.050e+00              83.178           1.892e+01     
 135.000         200.000           -9.259e-01          -1.152e+01             239.460          -1.322e+00              84.025           1.850e+01     
 135.000         201.000           -1.165e+00          -1.137e+01             240.139          -1.601e+00              84.906           1.806e+01     
 135.000         202.000           -1.410e+00          -1.123e+01             240.776          -1.887e+00              85.823           1.762e+01     
 135.000         203.000           -1.659e+00          -1.112e+01             241.376          -2.181e+00              86.779           1.717e+01     
 135.000         204.000           -1.912e+00          -1.102e+01             241.942          -2.481e+00              87.778           1.671e+01     
 135.000         205.000           -2.170e+00          -1.094e+01             242.478          -2.788e+00              88.822           1.625e+01     
 135.000         206.000           -2.433e+00          -1.089e+01             242.986          -3.102e+00              89.916           1.578e+01     
 135.000         207.000           -2.700e+00          -1.084e+01             243.468          -3.422e+00              91.063           1.530e+01     
 135.000         208.000           -2.971e+00          -1.082e+01             243.928          -3.749e+00              92.268           1.482e+01     
 135.000         209.000           -3.246e+00          -1.081e+01             244.366          -4.082e+00              93.535           1.433e+01     
 135.000         210.000           -3.524e+00          -1.082e+01             244.784          -4.421e+00              94.869           1.384e+01     
 135.000         211.000           -3.807e+00          -1.084e+01             245.183          -4.765e+00              96.276           1.334e+01     
 135.000         212.000           -4.092e+00          -1.088e+01             245.565          -5.114e+00              97.760           1.283e+01     
 135.000         213.000           -4.381e+00          -1.093e+01             245.929          -5.468e+00              99.328           1.233e+01     
 135.000         214.000           -4.672e+00          -1.100e+01             246.277          -5.824e+00             100.985           1.182e+01     
 135.000         215.000           -4.965e+00          -1.108e+01             246.610          -6.183e+00             102.736           1.130e+01     
 135.000         216.000           -5.259e+00          -1.117e+01             246.928          -6.544e+00             104.589           1.078e+01     
 135.000         217.000           -5.555e+00          -1.129e+01             247.230          -6.905e+00             106.547           1.026e+01     
 135.000         218.000           -5.850e+00          -1.141e+01             247.518          -7.264e+00             108.617           9.744e+00     
 135.000         219.000           -6.146e+00          -1.155e+01             247.791          -7.620e+00             110.801           9.225e+00     
 135.000         220.000           -6.440e+00          -1.171e+01             248.050          -7.971e+00             113.105           8.707e+00     
 135.000         221.000           -6.731e+00          -1.188e+01             248.294          -8.314e+00             115.528           8.192e+00     
 135.000         222.000           -7.020e+00          -1.207e+01             248.523          -8.648e+00             118.071           7.684e+00     
 135.000         223.000           -7.304e+00          -1.227e+01             248.736          -8.969e+00             120.732           7.184e+00     
 135.000         224.000           -7.583e+00          -1.249e+01             248.933          -9.276e+00             123.505           6.699e+00     
 135.000         225.000           -7.855e+00          -1.273e+01             249.114          -9.565e+00             126.382           6.232e+00     
 135.000         226.000           -8.119e+00          -1.299e+01             249.276          -9.833e+00             129.351           5.792e+00     
 135.000         227.000           -8.374e+00          -1.326e+01             249.420          -1.008e+01             132.397           5.388e+00     
 135.000         228.000           -8.618e+00          -1.355e+01             249.544          -1.030e+01             135.502           5.033e+00     
 135.000         229.000           -8.850e+00          -1.386e+01             249.645          -1.049e+01             138.645           4.743e+00     
 135.000         230.000           -9.068e+00          -1.420e+01             249.723          -1.066e+01             141.803           4.535e+00     
 135.000         231.000           -9.273e+00          -1.456e+01             249.774          -1.080e+01             144.951           4.428e+00     
 135.000         232.000           -9.461e+00          -1.494e+01             249.795          -1.091e+01             148.064           4.435e+00     
 135.000         233.000           -9.633e+00          -1.534e+01             249.783          -1.099e+01             151.119           4.565e+00     
 135.000         234.000           -9.788e+00          -1.578e+01             249.734          -1.105e+01             154.092           4.817e+00     
 135.000         235.000           -9.926e+00          -1.625e+01             249.640          -1.108e+01             156.964           5.184e+00     
 135.000         236.000           -1.005e+01          -1.675e+01             249.496          -1.109e+01             159.719           5.655e+00     
 135.000         237.000           -1.015e+01          -1.728e+01             249.292          -1.108e+01             162.341           6.220e+00     
 135.000         238.000           -1.023e+01          -1.786e+01             249.016          -1.106e+01             164.821           6.871e+00     
 135.000         239.000           -1.030e+01          -1.848e+01             248.654          -1.101e+01             167.153           7.603e+00     
 135.000         240.000           -1.035e+01          -1.916e+01             248.186          -1.096e+01             169.330           8.415e+00     
 135.000         241.000           -1.039e+01          -1.989e+01             247.585          -1.090e+01             171.353           9.310e+00     
 135.000         242.000           -1.041e+01          -2.069e+01             246.815          -1.083e+01             173.221           1.030e+01     
 135.000         243.000           -1.041e+01          -2.157e+01             245.823          -1.076e+01             174.936           1.139e+01     
 135.000         244.000           -1.041e+01          -2.255e+01             244.534          -1.068e+01             176.502           1.260e+01     
 135.000         245.000           -1.039e+01          -2.364e+01             242.835          -1.061e+01             177.923           1.398e+01     
 135.000         246.000           -1.037e+01          -2.487e+01             240.547          -1.053e+01             179.204           1.556e+01     
 135.000         247.000           -1.034e+01          -2.627e+01             237.379          -1.045e+01             180.350           1.742e+01     
 135.000         248.000           -1.029e+01          -2.788e+01             232.825          -1.037e+01             181.366           1.971e+01     
 135.000         249.000           -1.025e+01          -2.973e+01             225.968          -1.030e+01             182.258           2.270e+01     
 135.000         250.000           -1.020e+01          -3.180e+01             215.125          -1.023e+01             183.031           2.711e+01     
 135.000         251.000           -1.014e+01          -3.379e+01             197.690          -1.016e+01             183.690           3.600e+01     
 135.000         252.000           -1.008e+01          -3.483e+01             172.756          -1.009e+01             184.240           3.878e+01     
 135.000         253.000           -1.001e+01          -3.409e+01             147.227          -1.003e+01             184.686           2.840e+01     
 135.000         254.000           -9.949e+00          -3.226e+01             128.855          -9.975e+00             185.032           2.391e+01     
 135.000         255.000           -9.882e+00          -3.029e+01             117.378          -9.921e+00             185.282           2.104e+01     
 135.000         256.000           -9.813e+00          -2.852e+01             110.150          -9.872e+00             185.440           1.894e+01     
 135.000         257.000           -9.744e+00          -2.699e+01             105.373          -9.827e+00             185.510           1.730e+01     
 135.000         258.000           -9.675e+00          -2.568e+01             102.061          -9.785e+00             185.495           1.595e+01     
 135.000         259.000           -9.605e+00          -2.454e+01              99.673          -9.747e+00             185.399           1.482e+01     
 135.000         260.000           -9.535e+00          -2.354e+01              97.898          -9.711e+00             185.224           1.384e+01     
 135.000         261.000           -9.466e+00          -2.266e+01              96.549          -9.679e+00             184.974           1.299e+01     
 135.000         262.000           -9.397e+00          -2.188e+01              95.505          -9.649e+00             184.651           1.223e+01     
 135.000         263.000           -9.328e+00          -2.118e+01              94.688          -9.622e+00             184.259           1.156e+01     
 135.000         264.000           -9.261e+00          -2.054e+01              94.045          -9.596e+00             183.800           1.095e+01     
 135.000         265.000           -9.193e+00          -1.997e+01              93.537          -9.572e+00             183.276           1.040e+01     
 135.000         266.000           -9.127e+00          -1.945e+01              93.136          -9.550e+00             182.692           9.905e+00     
 135.000         267.000           -9.061e+00          -1.898e+01              92.823          -9.528e+00             182.049           9.455e+00     
 135.000         268.000           -8.996e+00          -1.855e+01              92.582          -9.506e+00             181.351           9.047e+00     
 135.000         269.000           -8.932e+00          -1.816e+01              92.402          -9.484e+00             180.601           8.677e+00     
 135.000         270.000           -8.868e+00          -1.780e+01              92.273          -9.463e+00             179.801           8.344e+00     
 135.000         271.000           -8.805e+00          -1.747e+01              92.183          -9.440e+00             178.956           8.047e+00     
 135.000         272.000           -8.742e+00          -1.717e+01              92.137          -9.416e+00             178.067           7.781e+00     
 135.000         273.000           -8.680e+00          -1.689e+01              92.127          -9.391e+00             177.140           7.548e+00     
 135.000         274.000           -8.619e+00          -1.664e+01              92.147          -9.364e+00             176.178           7.346e+00     
 135.000         275.000           -8.558e+00          -1.641e+01              92.196          -9.335e+00             175.184           7.175e+00     
 135.000         276.000           -8.497e+00          -1.621e+01              92.271          -9.304e+00             174.162           7.034e+00     
 135.000         277.000           -8.438e+00          -1.602e+01              92.370          -9.270e+00             173.116           6.924e+00     
 135.000         278.000           -8.378e+00          -1.585e+01              92.493          -9.234e+00             172.051           6.844e+00     
 135.000         279.000           -8.319e+00          -1.571e+01              92.639          -9.194e+00             170.970           6.794e+00     
 135.000         280.000           -8.261e+00          -1.558e+01              92.806          -9.152e+00             169.877           6.772e+00     
 135.000         281.000           -8.203e+00          -1.546e+01              92.996          -9.107e+00             168.778           6.779e+00     
 135.000         282.000           -8.146e+00          -1.537e+01              93.206          -9.059e+00             167.675           6.813e+00     
 135.000         283.000           -8.089e+00          -1.529e+01              93.439          -9.008e+00             166.574           6.875e+00     
 135.000         284.000           -8.033e+00          -1.522e+01              93.693          -8.954e+00             165.477           6.962e+00     
 135.000         285.000           -7.977e+00          -1.517e+01              93.970          -8.897e+00             164.390           7.074e+00     
 135.000         286.000           -7.923e+00          -1.513e+01              94.271          -8.838e+00             163.315           7.210e+00     
 135.000         287.000           -7.869e+00          -1.511e+01              94.595          -8.776e+00             162.257           7.369e+00     
 135.000         288.000           -7.816e+00          -1.511e+01              94.946          -8.712e+00             161.218           7.549e+00     
 135.000         289.000           -7.764e+00          -1.512e+01              95.323          -8.647e+00             160.203           7.751e+00     
 135.000         290.000           -7.713e+00          -1.514e+01              95.729          -8.579e+00             159.214           7.973e+00     
 135.000         291.000           -7.663e+00          -1.518e+01              96.166          -8.510e+00             158.254           8.214e+00     
 135.000         292.000           -7.614e+00          -1.523e+01              96.635          -8.441e+00             157.326           8.475e+00     
 135.000         293.000           -7.567e+00          -1.529e+01              97.139          -8.370e+00             156.433           8.754e+00     
 135.000         294.000           -7.521e+00          -1.537e+01              97.680          -8.299e+00             155.576           9.051e+00     
 135.000         295.000           -7.476e+00          -1.546e+01              98.263          -8.228e+00             154.758           9.367e+00     
 135.000         296.000           -7.433e+00          -1.557e+01              98.889          -8.157e+00             153.982           9.701e+00     
 135.000         297.000           -7.392e+00          -1.569e+01              99.564          -8.087e+00             153.248           1.005e+01     
 135.000         298.000           -7.353e+00          -1.583e+01             100.290          -8.018e+00             152.558           1.043e+01     
 135.000         299.000           -7.315e+00          -1.598e+01             101.074          -7.950e+00             151.914           1.082e+01     
 135.000         300.000           -7.279e+00          -1.615e+01             101.921          -7.883e+00             151.318           1.123e+01     
 135.000         301.000           -7.245e+00          -1.633e+01             102.836          -7.818e+00             150.770           1.167e+01     
 135.000         302.000           -7.214e+00          -1.652e+01             103.827          -7.755e+00             150.273           1.213e+01     
 135.000         303.000           -7.184e+00          -1.673e+01             104.901          -7.695e+00             149.826           1.262e+01     
 135.000         304.000           -7.157e+00          -1.696e+01             106.067          -7.637e+00             149.432           1.314e+01     
 135.000         305.000           -7.131e+00          -1.720e+01             107.336          -7.581e+00             149.092           1.369e+01     
 135.000         306.000           -7.108e+00          -1.746e+01             108.716          -7.529e+00             148.806           1.427e+01     
 135.000         307.000           -7.087e+00          -1.773e+01             110.222          -7.479e+00             148.575           1.490e+01     
 135.000         308.000           -7.069e+00          -1.801e+01             111.866          -7.433e+00             148.402           1.557e+01     
 135.000         309.000           -7.052e+00          -1.831e+01             113.663          -7.390e+00             148.286           1.630e+01     
 135.000         310.000           -7.037e+00          -1.862e+01             115.630          -7.350e+00             148.230           1.710e+01     
 135.000         311.000           -7.025e+00          -1.894e+01             117.784          -7.314e+00             148.234           1.797e+01     
 135.000         312.000           -7.014e+00          -1.927e+01             120.145          -7.281e+00             148.299           1.893e+01     
 135.000         313.000           -7.005e+00          -1.960e+01             122.732          -7.251e+00             148.427           2.002e+01     
 135.000         314.000           -6.998e+00          -1.994e+01             125.563          -7.224e+00             148.619           2.125e+01     
 135.000         315.000           -6.992e+00          -2.028e+01             128.657          -7.201e+00             148.877           2.268e+01     
 135.000         316.000           -6.988e+00          -2.061e+01             132.029          -7.181e+00             149.201           2.438e+01     
 135.000         317.000           -6.984e+00          -2.093e+01             135.690          -7.163e+00             149.593           2.649e+01     
 135.000         318.000           -6.981e+00          -2.122e+01             139.640          -7.148e+00             150.055           2.925e+01     
 135.000         319.000           -6.979e+00          -2.149e+01             143.871          -7.135e+00             150.588           3.330e+01     
 135.000         320.000           -6.976e+00          -2.172e+01             148.362          -7.124e+00             151.192           4.000e+01     
 135.000         321.000           -6.973e+00          -2.191e+01             153.075          -7.115e+00             151.870           4.000e+01     
 135.000         322.000           -6.970e+00          -2.204e+01             157.957          -7.107e+00             152.623           3.584e+01     
 135.000         323.000           -6.965e+00          -2.212e+01             162.945          -7.099e+00             153.450           3.094e+01     
 135.000         324.000           -6.958e+00          -2.214e+01             167.963          -7.092e+00             154.353           2.787e+01     
 135.000         325.000           -6.949e+00          -2.210e+01             172.937          -7.084e+00             155.333           2.565e+01     
 135.000         326.000           -6.937e+00          -2.201e+01             177.796          -7.075e+00             156.389           2.393e+01     
 135.000         327.000           -6.922e+00          -2.187e+01             182.479          -7.064e+00             157.522           2.253e+01     
 135.000         328.000           -6.903e+00          -2.168e+01             186.940          -7.050e+00             158.730           2.137e+01     
 135.000         329.000           -6.879e+00          -2.147e+01             191.149          -7.033e+00             160.012           2.039e+01     
 135.000         330.000           -6.850e+00          -2.123e+01             195.091          -7.011e+00             161.367           1.956e+01     
 135.000         331.000           -6.815e+00          -2.098e+01             198.761          -6.985e+00             162.791           1.884e+01     
 135.000         332.000           -6.774e+00          -2.072e+01             202.166          -6.953e+00             164.283           1.823e+01     
 135.000         333.000           -6.726e+00          -2.045e+01             205.320          -6.914e+00             165.838           1.770e+01     
 135.000         334.000           -6.670e+00          -2.019e+01             208.240          -6.868e+00             167.451           1.726e+01     
 135.000         335.000           -6.607e+00          -1.994e+01             210.946          -6.813e+00             169.118           1.688e+01     
 135.000         336.000           -6.535e+00          -1.970e+01             213.459          -6.750e+00             170.833           1.658e+01     
 135.000         337.000           -6.455e+00          -1.947e+01             215.800          -6.677e+00             172.589           1.633e+01     
 135.000         338.000           -6.365e+00          -1.926e+01             217.990          -6.594e+00             174.378           1.614e+01     
 135.000         339.000           -6.267e+00          -1.907e+01             220.049          -6.501e+00             176.194           1.601e+01     
 135.000         340.000           -6.160e+00          -1.889e+01             221.995          -6.398e+00             178.029           1.592e+01     
 135.000         341.000           -6.044e+00          -1.874e+01             223.845          -6.284e+00             179.875           1.588e+01     
 135.000         342.000           -5.920e+00          -1.861e+01             225.616          -6.160e+00             181.723           1.589e+01     
 135.000         343.000           -5.787e+00          -1.850e+01             227.325          -6.026e+00             183.567           1.593e+01     
 135.000         344.000           -5.645e+00          -1.841e+01             228.986          -5.881e+00             185.398           1.602e+01     
 135.000         345.000           -5.496e+00          -1.835e+01             230.615          -5.728e+00             187.210           1.613e+01     
 135.000         346.000           -5.340e+00          -1.831e+01             232.227          -5.565e+00             188.997           1.628e+01     
 135.000         347.000           -5.177e+00          -1.829e+01             233.836          -5.394e+00             190.751           1.645e+01     
 135.000         348.000           -5.008e+00          -1.831e+01             235.458          -5.216e+00             192.468           1.665e+01     
 135.000         349.000           -4.833e+00          -1.834e+01             237.111          -5.031e+00             194.144           1.686e+01     
 135.000         350.000           -4.653e+00          -1.841e+01             238.811          -4.840e+00             195.775           1.709e+01     
 135.000         351.000           -4.469e+00          -1.850e+01             240.580          -4.644e+00             197.357           1.734e+01     
 135.000         352.000           -4.281e+00          -1.863e+01             242.438          -4.444e+00             198.889           1.760e+01     
 135.000         353.000           -4.091e+00          -1.878e+01             244.413          -4.241e+00             200.369           1.786e+01     
 135.000         354.000           -3.898e+00          -1.897e+01             246.532          -4.035e+00             201.796           1.812e+01     
 135.000         355.000           -3.703e+00          -1.918e+01             248.832          -3.828e+00             203.169           1.839e+01     
 135.000         356.000           -3.507e+00          -1.943e+01             251.353          -3.619e+00             204.488           1.865e+01     
 135.000         357.000           -3.310e+00          -1.971e+01             254.143          -3.411e+00             205.754           1.891e+01     
 135.000         358.000           -3.113e+00          -2.001e+01             257.261          -3.203e+00             206.967           1.916e+01     
 135.000         359.000           -2.917e+00          -2.035e+01             260.775          -2.996e+00             208.129           1.941e+01     
