Theta [deg.]  Phi   [deg.]  Abs(Dir.)[dBi   ]   Abs(Theta)[dBi   ]  Phase(Theta)[deg.]  Abs(Phi  )[dBi   ]  Phase(Phi  )[deg.]  Ax.Ratio[dB    ]    
------------------------------------------------------------------------------------------------------------------------------------------------------
   0.000           0.000           -3.764e+00          -1.893e+01             121.289          -3.898e+00             200.407           1.520e+01     
   1.000           0.000           -3.856e+00          -1.888e+01             121.419          -3.995e+00             199.495           1.508e+01     
   2.000           0.000           -3.948e+00          -1.882e+01             121.535          -4.091e+00             198.577           1.497e+01     
   3.000           0.000           -4.039e+00          -1.876e+01             121.637          -4.188e+00             197.654           1.486e+01     
   4.000           0.000           -4.130e+00          -1.871e+01             121.724          -4.284e+00             196.726           1.475e+01     
   5.000           0.000           -4.220e+00          -1.866e+01             121.799          -4.379e+00             195.793           1.465e+01     
   6.000           0.000           -4.310e+00          -1.861e+01             121.861          -4.475e+00             194.857           1.455e+01     
   7.000           0.000           -4.399e+00          -1.856e+01             121.911          -4.569e+00             193.917           1.446e+01     
   8.000           0.000           -4.488e+00          -1.851e+01             121.948          -4.663e+00             192.973           1.437e+01     
   9.000           0.000           -4.575e+00          -1.847e+01             121.975          -4.757e+00             192.027           1.429e+01     
  10.000           0.000           -4.662e+00          -1.842e+01             121.991          -4.849e+00             191.078           1.421e+01     
  11.000           0.000           -4.748e+00          -1.838e+01             121.996          -4.941e+00             190.127           1.414e+01     
  12.000           0.000           -4.833e+00          -1.834e+01             121.992          -5.032e+00             189.174           1.408e+01     
  13.000           0.000           -4.918e+00          -1.830e+01             121.978          -5.122e+00             188.221           1.402e+01     
  14.000           0.000           -5.001e+00          -1.826e+01             121.955          -5.211e+00             187.267           1.396e+01     
  15.000           0.000           -5.083e+00          -1.823e+01             121.924          -5.299e+00             186.313           1.391e+01     
  16.000           0.000           -5.164e+00          -1.819e+01             121.885          -5.385e+00             185.360           1.387e+01     
  17.000           0.000           -5.243e+00          -1.816e+01             121.839          -5.471e+00             184.408           1.383e+01     
  18.000           0.000           -5.322e+00          -1.813e+01             121.786          -5.555e+00             183.458           1.380e+01     
  19.000           0.000           -5.399e+00          -1.811e+01             121.726          -5.638e+00             182.511           1.377e+01     
  20.000           0.000           -5.475e+00          -1.808e+01             121.660          -5.720e+00             181.567           1.375e+01     
  21.000           0.000           -5.549e+00          -1.806e+01             121.589          -5.800e+00             180.628           1.374e+01     
  22.000           0.000           -5.623e+00          -1.804e+01             121.512          -5.879e+00             179.693           1.373e+01     
  23.000           0.000           -5.695e+00          -1.802e+01             121.431          -5.956e+00             178.764           1.373e+01     
  24.000           0.000           -5.765e+00          -1.801e+01             121.346          -6.032e+00             177.842           1.373e+01     
  25.000           0.000           -5.834e+00          -1.800e+01             121.257          -6.106e+00             176.927           1.374e+01     
  26.000           0.000           -5.901e+00          -1.799e+01             121.165          -6.179e+00             176.020           1.375e+01     
  27.000           0.000           -5.967e+00          -1.798e+01             121.070          -6.250e+00             175.122           1.377e+01     
  28.000           0.000           -6.032e+00          -1.797e+01             120.973          -6.319e+00             174.235           1.380e+01     
  29.000           0.000           -6.095e+00          -1.797e+01             120.873          -6.387e+00             173.358           1.383e+01     
  30.000           0.000           -6.157e+00          -1.797e+01             120.772          -6.452e+00             172.493           1.386e+01     
  31.000           0.000           -6.217e+00          -1.797e+01             120.670          -6.517e+00             171.641           1.390e+01     
  32.000           0.000           -6.275e+00          -1.798e+01             120.568          -6.579e+00             170.803           1.395e+01     
  33.000           0.000           -6.332e+00          -1.799e+01             120.465          -6.640e+00             169.979           1.400e+01     
  34.000           0.000           -6.388e+00          -1.800e+01             120.362          -6.699e+00             169.171           1.406e+01     
  35.000           0.000           -6.442e+00          -1.801e+01             120.260          -6.756e+00             168.379           1.412e+01     
  36.000           0.000           -6.495e+00          -1.803e+01             120.160          -6.811e+00             167.605           1.418e+01     
  37.000           0.000           -6.547e+00          -1.805e+01             120.060          -6.865e+00             166.849           1.425e+01     
  38.000           0.000           -6.597e+00          -1.808e+01             119.963          -6.917e+00             166.112           1.433e+01     
  39.000           0.000           -6.645e+00          -1.810e+01             119.868          -6.967e+00             165.396           1.440e+01     
  40.000           0.000           -6.693e+00          -1.813e+01             119.777          -7.016e+00             164.700           1.448e+01     
  41.000           0.000           -6.739e+00          -1.817e+01             119.688          -7.063e+00             164.027           1.457e+01     
  42.000           0.000           -6.783e+00          -1.820e+01             119.603          -7.108e+00             163.376           1.465e+01     
  43.000           0.000           -6.827e+00          -1.825e+01             119.523          -7.152e+00             162.749           1.474e+01     
  44.000           0.000           -6.869e+00          -1.829e+01             119.448          -7.194e+00             162.146           1.484e+01     
  45.000           0.000           -6.910e+00          -1.834e+01             119.377          -7.235e+00             161.569           1.493e+01     
  46.000           0.000           -6.950e+00          -1.839e+01             119.313          -7.274e+00             161.018           1.503e+01     
  47.000           0.000           -6.989e+00          -1.844e+01             119.254          -7.311e+00             160.493           1.513e+01     
  48.000           0.000           -7.027e+00          -1.850e+01             119.203          -7.347e+00             159.996           1.524e+01     
  49.000           0.000           -7.063e+00          -1.856e+01             119.159          -7.382e+00             159.528           1.534e+01     
  50.000           0.000           -7.099e+00          -1.863e+01             119.122          -7.415e+00             159.088           1.545e+01     
  51.000           0.000           -7.133e+00          -1.870e+01             119.095          -7.447e+00             158.678           1.556e+01     
  52.000           0.000           -7.167e+00          -1.878e+01             119.076          -7.478e+00             158.298           1.567e+01     
  53.000           0.000           -7.199e+00          -1.886e+01             119.067          -7.507e+00             157.948           1.578e+01     
  54.000           0.000           -7.231e+00          -1.894e+01             119.068          -7.534e+00             157.630           1.590e+01     
  55.000           0.000           -7.261e+00          -1.903e+01             119.081          -7.561e+00             157.344           1.601e+01     
  56.000           0.000           -7.291e+00          -1.912e+01             119.105          -7.586e+00             157.090           1.613e+01     
  57.000           0.000           -7.320e+00          -1.922e+01             119.142          -7.610e+00             156.869           1.625e+01     
  58.000           0.000           -7.347e+00          -1.932e+01             119.192          -7.632e+00             156.681           1.637e+01     
  59.000           0.000           -7.374e+00          -1.943e+01             119.257          -7.653e+00             156.527           1.650e+01     
  60.000           0.000           -7.399e+00          -1.954e+01             119.336          -7.673e+00             156.407           1.662e+01     
  61.000           0.000           -7.424e+00          -1.966e+01             119.432          -7.692e+00             156.321           1.675e+01     
  62.000           0.000           -7.447e+00          -1.978e+01             119.545          -7.709e+00             156.270           1.688e+01     
  63.000           0.000           -7.469e+00          -1.991e+01             119.677          -7.724e+00             156.253           1.702e+01     
  64.000           0.000           -7.491e+00          -2.004e+01             119.827          -7.739e+00             156.272           1.716e+01     
  65.000           0.000           -7.510e+00          -2.018e+01             119.999          -7.752e+00             156.325           1.730e+01     
  66.000           0.000           -7.529e+00          -2.033e+01             120.193          -7.763e+00             156.415           1.745e+01     
  67.000           0.000           -7.546e+00          -2.048e+01             120.410          -7.773e+00             156.539           1.760e+01     
  68.000           0.000           -7.562e+00          -2.064e+01             120.653          -7.781e+00             156.699           1.776e+01     
  69.000           0.000           -7.577e+00          -2.081e+01             120.923          -7.788e+00             156.894           1.793e+01     
  70.000           0.000           -7.589e+00          -2.098e+01             121.223          -7.793e+00             157.124           1.810e+01     
  71.000           0.000           -7.601e+00          -2.116e+01             121.554          -7.796e+00             157.390           1.828e+01     
  72.000           0.000           -7.610e+00          -2.135e+01             121.918          -7.798e+00             157.691           1.847e+01     
  73.000           0.000           -7.618e+00          -2.155e+01             122.319          -7.797e+00             158.026           1.867e+01     
  74.000           0.000           -7.623e+00          -2.175e+01             122.759          -7.794e+00             158.396           1.888e+01     
  75.000           0.000           -7.627e+00          -2.196e+01             123.242          -7.790e+00             158.800           1.910e+01     
  76.000           0.000           -7.628e+00          -2.218e+01             123.771          -7.783e+00             159.238           1.934e+01     
  77.000           0.000           -7.627e+00          -2.241e+01             124.351          -7.774e+00             159.709           1.959e+01     
  78.000           0.000           -7.624e+00          -2.265e+01             124.985          -7.763e+00             160.213           1.986e+01     
  79.000           0.000           -7.618e+00          -2.290e+01             125.678          -7.749e+00             160.749           2.014e+01     
  80.000           0.000           -7.610e+00          -2.316e+01             126.437          -7.732e+00             161.316           2.045e+01     
  81.000           0.000           -7.598e+00          -2.343e+01             127.268          -7.713e+00             161.914           2.078e+01     
  82.000           0.000           -7.584e+00          -2.371e+01             128.177          -7.691e+00             162.542           2.113e+01     
  83.000           0.000           -7.567e+00          -2.400e+01             129.173          -7.667e+00             163.199           2.151e+01     
  84.000           0.000           -7.547e+00          -2.430e+01             130.266          -7.639e+00             163.884           2.192e+01     
  85.000           0.000           -7.523e+00          -2.461e+01             131.464          -7.609e+00             164.595           2.237e+01     
  86.000           0.000           -7.496e+00          -2.493e+01             132.781          -7.575e+00             165.333           2.285e+01     
  87.000           0.000           -7.466e+00          -2.527e+01             134.229          -7.539e+00             166.096           2.338e+01     
  88.000           0.000           -7.432e+00          -2.561e+01             135.822          -7.499e+00             166.882           2.396e+01     
  89.000           0.000           -7.395e+00          -2.597e+01             137.578          -7.456e+00             167.691           2.459e+01     
  90.000           0.000           -7.354e+00          -2.633e+01             139.516          -7.409e+00             168.522           2.530e+01     
  91.000           0.000           -7.309e+00          -2.671e+01             141.654          -7.359e+00             169.372           2.607e+01     
  92.000           0.000           -7.261e+00          -2.708e+01             144.016          -7.306e+00             170.240           2.695e+01     
  93.000           0.000           -7.209e+00          -2.747e+01             146.624          -7.250e+00             171.126           2.793e+01     
  94.000           0.000           -7.153e+00          -2.785e+01             149.503          -7.190e+00             172.027           2.906e+01     
  95.000           0.000           -7.093e+00          -2.823e+01             152.676          -7.126e+00             172.943           3.037e+01     
  96.000           0.000           -7.029e+00          -2.859e+01             156.163          -7.060e+00             173.872           3.193e+01     
  97.000           0.000           -6.962e+00          -2.894e+01             159.980          -6.990e+00             174.812           3.384e+01     
  98.000           0.000           -6.891e+00          -2.926e+01             164.133          -6.916e+00             175.763           3.631e+01     
  99.000           0.000           -6.816e+00          -2.955e+01             168.616          -6.839e+00             176.722           3.977e+01     
 100.000           0.000           -6.738e+00          -2.979e+01             173.405          -6.759e+00             177.689           4.000e+01     
 101.000           0.000           -6.656e+00          -2.997e+01             178.457          -6.676e+00             178.662           4.000e+01     
 102.000           0.000           -6.571e+00          -3.008e+01             183.706          -6.590e+00             179.640           4.000e+01     
 103.000           0.000           -6.482e+00          -3.012e+01             189.073          -6.501e+00             180.621           4.000e+01     
 104.000           0.000           -6.390e+00          -3.009e+01             194.464          -6.409e+00             181.604           3.677e+01     
 105.000           0.000           -6.295e+00          -2.998e+01             199.784          -6.314e+00             182.589           3.429e+01     
 106.000           0.000           -6.197e+00          -2.980e+01             204.948          -6.216e+00             183.574           3.239e+01     
 107.000           0.000           -6.096e+00          -2.957e+01             209.883          -6.116e+00             184.557           3.086e+01     
 108.000           0.000           -5.992e+00          -2.928e+01             214.539          -6.013e+00             185.539           2.959e+01     
 109.000           0.000           -5.886e+00          -2.895e+01             218.885          -5.908e+00             186.518           2.850e+01     
 110.000           0.000           -5.778e+00          -2.859e+01             222.908          -5.801e+00             187.493           2.756e+01     
 111.000           0.000           -5.667e+00          -2.821e+01             226.609          -5.691e+00             188.463           2.673e+01     
 112.000           0.000           -5.554e+00          -2.782e+01             230.003          -5.580e+00             189.428           2.600e+01     
 113.000           0.000           -5.439e+00          -2.742e+01             233.106          -5.467e+00             190.387           2.535e+01     
 114.000           0.000           -5.323e+00          -2.701e+01             235.943          -5.352e+00             191.339           2.476e+01     
 115.000           0.000           -5.204e+00          -2.661e+01             238.536          -5.236e+00             192.284           2.423e+01     
 116.000           0.000           -5.085e+00          -2.622e+01             240.910          -5.118e+00             193.221           2.375e+01     
 117.000           0.000           -4.964e+00          -2.583e+01             243.086          -5.000e+00             194.150           2.332e+01     
 118.000           0.000           -4.842e+00          -2.546e+01             245.087          -4.880e+00             195.070           2.292e+01     
 119.000           0.000           -4.719e+00          -2.509e+01             246.931          -4.759e+00             195.982           2.256e+01     
 120.000           0.000           -4.595e+00          -2.473e+01             248.635          -4.637e+00             196.884           2.223e+01     
 121.000           0.000           -4.470e+00          -2.439e+01             250.215          -4.515e+00             197.777           2.193e+01     
 122.000           0.000           -4.345e+00          -2.406e+01             251.685          -4.392e+00             198.660           2.165e+01     
 123.000           0.000           -4.219e+00          -2.374e+01             253.056          -4.268e+00             199.533           2.140e+01     
 124.000           0.000           -4.094e+00          -2.343e+01             254.340          -4.144e+00             200.397           2.116e+01     
 125.000           0.000           -3.967e+00          -2.313e+01             255.545          -4.020e+00             201.251           2.095e+01     
 126.000           0.000           -3.841e+00          -2.284e+01             256.681          -3.896e+00             202.094           2.076e+01     
 127.000           0.000           -3.715e+00          -2.256e+01             257.755          -3.772e+00             202.928           2.058e+01     
 128.000           0.000           -3.589e+00          -2.230e+01             258.773          -3.648e+00             203.751           2.042e+01     
 129.000           0.000           -3.464e+00          -2.204e+01             259.741          -3.524e+00             204.565           2.027e+01     
 130.000           0.000           -3.338e+00          -2.179e+01             260.665          -3.401e+00             205.369           2.014e+01     
 131.000           0.000           -3.214e+00          -2.156e+01             261.549          -3.278e+00             206.163           2.001e+01     
 132.000           0.000           -3.089e+00          -2.133e+01             262.397          -3.155e+00             206.947           1.990e+01     
 133.000           0.000           -2.966e+00          -2.111e+01             263.213          -3.033e+00             207.721           1.980e+01     
 134.000           0.000           -2.843e+00          -2.090e+01             264.000          -2.911e+00             208.486           1.971e+01     
 135.000           0.000           -2.721e+00          -2.070e+01             264.761          -2.790e+00             209.241           1.963e+01     
 136.000           0.000           -2.599e+00          -2.051e+01             265.499          -2.670e+00             209.988           1.956e+01     
 137.000           0.000           -2.479e+00          -2.032e+01             266.216          -2.551e+00             210.725           1.950e+01     
 138.000           0.000           -2.360e+00          -2.015e+01             266.915          -2.433e+00             211.453           1.945e+01     
 139.000           0.000           -2.241e+00          -1.998e+01             267.597          -2.315e+00             212.172           1.940e+01     
 140.000           0.000           -2.124e+00          -1.982e+01             268.265          -2.198e+00             212.883           1.936e+01     
 141.000           0.000           -2.008e+00          -1.966e+01             268.920          -2.083e+00             213.585           1.933e+01     
 142.000           0.000           -1.893e+00          -1.951e+01             269.563          -1.969e+00             214.279           1.930e+01     
 143.000           0.000           -1.779e+00          -1.937e+01             270.196          -1.855e+00             214.965           1.928e+01     
 144.000           0.000           -1.666e+00          -1.924e+01             270.820          -1.743e+00             215.643           1.926e+01     
 145.000           0.000           -1.555e+00          -1.911e+01             271.437          -1.632e+00             216.313           1.925e+01     
 146.000           0.000           -1.445e+00          -1.899e+01             272.047          -1.522e+00             216.975           1.924e+01     
 147.000           0.000           -1.336e+00          -1.887e+01             272.651          -1.414e+00             217.630           1.924e+01     
 148.000           0.000           -1.229e+00          -1.877e+01             273.251          -1.306e+00             218.277           1.925e+01     
 149.000           0.000           -1.123e+00          -1.866e+01             273.847          -1.200e+00             218.918           1.925e+01     
 150.000           0.000           -1.019e+00          -1.857e+01             274.441          -1.096e+00             219.551           1.927e+01     
 151.000           0.000           -9.157e-01          -1.847e+01             275.032          -9.926e-01             220.177           1.928e+01     
 152.000           0.000           -8.141e-01          -1.839e+01             275.622          -8.907e-01             220.797           1.930e+01     
 153.000           0.000           -7.139e-01          -1.831e+01             276.212          -7.901e-01             221.409           1.932e+01     
 154.000           0.000           -6.152e-01          -1.823e+01             276.801          -6.910e-01             222.016           1.935e+01     
 155.000           0.000           -5.179e-01          -1.816e+01             277.391          -5.933e-01             222.616           1.938e+01     
 156.000           0.000           -4.222e-01          -1.810e+01             277.982          -4.970e-01             223.209           1.941e+01     
 157.000           0.000           -3.279e-01          -1.804e+01             278.575          -4.021e-01             223.797           1.944e+01     
 158.000           0.000           -2.352e-01          -1.798e+01             279.171          -3.087e-01             224.378           1.948e+01     
 159.000           0.000           -1.439e-01          -1.793e+01             279.769          -2.168e-01             224.954           1.952e+01     
 160.000           0.000           -5.417e-02          -1.789e+01             280.371          -1.262e-01             225.524           1.956e+01     
 161.000           0.000            3.407e-02          -1.785e+01             280.977          -3.720e-02             226.087           1.961e+01     
 162.000           0.000            1.208e-01          -1.782e+01             281.587           5.038e-02             226.646           1.965e+01     
 163.000           0.000            2.060e-01          -1.779e+01             282.202           1.365e-01             227.198           1.970e+01     
 164.000           0.000            2.897e-01          -1.776e+01             282.823           2.211e-01             227.746           1.975e+01     
 165.000           0.000            3.719e-01          -1.774e+01             283.449           3.043e-01             228.287           1.980e+01     
 166.000           0.000            4.526e-01          -1.772e+01             284.082           3.860e-01             228.824           1.986e+01     
 167.000           0.000            5.318e-01          -1.771e+01             284.722           4.662e-01             229.355           1.992e+01     
 168.000           0.000            6.095e-01          -1.771e+01             285.369           5.450e-01             229.880           1.997e+01     
 169.000           0.000            6.857e-01          -1.770e+01             286.023           6.223e-01             230.401           2.003e+01     
 170.000           0.000            7.604e-01          -1.770e+01             286.686           6.981e-01             230.916           2.009e+01     
 171.000           0.000            8.336e-01          -1.771e+01             287.358           7.725e-01             231.427           2.016e+01     
 172.000           0.000            9.054e-01          -1.772e+01             288.039           8.454e-01             231.932           2.022e+01     
 173.000           0.000            9.757e-01          -1.774e+01             288.730           9.169e-01             232.432           2.029e+01     
 174.000           0.000            1.045e+00          -1.775e+01             289.430           9.869e-01             232.927           2.035e+01     
 175.000           0.000            1.112e+00          -1.778e+01             290.142           1.055e+00             233.417           2.042e+01     
 176.000           0.000            1.178e+00          -1.780e+01             290.865           1.123e+00             233.902           2.049e+01     
 177.000           0.000            1.242e+00          -1.784e+01             291.599           1.188e+00             234.382           2.056e+01     
 178.000           0.000            1.306e+00          -1.787e+01             292.346           1.253e+00             234.857           2.064e+01     
 179.000           0.000            1.367e+00          -1.791e+01             293.106           1.316e+00             235.327           2.071e+01     
 180.000           0.000            1.427e+00          -1.795e+01             293.877           1.377e+00             235.792           2.078e+01     
 179.000         180.000            1.486e+00          -1.800e+01             114.664           1.437e+00              56.252           2.086e+01     
 178.000         180.000            1.544e+00          -1.805e+01             115.466           1.496e+00              56.707           2.093e+01     
 177.000         180.000            1.600e+00          -1.811e+01             116.283           1.553e+00              57.157           2.101e+01     
 176.000         180.000            1.655e+00          -1.816e+01             117.115           1.609e+00              57.602           2.109e+01     
 175.000         180.000            1.708e+00          -1.823e+01             117.964           1.664e+00              58.042           2.117e+01     
 174.000         180.000            1.760e+00          -1.829e+01             118.830           1.717e+00              58.478           2.125e+01     
 173.000         180.000            1.811e+00          -1.836e+01             119.714           1.769e+00              58.908           2.133e+01     
 172.000         180.000            1.860e+00          -1.843e+01             120.617           1.820e+00              59.333           2.141e+01     
 171.000         180.000            1.909e+00          -1.851e+01             121.539           1.869e+00              59.753           2.150e+01     
 170.000         180.000            1.955e+00          -1.859e+01             122.480           1.917e+00              60.167           2.158e+01     
 169.000         180.000            2.001e+00          -1.867e+01             123.443           1.964e+00              60.577           2.167e+01     
 168.000         180.000            2.045e+00          -1.876e+01             124.427           2.009e+00              60.981           2.175e+01     
 167.000         180.000            2.088e+00          -1.885e+01             125.433           2.053e+00              61.380           2.184e+01     
 166.000         180.000            2.130e+00          -1.894e+01             126.463           2.096e+00              61.774           2.193e+01     
 165.000         180.000            2.171e+00          -1.903e+01             127.516           2.138e+00              62.162           2.201e+01     
 164.000         180.000            2.210e+00          -1.913e+01             128.594           2.178e+00              62.545           2.210e+01     
 163.000         180.000            2.248e+00          -1.923e+01             129.698           2.217e+00              62.923           2.219e+01     
 162.000         180.000            2.285e+00          -1.933e+01             130.828           2.255e+00              63.295           2.228e+01     
 161.000         180.000            2.321e+00          -1.944e+01             131.985           2.292e+00              63.661           2.238e+01     
 160.000         180.000            2.356e+00          -1.955e+01             133.171           2.328e+00              64.022           2.247e+01     
 159.000         180.000            2.389e+00          -1.965e+01             134.385           2.362e+00              64.377           2.256e+01     
 158.000         180.000            2.421e+00          -1.976e+01             135.629           2.395e+00              64.727           2.266e+01     
 157.000         180.000            2.452e+00          -1.988e+01             136.904           2.427e+00              65.071           2.275e+01     
 156.000         180.000            2.482e+00          -1.999e+01             138.209           2.458e+00              65.409           2.285e+01     
 155.000         180.000            2.511e+00          -2.010e+01             139.547           2.487e+00              65.741           2.295e+01     
 154.000         180.000            2.539e+00          -2.022e+01             140.917           2.516e+00              66.067           2.305e+01     
 153.000         180.000            2.566e+00          -2.033e+01             142.320           2.543e+00              66.387           2.315e+01     
 152.000         180.000            2.591e+00          -2.045e+01             143.757           2.570e+00              66.701           2.325e+01     
 151.000         180.000            2.616e+00          -2.057e+01             145.227           2.595e+00              67.008           2.335e+01     
 150.000         180.000            2.639e+00          -2.068e+01             146.732           2.619e+00              67.310           2.345e+01     
 149.000         180.000            2.661e+00          -2.080e+01             148.271           2.642e+00              67.605           2.356e+01     
 148.000         180.000            2.683e+00          -2.091e+01             149.845           2.664e+00              67.894           2.366e+01     
 147.000         180.000            2.703e+00          -2.102e+01             151.453           2.685e+00              68.177           2.377e+01     
 146.000         180.000            2.722e+00          -2.113e+01             153.094           2.704e+00              68.452           2.388e+01     
 145.000         180.000            2.740e+00          -2.124e+01             154.770           2.723e+00              68.722           2.399e+01     
 144.000         180.000            2.758e+00          -2.135e+01             156.477           2.741e+00              68.985           2.410e+01     
 143.000         180.000            2.774e+00          -2.145e+01             158.217           2.757e+00              69.241           2.421e+01     
 142.000         180.000            2.789e+00          -2.155e+01             159.987           2.773e+00              69.490           2.432e+01     
 141.000         180.000            2.803e+00          -2.165e+01             161.787           2.788e+00              69.732           2.444e+01     
 140.000         180.000            2.816e+00          -2.174e+01             163.615           2.801e+00              69.968           2.456e+01     
 139.000         180.000            2.829e+00          -2.182e+01             165.468           2.814e+00              70.196           2.468e+01     
 138.000         180.000            2.840e+00          -2.191e+01             167.345           2.825e+00              70.418           2.480e+01     
 137.000         180.000            2.850e+00          -2.199e+01             169.243           2.836e+00              70.632           2.492e+01     
 136.000         180.000            2.860e+00          -2.206e+01             171.161           2.846e+00              70.839           2.505e+01     
 135.000         180.000            2.868e+00          -2.212e+01             173.095           2.854e+00              71.039           2.517e+01     
 134.000         180.000            2.876e+00          -2.219e+01             175.042           2.862e+00              71.232           2.530e+01     
 133.000         180.000            2.882e+00          -2.224e+01             176.999           2.869e+00              71.417           2.544e+01     
 132.000         180.000            2.888e+00          -2.229e+01             178.963           2.875e+00              71.595           2.557e+01     
 131.000         180.000            2.892e+00          -2.233e+01             180.931           2.879e+00              71.765           2.571e+01     
 130.000         180.000            2.896e+00          -2.237e+01             182.900           2.883e+00              71.927           2.585e+01     
 129.000         180.000            2.899e+00          -2.240e+01             184.866           2.886e+00              72.082           2.599e+01     
 128.000         180.000            2.901e+00          -2.242e+01             186.826           2.888e+00              72.229           2.614e+01     
 127.000         180.000            2.902e+00          -2.244e+01             188.777           2.889e+00              72.369           2.629e+01     
 126.000         180.000            2.902e+00          -2.245e+01             190.715           2.890e+00              72.500           2.644e+01     
 125.000         180.000            2.902e+00          -2.245e+01             192.638           2.889e+00              72.624           2.660e+01     
 124.000         180.000            2.900e+00          -2.245e+01             194.543           2.887e+00              72.739           2.676e+01     
 123.000         180.000            2.898e+00          -2.245e+01             196.427           2.885e+00              72.847           2.693e+01     
 122.000         180.000            2.894e+00          -2.244e+01             198.287           2.881e+00              72.946           2.709e+01     
 121.000         180.000            2.890e+00          -2.242e+01             200.122           2.877e+00              73.038           2.727e+01     
 120.000         180.000            2.885e+00          -2.240e+01             201.930           2.872e+00              73.121           2.745e+01     
 119.000         180.000            2.879e+00          -2.237e+01             203.708           2.866e+00              73.196           2.763e+01     
 118.000         180.000            2.872e+00          -2.235e+01             205.456           2.859e+00              73.262           2.782e+01     
 117.000         180.000            2.865e+00          -2.231e+01             207.171           2.851e+00              73.320           2.802e+01     
 116.000         180.000            2.856e+00          -2.228e+01             208.854           2.843e+00              73.370           2.822e+01     
 115.000         180.000            2.847e+00          -2.224e+01             210.503           2.833e+00              73.411           2.843e+01     
 114.000         180.000            2.836e+00          -2.220e+01             212.117           2.823e+00              73.444           2.864e+01     
 113.000         180.000            2.825e+00          -2.216e+01             213.697           2.812e+00              73.468           2.886e+01     
 112.000         180.000            2.813e+00          -2.211e+01             215.242           2.799e+00              73.484           2.909e+01     
 111.000         180.000            2.801e+00          -2.206e+01             216.752           2.786e+00              73.491           2.933e+01     
 110.000         180.000            2.787e+00          -2.202e+01             218.228           2.773e+00              73.489           2.958e+01     
 109.000         180.000            2.773e+00          -2.197e+01             219.669           2.758e+00              73.479           2.984e+01     
 108.000         180.000            2.757e+00          -2.192e+01             221.076           2.742e+00              73.460           3.011e+01     
 107.000         180.000            2.741e+00          -2.187e+01             222.449           2.726e+00              73.432           3.039e+01     
 106.000         180.000            2.724e+00          -2.182e+01             223.790           2.709e+00              73.395           3.068e+01     
 105.000         180.000            2.706e+00          -2.177e+01             225.099           2.691e+00              73.350           3.098e+01     
 104.000         180.000            2.688e+00          -2.172e+01             226.377           2.672e+00              73.295           3.130e+01     
 103.000         180.000            2.668e+00          -2.168e+01             227.624           2.652e+00              73.232           3.164e+01     
 102.000         180.000            2.648e+00          -2.163e+01             228.842           2.632e+00              73.159           3.199e+01     
 101.000         180.000            2.627e+00          -2.158e+01             230.031           2.610e+00              73.078           3.237e+01     
 100.000         180.000            2.605e+00          -2.154e+01             231.193           2.588e+00              72.988           3.276e+01     
  99.000         180.000            2.582e+00          -2.149e+01             232.328           2.565e+00              72.889           3.318e+01     
  98.000         180.000            2.558e+00          -2.145e+01             233.437           2.541e+00              72.780           3.362e+01     
  97.000         180.000            2.534e+00          -2.141e+01             234.522           2.516e+00              72.663           3.409e+01     
  96.000         180.000            2.509e+00          -2.137e+01             235.584           2.491e+00              72.537           3.460e+01     
  95.000         180.000            2.482e+00          -2.133e+01             236.623           2.464e+00              72.401           3.514e+01     
  94.000         180.000            2.455e+00          -2.129e+01             237.641           2.437e+00              72.257           3.573e+01     
  93.000         180.000            2.428e+00          -2.126e+01             238.638           2.409e+00              72.103           3.636e+01     
  92.000         180.000            2.399e+00          -2.123e+01             239.616           2.380e+00              71.940           3.706e+01     
  91.000         180.000            2.369e+00          -2.119e+01             240.576           2.350e+00              71.769           3.782e+01     
  90.000         180.000            2.339e+00          -2.117e+01             241.518           2.320e+00              71.588           3.867e+01     
  89.000         180.000            2.308e+00          -2.114e+01             242.444           2.288e+00              71.397           3.962e+01     
  88.000         180.000            2.276e+00          -2.111e+01             243.355           2.256e+00              71.198           4.000e+01     
  87.000         180.000            2.243e+00          -2.109e+01             244.251           2.223e+00              70.990           4.000e+01     
  86.000         180.000            2.209e+00          -2.107e+01             245.133           2.189e+00              70.773           4.000e+01     
  85.000         180.000            2.175e+00          -2.105e+01             246.003           2.154e+00              70.546           4.000e+01     
  84.000         180.000            2.139e+00          -2.103e+01             246.862           2.118e+00              70.311           4.000e+01     
  83.000         180.000            2.103e+00          -2.101e+01             247.709           2.082e+00              70.066           4.000e+01     
  82.000         180.000            2.066e+00          -2.100e+01             248.547           2.044e+00              69.812           4.000e+01     
  81.000         180.000            2.028e+00          -2.099e+01             249.375           2.006e+00              69.550           4.000e+01     
  80.000         180.000            1.989e+00          -2.098e+01             250.195           1.967e+00              69.278           4.000e+01     
  79.000         180.000            1.949e+00          -2.097e+01             251.008           1.927e+00              68.997           4.000e+01     
  78.000         180.000            1.909e+00          -2.096e+01             251.813           1.886e+00              68.707           4.000e+01     
  77.000         180.000            1.867e+00          -2.096e+01             252.613           1.845e+00              68.408           4.000e+01     
  76.000         180.000            1.825e+00          -2.095e+01             253.408           1.802e+00              68.100           4.000e+01     
  75.000         180.000            1.782e+00          -2.095e+01             254.198           1.759e+00              67.783           4.000e+01     
  74.000         180.000            1.738e+00          -2.095e+01             254.984           1.715e+00              67.457           4.000e+01     
  73.000         180.000            1.693e+00          -2.095e+01             255.767           1.670e+00              67.122           3.912e+01     
  72.000         180.000            1.648e+00          -2.095e+01             256.547           1.624e+00              66.778           3.803e+01     
  71.000         180.000            1.601e+00          -2.095e+01             257.325           1.577e+00              66.426           3.704e+01     
  70.000         180.000            1.553e+00          -2.096e+01             258.102           1.529e+00              66.064           3.615e+01     
  69.000         180.000            1.505e+00          -2.096e+01             258.878           1.480e+00              65.694           3.533e+01     
  68.000         180.000            1.456e+00          -2.097e+01             259.654           1.431e+00              65.315           3.457e+01     
  67.000         180.000            1.406e+00          -2.097e+01             260.429           1.381e+00              64.927           3.386e+01     
  66.000         180.000            1.355e+00          -2.098e+01             261.205           1.329e+00              64.530           3.320e+01     
  65.000         180.000            1.303e+00          -2.099e+01             261.982           1.277e+00              64.124           3.258e+01     
  64.000         180.000            1.250e+00          -2.099e+01             262.760           1.224e+00              63.710           3.199e+01     
  63.000         180.000            1.197e+00          -2.100e+01             263.540           1.170e+00              63.287           3.143e+01     
  62.000         180.000            1.142e+00          -2.101e+01             264.321           1.116e+00              62.856           3.090e+01     
  61.000         180.000            1.087e+00          -2.102e+01             265.104           1.060e+00              62.416           3.040e+01     
  60.000         180.000            1.030e+00          -2.103e+01             265.890           1.003e+00              61.967           2.992e+01     
  59.000         180.000            9.732e-01          -2.104e+01             266.678           9.458e-01              61.509           2.945e+01     
  58.000         180.000            9.151e-01          -2.104e+01             267.468           8.874e-01              61.044           2.901e+01     
  57.000         180.000            8.562e-01          -2.105e+01             268.260           8.281e-01              60.569           2.858e+01     
  56.000         180.000            7.964e-01          -2.106e+01             269.055           7.679e-01              60.086           2.817e+01     
  55.000         180.000            7.356e-01          -2.106e+01             269.852           7.068e-01              59.595           2.777e+01     
  54.000         180.000            6.740e-01          -2.107e+01             270.651           6.448e-01              59.096           2.738e+01     
  53.000         180.000            6.115e-01          -2.107e+01             271.452           5.819e-01              58.588           2.701e+01     
  52.000         180.000            5.481e-01          -2.108e+01             272.254           5.181e-01              58.071           2.664e+01     
  51.000         180.000            4.838e-01          -2.108e+01             273.058           4.534e-01              57.547           2.629e+01     
  50.000         180.000            4.186e-01          -2.108e+01             273.862           3.878e-01              57.014           2.595e+01     
  49.000         180.000            3.526e-01          -2.108e+01             274.667           3.212e-01              56.472           2.561e+01     
  48.000         180.000            2.857e-01          -2.108e+01             275.472           2.538e-01              55.923           2.529e+01     
  47.000         180.000            2.178e-01          -2.107e+01             276.277           1.854e-01              55.366           2.497e+01     
  46.000         180.000            1.491e-01          -2.106e+01             277.080           1.162e-01              54.800           2.466e+01     
  45.000         180.000            7.957e-02          -2.106e+01             277.881           4.601e-02              54.226           2.436e+01     
  44.000         180.000            9.123e-03          -2.105e+01             278.680          -2.507e-02              53.644           2.406e+01     
  43.000         180.000           -6.219e-02          -2.103e+01             279.475          -9.704e-02              53.054           2.377e+01     
  42.000         180.000           -1.344e-01          -2.102e+01             280.267          -1.699e-01              52.456           2.349e+01     
  41.000         180.000           -2.074e-01          -2.100e+01             281.054          -2.437e-01              51.850           2.321e+01     
  40.000         180.000           -2.813e-01          -2.099e+01             281.835          -3.184e-01              51.236           2.294e+01     
  39.000         180.000           -3.560e-01          -2.097e+01             282.609          -3.939e-01              50.614           2.267e+01     
  38.000         180.000           -4.316e-01          -2.094e+01             283.377          -4.704e-01              49.984           2.241e+01     
  37.000         180.000           -5.080e-01          -2.092e+01             284.136          -5.477e-01              49.346           2.215e+01     
  36.000         180.000           -5.853e-01          -2.089e+01             284.887          -6.259e-01              48.700           2.190e+01     
  35.000         180.000           -6.633e-01          -2.086e+01             285.627          -7.050e-01              48.046           2.165e+01     
  34.000         180.000           -7.422e-01          -2.083e+01             286.357          -7.850e-01              47.384           2.141e+01     
  33.000         180.000           -8.218e-01          -2.079e+01             287.076          -8.658e-01              46.715           2.117e+01     
  32.000         180.000           -9.023e-01          -2.076e+01             287.782          -9.474e-01              46.038           2.093e+01     
  31.000         180.000           -9.835e-01          -2.072e+01             288.475          -1.030e+00              45.353           2.070e+01     
  30.000         180.000           -1.065e+00          -2.068e+01             289.154          -1.113e+00              44.660           2.047e+01     
  29.000         180.000           -1.148e+00          -2.063e+01             289.819          -1.197e+00              43.959           2.025e+01     
  28.000         180.000           -1.232e+00          -2.059e+01             290.469          -1.282e+00              43.251           2.003e+01     
  27.000         180.000           -1.316e+00          -2.054e+01             291.103          -1.368e+00              42.535           1.981e+01     
  26.000         180.000           -1.401e+00          -2.049e+01             291.720          -1.455e+00              41.811           1.959e+01     
  25.000         180.000           -1.486e+00          -2.044e+01             292.321          -1.542e+00              41.080           1.938e+01     
  24.000         180.000           -1.572e+00          -2.039e+01             292.904          -1.630e+00              40.341           1.918e+01     
  23.000         180.000           -1.659e+00          -2.033e+01             293.469          -1.719e+00              39.594           1.897e+01     
  22.000         180.000           -1.747e+00          -2.028e+01             294.016          -1.808e+00              38.839           1.877e+01     
  21.000         180.000           -1.835e+00          -2.022e+01             294.545          -1.898e+00              38.077           1.857e+01     
  20.000         180.000           -1.923e+00          -2.016e+01             295.054          -1.989e+00              37.308           1.838e+01     
  19.000         180.000           -2.013e+00          -2.010e+01             295.545          -2.081e+00              36.531           1.819e+01     
  18.000         180.000           -2.102e+00          -2.004e+01             296.016          -2.173e+00              35.746           1.800e+01     
  17.000         180.000           -2.192e+00          -1.998e+01             296.468          -2.265e+00              34.954           1.782e+01     
  16.000         180.000           -2.283e+00          -1.992e+01             296.901          -2.359e+00              34.154           1.764e+01     
  15.000         180.000           -2.374e+00          -1.986e+01             297.314          -2.452e+00              33.347           1.746e+01     
  14.000         180.000           -2.466e+00          -1.980e+01             297.708          -2.547e+00              32.533           1.728e+01     
  13.000         180.000           -2.557e+00          -1.973e+01             298.083          -2.641e+00              31.712           1.711e+01     
  12.000         180.000           -2.649e+00          -1.967e+01             298.438          -2.737e+00              30.883           1.694e+01     
  11.000         180.000           -2.742e+00          -1.961e+01             298.774          -2.832e+00              30.047           1.678e+01     
  10.000         180.000           -2.834e+00          -1.954e+01             299.091          -2.928e+00              29.204           1.662e+01     
   9.000         180.000           -2.927e+00          -1.948e+01             299.390          -3.024e+00              28.354           1.646e+01     
   8.000         180.000           -3.020e+00          -1.942e+01             299.670          -3.121e+00              27.497           1.630e+01     
   7.000         180.000           -3.113e+00          -1.936e+01             299.932          -3.218e+00              26.633           1.615e+01     
   6.000         180.000           -3.206e+00          -1.929e+01             300.177          -3.315e+00              25.762           1.601e+01     
   5.000         180.000           -3.300e+00          -1.923e+01             300.404          -3.412e+00              24.885           1.586e+01     
   4.000         180.000           -3.393e+00          -1.917e+01             300.613          -3.509e+00              24.002           1.572e+01     
   3.000         180.000           -3.486e+00          -1.911e+01             300.806          -3.606e+00              23.112           1.559e+01     
   2.000         180.000           -3.579e+00          -1.905e+01             300.983          -3.704e+00              22.216           1.545e+01     
   1.000         180.000           -3.671e+00          -1.899e+01             301.144          -3.801e+00              21.314           1.533e+01     
