Theta [deg.]  Phi   [deg.]  Abs(Dir.)[dBi   ]   Abs(Theta)[dBi   ]  Phase(Theta)[deg.]  Abs(Phi  )[dBi   ]  Phase(Phi  )[deg.]  Ax.Ratio[dB    ]    
------------------------------------------------------------------------------------------------------------------------------------------------------
   0.000          45.000           -4.778e-01          -3.000e+00             285.687          -4.038e+00             291.748           2.559e+01     
   1.000          45.000           -5.572e-01          -3.052e+00             285.559          -4.152e+00             291.272           2.611e+01     
   2.000          45.000           -6.391e-01          -3.108e+00             285.429          -4.268e+00             290.788           2.667e+01     
   3.000          45.000           -7.233e-01          -3.168e+00             285.299          -4.385e+00             290.298           2.728e+01     
   4.000          45.000           -8.099e-01          -3.230e+00             285.166          -4.503e+00             289.801           2.795e+01     
   5.000          45.000           -8.989e-01          -3.296e+00             285.032          -4.623e+00             289.296           2.868e+01     
   6.000          45.000           -9.901e-01          -3.366e+00             284.897          -4.744e+00             288.785           2.949e+01     
   7.000          45.000           -1.084e+00          -3.439e+00             284.760          -4.866e+00             288.265           3.040e+01     
   8.000          45.000           -1.180e+00          -3.515e+00             284.621          -4.990e+00             287.739           3.143e+01     
   9.000          45.000           -1.278e+00          -3.594e+00             284.481          -5.114e+00             287.204           3.261e+01     
  10.000          45.000           -1.378e+00          -3.677e+00             284.339          -5.240e+00             286.662           3.400e+01     
  11.000          45.000           -1.481e+00          -3.762e+00             284.196          -5.366e+00             286.112           3.568e+01     
  12.000          45.000           -1.585e+00          -3.852e+00             284.050          -5.494e+00             285.554           3.779e+01     
  13.000          45.000           -1.692e+00          -3.944e+00             283.903          -5.622e+00             284.988           4.000e+01     
  14.000          45.000           -1.801e+00          -4.040e+00             283.755          -5.751e+00             284.413           4.000e+01     
  15.000          45.000           -1.913e+00          -4.138e+00             283.605          -5.881e+00             283.830           4.000e+01     
  16.000          45.000           -2.026e+00          -4.240e+00             283.452          -6.011e+00             283.240           4.000e+01     
  17.000          45.000           -2.141e+00          -4.345e+00             283.299          -6.142e+00             282.640           4.000e+01     
  18.000          45.000           -2.259e+00          -4.454e+00             283.143          -6.273e+00             282.033           4.000e+01     
  19.000          45.000           -2.378e+00          -4.565e+00             282.986          -6.404e+00             281.417           3.747e+01     
  20.000          45.000           -2.499e+00          -4.680e+00             282.827          -6.536e+00             280.794           3.522e+01     
  21.000          45.000           -2.622e+00          -4.797e+00             282.666          -6.667e+00             280.162           3.341e+01     
  22.000          45.000           -2.747e+00          -4.918e+00             282.504          -6.798e+00             279.523           3.190e+01     
  23.000          45.000           -2.874e+00          -5.042e+00             282.339          -6.929e+00             278.875           3.059e+01     
  24.000          45.000           -3.002e+00          -5.170e+00             282.173          -7.060e+00             278.221           2.945e+01     
  25.000          45.000           -3.133e+00          -5.300e+00             282.005          -7.190e+00             277.559           2.842e+01     
  26.000          45.000           -3.265e+00          -5.433e+00             281.836          -7.319e+00             276.890           2.750e+01     
  27.000          45.000           -3.398e+00          -5.570e+00             281.665          -7.448e+00             276.215           2.665e+01     
  28.000          45.000           -3.533e+00          -5.710e+00             281.492          -7.575e+00             275.533           2.587e+01     
  29.000          45.000           -3.669e+00          -5.853e+00             281.317          -7.702e+00             274.846           2.515e+01     
  30.000          45.000           -3.807e+00          -5.999e+00             281.141          -7.827e+00             274.154           2.448e+01     
  31.000          45.000           -3.947e+00          -6.149e+00             280.963          -7.951e+00             273.457           2.385e+01     
  32.000          45.000           -4.087e+00          -6.301e+00             280.783          -8.073e+00             272.756           2.326e+01     
  33.000          45.000           -4.229e+00          -6.457e+00             280.602          -8.194e+00             272.051           2.270e+01     
  34.000          45.000           -4.372e+00          -6.617e+00             280.419          -8.313e+00             271.344           2.217e+01     
  35.000          45.000           -4.516e+00          -6.779e+00             280.234          -8.429e+00             270.636           2.168e+01     
  36.000          45.000           -4.661e+00          -6.946e+00             280.048          -8.544e+00             269.926           2.120e+01     
  37.000          45.000           -4.807e+00          -7.115e+00             279.860          -8.656e+00             269.216           2.075e+01     
  38.000          45.000           -4.954e+00          -7.288e+00             279.670          -8.766e+00             268.506           2.033e+01     
  39.000          45.000           -5.102e+00          -7.465e+00             279.479          -8.874e+00             267.799           1.992e+01     
  40.000          45.000           -5.251e+00          -7.646e+00             279.286          -8.978e+00             267.094           1.953e+01     
  41.000          45.000           -5.400e+00          -7.830e+00             279.091          -9.080e+00             266.393           1.916e+01     
  42.000          45.000           -5.550e+00          -8.018e+00             278.894          -9.179e+00             265.697           1.881e+01     
  43.000          45.000           -5.700e+00          -8.210e+00             278.696          -9.275e+00             265.008           1.848e+01     
  44.000          45.000           -5.850e+00          -8.406e+00             278.495          -9.368e+00             264.325           1.817e+01     
  45.000          45.000           -6.001e+00          -8.607e+00             278.292          -9.458e+00             263.651           1.787e+01     
  46.000          45.000           -6.152e+00          -8.812e+00             278.087          -9.544e+00             262.987           1.759e+01     
  47.000          45.000           -6.304e+00          -9.022e+00             277.879          -9.627e+00             262.334           1.732e+01     
  48.000          45.000           -6.455e+00          -9.236e+00             277.669          -9.707e+00             261.694           1.707e+01     
  49.000          45.000           -6.606e+00          -9.455e+00             277.456          -9.783e+00             261.066           1.684e+01     
  50.000          45.000           -6.757e+00          -9.680e+00             277.240          -9.856e+00             260.454           1.662e+01     
  51.000          45.000           -6.907e+00          -9.910e+00             277.019          -9.925e+00             259.857           1.643e+01     
  52.000          45.000           -7.057e+00          -1.015e+01             276.795          -9.990e+00             259.278           1.625e+01     
  53.000          45.000           -7.207e+00          -1.039e+01             276.567          -1.005e+01             258.717           1.609e+01     
  54.000          45.000           -7.355e+00          -1.064e+01             276.333          -1.011e+01             258.176           1.595e+01     
  55.000          45.000           -7.503e+00          -1.089e+01             276.094          -1.017e+01             257.656           1.583e+01     
  56.000          45.000           -7.650e+00          -1.115e+01             275.849          -1.022e+01             257.157           1.573e+01     
  57.000          45.000           -7.795e+00          -1.142e+01             275.596          -1.026e+01             256.682           1.565e+01     
  58.000          45.000           -7.939e+00          -1.170e+01             275.334          -1.031e+01             256.230           1.560e+01     
  59.000          45.000           -8.081e+00          -1.199e+01             275.063          -1.035e+01             255.803           1.557e+01     
  60.000          45.000           -8.222e+00          -1.229e+01             274.781          -1.038e+01             255.402           1.557e+01     
  61.000          45.000           -8.360e+00          -1.259e+01             274.487          -1.042e+01             255.028           1.560e+01     
  62.000          45.000           -8.496e+00          -1.291e+01             274.178          -1.045e+01             254.681           1.566e+01     
  63.000          45.000           -8.629e+00          -1.324e+01             273.852          -1.047e+01             254.361           1.576e+01     
  64.000          45.000           -8.760e+00          -1.358e+01             273.506          -1.049e+01             254.071           1.590e+01     
  65.000          45.000           -8.887e+00          -1.394e+01             273.138          -1.051e+01             253.810           1.607e+01     
  66.000          45.000           -9.011e+00          -1.431e+01             272.743          -1.053e+01             253.579           1.629e+01     
  67.000          45.000           -9.131e+00          -1.470e+01             272.318          -1.054e+01             253.378           1.657e+01     
  68.000          45.000           -9.247e+00          -1.511e+01             271.855          -1.055e+01             253.207           1.689e+01     
  69.000          45.000           -9.359e+00          -1.554e+01             271.350          -1.056e+01             253.068           1.729e+01     
  70.000          45.000           -9.465e+00          -1.599e+01             270.793          -1.056e+01             252.959           1.775e+01     
  71.000          45.000           -9.566e+00          -1.646e+01             270.175          -1.056e+01             252.882           1.830e+01     
  72.000          45.000           -9.661e+00          -1.697e+01             269.482          -1.055e+01             252.836           1.895e+01     
  73.000          45.000           -9.750e+00          -1.750e+01             268.700          -1.055e+01             252.821           1.972e+01     
  74.000          45.000           -9.832e+00          -1.808e+01             267.807          -1.054e+01             252.838           2.063e+01     
  75.000          45.000           -9.907e+00          -1.869e+01             266.777          -1.052e+01             252.885           2.173e+01     
  76.000          45.000           -9.974e+00          -1.934e+01             265.576          -1.051e+01             252.964           2.308e+01     
  77.000          45.000           -1.003e+01          -2.005e+01             264.156          -1.049e+01             253.074           2.477e+01     
  78.000          45.000           -1.008e+01          -2.083e+01             262.455          -1.047e+01             253.214           2.699e+01     
  79.000          45.000           -1.012e+01          -2.167e+01             260.382          -1.044e+01             253.384           3.013e+01     
  80.000          45.000           -1.016e+01          -2.259e+01             257.809          -1.041e+01             253.584           3.534e+01     
  81.000          45.000           -1.018e+01          -2.360e+01             254.554          -1.038e+01             253.813           4.000e+01     
  82.000          45.000           -1.019e+01          -2.471e+01             250.341          -1.035e+01             254.071           3.841e+01     
  83.000          45.000           -1.019e+01          -2.593e+01             244.759          -1.031e+01             254.357           3.141e+01     
  84.000          45.000           -1.018e+01          -2.721e+01             237.208          -1.027e+01             254.670           2.756e+01     
  85.000          45.000           -1.016e+01          -2.849e+01             226.915          -1.023e+01             255.011           2.490e+01     
  86.000          45.000           -1.013e+01          -2.954e+01             213.232          -1.018e+01             255.377           2.289e+01     
  87.000          45.000           -1.009e+01          -3.006e+01             196.572          -1.013e+01             255.770           2.127e+01     
  88.000          45.000           -1.003e+01          -2.979e+01             179.238          -1.008e+01             256.186           1.995e+01     
  89.000          45.000           -9.966e+00          -2.884e+01             164.093          -1.002e+01             256.627           1.883e+01     
  90.000          45.000           -9.889e+00          -2.754e+01             152.374          -9.964e+00             257.091           1.788e+01     
  91.000          45.000           -9.801e+00          -2.615e+01             143.749          -9.903e+00             257.577           1.706e+01     
  92.000          45.000           -9.703e+00          -2.482e+01             137.431          -9.839e+00             258.084           1.636e+01     
  93.000          45.000           -9.595e+00          -2.357e+01             132.735          -9.772e+00             258.612           1.575e+01     
  94.000          45.000           -9.476e+00          -2.243e+01             129.172          -9.702e+00             259.159           1.523e+01     
  95.000          45.000           -9.348e+00          -2.138e+01             126.411          -9.629e+00             259.724           1.479e+01     
  96.000          45.000           -9.211e+00          -2.042e+01             124.234          -9.554e+00             260.307           1.441e+01     
  97.000          45.000           -9.066e+00          -1.953e+01             122.490          -9.475e+00             260.907           1.410e+01     
  98.000          45.000           -8.913e+00          -1.871e+01             121.075          -9.394e+00             261.522           1.384e+01     
  99.000          45.000           -8.752e+00          -1.794e+01             119.915          -9.310e+00             262.151           1.364e+01     
 100.000          45.000           -8.584e+00          -1.723e+01             118.957          -9.223e+00             262.794           1.348e+01     
 101.000          45.000           -8.410e+00          -1.655e+01             118.159          -9.133e+00             263.449           1.337e+01     
 102.000          45.000           -8.231e+00          -1.592e+01             117.495          -9.041e+00             264.116           1.329e+01     
 103.000          45.000           -8.046e+00          -1.532e+01             116.939          -8.946e+00             264.794           1.326e+01     
 104.000          45.000           -7.856e+00          -1.475e+01             116.474          -8.848e+00             265.480           1.325e+01     
 105.000          45.000           -7.662e+00          -1.421e+01             116.086          -8.748e+00             266.176           1.328e+01     
 106.000          45.000           -7.465e+00          -1.370e+01             115.763          -8.646e+00             266.879           1.334e+01     
 107.000          45.000           -7.264e+00          -1.320e+01             115.496          -8.541e+00             267.589           1.342e+01     
 108.000          45.000           -7.061e+00          -1.273e+01             115.278          -8.434e+00             268.304           1.353e+01     
 109.000          45.000           -6.855e+00          -1.228e+01             115.102          -8.324e+00             269.025           1.366e+01     
 110.000          45.000           -6.648e+00          -1.184e+01             114.964          -8.213e+00             269.749           1.381e+01     
 111.000          45.000           -6.439e+00          -1.142e+01             114.858          -8.099e+00             270.477           1.398e+01     
 112.000          45.000           -6.229e+00          -1.101e+01             114.781          -7.984e+00             271.207           1.417e+01     
 113.000          45.000           -6.018e+00          -1.062e+01             114.730          -7.866e+00             271.938           1.438e+01     
 114.000          45.000           -5.806e+00          -1.024e+01             114.703          -7.747e+00             272.671           1.459e+01     
 115.000          45.000           -5.594e+00          -9.871e+00             114.696          -7.626e+00             273.404           1.483e+01     
 116.000          45.000           -5.383e+00          -9.514e+00             114.708          -7.503e+00             274.136           1.507e+01     
 117.000          45.000           -5.172e+00          -9.168e+00             114.736          -7.379e+00             274.867           1.533e+01     
 118.000          45.000           -4.961e+00          -8.831e+00             114.780          -7.253e+00             275.597           1.559e+01     
 119.000          45.000           -4.751e+00          -8.505e+00             114.838          -7.127e+00             276.324           1.587e+01     
 120.000          45.000           -4.542e+00          -8.187e+00             114.909          -6.998e+00             277.048           1.616e+01     
 121.000          45.000           -4.334e+00          -7.878e+00             114.991          -6.869e+00             277.769           1.646e+01     
 122.000          45.000           -4.127e+00          -7.577e+00             115.084          -6.739e+00             278.487           1.676e+01     
 123.000          45.000           -3.922e+00          -7.284e+00             115.186          -6.608e+00             279.200           1.708e+01     
 124.000          45.000           -3.719e+00          -6.998e+00             115.297          -6.476e+00             279.908           1.740e+01     
 125.000          45.000           -3.517e+00          -6.720e+00             115.416          -6.343e+00             280.612           1.774e+01     
 126.000          45.000           -3.317e+00          -6.448e+00             115.543          -6.210e+00             281.310           1.808e+01     
 127.000          45.000           -3.119e+00          -6.184e+00             115.676          -6.076e+00             282.002           1.842e+01     
 128.000          45.000           -2.923e+00          -5.925e+00             115.815          -5.942e+00             282.689           1.878e+01     
 129.000          45.000           -2.729e+00          -5.673e+00             115.960          -5.807e+00             283.370           1.915e+01     
 130.000          45.000           -2.538e+00          -5.428e+00             116.111          -5.672e+00             284.044           1.952e+01     
 131.000          45.000           -2.349e+00          -5.188e+00             116.266          -5.537e+00             284.711           1.991e+01     
 132.000          45.000           -2.162e+00          -4.954e+00             116.425          -5.402e+00             285.372           2.030e+01     
 133.000          45.000           -1.978e+00          -4.725e+00             116.589          -5.267e+00             286.026           2.070e+01     
 134.000          45.000           -1.796e+00          -4.503e+00             116.756          -5.133e+00             286.673           2.111e+01     
 135.000          45.000           -1.617e+00          -4.285e+00             116.927          -4.998e+00             287.313           2.153e+01     
 136.000          45.000           -1.440e+00          -4.073e+00             117.101          -4.864e+00             287.946           2.197e+01     
 137.000          45.000           -1.266e+00          -3.866e+00             117.277          -4.730e+00             288.571           2.241e+01     
 138.000          45.000           -1.095e+00          -3.664e+00             117.456          -4.597e+00             289.189           2.287e+01     
 139.000          45.000           -9.268e-01          -3.467e+00             117.637          -4.464e+00             289.800           2.334e+01     
 140.000          45.000           -7.612e-01          -3.275e+00             117.820          -4.332e+00             290.403           2.383e+01     
 141.000          45.000           -5.985e-01          -3.088e+00             118.006          -4.200e+00             290.999           2.433e+01     
 142.000          45.000           -4.387e-01          -2.906e+00             118.192          -4.070e+00             291.587           2.485e+01     
 143.000          45.000           -2.818e-01          -2.729e+00             118.381          -3.940e+00             292.168           2.539e+01     
 144.000          45.000           -1.278e-01          -2.556e+00             118.570          -3.811e+00             292.741           2.595e+01     
 145.000          45.000            2.324e-02          -2.388e+00             118.761          -3.683e+00             293.308           2.654e+01     
 146.000          45.000            1.713e-01          -2.224e+00             118.953          -3.556e+00             293.866           2.715e+01     
 147.000          45.000            3.163e-01          -2.065e+00             119.145          -3.430e+00             294.418           2.779e+01     
 148.000          45.000            4.583e-01          -1.910e+00             119.338          -3.305e+00             294.962           2.847e+01     
 149.000          45.000            5.973e-01          -1.760e+00             119.532          -3.182e+00             295.498           2.918e+01     
 150.000          45.000            7.332e-01          -1.614e+00             119.727          -3.059e+00             296.028           2.994e+01     
 151.000          45.000            8.661e-01          -1.473e+00             119.921          -2.938e+00             296.551           3.075e+01     
 152.000          45.000            9.959e-01          -1.336e+00             120.116          -2.819e+00             297.066           3.162e+01     
 153.000          45.000            1.123e+00          -1.204e+00             120.311          -2.700e+00             297.575           3.257e+01     
 154.000          45.000            1.246e+00          -1.075e+00             120.506          -2.583e+00             298.076           3.360e+01     
 155.000          45.000            1.367e+00          -9.513e-01             120.701          -2.468e+00             298.571           3.474e+01     
 156.000          45.000            1.484e+00          -8.315e-01             120.896          -2.354e+00             299.059           3.603e+01     
 157.000          45.000            1.598e+00          -7.160e-01             121.091          -2.241e+00             299.540           3.751e+01     
 158.000          45.000            1.709e+00          -6.047e-01             121.285          -2.131e+00             300.015           3.924e+01     
 159.000          45.000            1.817e+00          -4.975e-01             121.479          -2.021e+00             300.483           4.000e+01     
 160.000          45.000            1.922e+00          -3.946e-01             121.673          -1.914e+00             300.945           4.000e+01     
 161.000          45.000            2.024e+00          -2.959e-01             121.866          -1.808e+00             301.400           4.000e+01     
 162.000          45.000            2.123e+00          -2.012e-01             122.059          -1.704e+00             301.849           4.000e+01     
 163.000          45.000            2.218e+00          -1.108e-01             122.251          -1.601e+00             302.292           4.000e+01     
 164.000          45.000            2.310e+00          -2.442e-02             122.442          -1.500e+00             302.728           4.000e+01     
 165.000          45.000            2.400e+00           5.782e-02             122.633          -1.401e+00             303.159           4.000e+01     
 166.000          45.000            2.486e+00           1.360e-01             122.822          -1.304e+00             303.583           4.000e+01     
 167.000          45.000            2.569e+00           2.100e-01             123.011          -1.208e+00             304.001           4.000e+01     
 168.000          45.000            2.649e+00           2.800e-01             123.199          -1.114e+00             304.414           3.960e+01     
 169.000          45.000            2.726e+00           3.459e-01             123.386          -1.022e+00             304.821           3.816e+01     
 170.000          45.000            2.799e+00           4.077e-01             123.572          -9.324e-01             305.221           3.694e+01     
 171.000          45.000            2.870e+00           4.655e-01             123.757          -8.441e-01             305.617           3.589e+01     
 172.000          45.000            2.938e+00           5.193e-01             123.942          -7.577e-01             306.006           3.498e+01     
 173.000          45.000            3.002e+00           5.690e-01             124.124          -6.732e-01             306.390           3.417e+01     
 174.000          45.000            3.064e+00           6.147e-01             124.306          -5.905e-01             306.768           3.344e+01     
 175.000          45.000            3.123e+00           6.564e-01             124.487          -5.097e-01             307.141           3.278e+01     
 176.000          45.000            3.178e+00           6.940e-01             124.666          -4.308e-01             307.509           3.218e+01     
 177.000          45.000            3.231e+00           7.277e-01             124.845          -3.538e-01             307.871           3.163e+01     
 178.000          45.000            3.280e+00           7.573e-01             125.022          -2.786e-01             308.227           3.112e+01     
 179.000          45.000            3.327e+00           7.830e-01             125.197          -2.053e-01             308.579           3.065e+01     
 180.000          45.000            3.371e+00           8.047e-01             125.371          -1.340e-01             308.924           3.022e+01     
 179.000         225.000            3.412e+00           8.224e-01             305.544          -6.449e-02             129.265           2.981e+01     
 178.000         225.000            3.450e+00           8.361e-01             305.716           3.154e-03             129.600           2.943e+01     
 177.000         225.000            3.485e+00           8.458e-01             305.886           6.892e-02             129.931           2.908e+01     
 176.000         225.000            3.517e+00           8.516e-01             306.055           1.328e-01             130.256           2.874e+01     
 175.000         225.000            3.547e+00           8.534e-01             306.222           1.949e-01             130.576           2.843e+01     
 174.000         225.000            3.574e+00           8.512e-01             306.388           2.551e-01             130.891           2.813e+01     
 173.000         225.000            3.598e+00           8.451e-01             306.553           3.134e-01             131.201           2.785e+01     
 172.000         225.000            3.619e+00           8.350e-01             306.716           3.699e-01             131.505           2.758e+01     
 171.000         225.000            3.638e+00           8.210e-01             306.878           4.246e-01             131.805           2.733e+01     
 170.000         225.000            3.654e+00           8.030e-01             307.038           4.775e-01             132.100           2.710e+01     
 169.000         225.000            3.667e+00           7.810e-01             307.196           5.285e-01             132.389           2.687e+01     
 168.000         225.000            3.678e+00           7.551e-01             307.353           5.778e-01             132.674           2.666e+01     
 167.000         225.000            3.686e+00           7.252e-01             307.509           6.253e-01             132.953           2.646e+01     
 166.000         225.000            3.691e+00           6.913e-01             307.663           6.710e-01             133.228           2.627e+01     
 165.000         225.000            3.695e+00           6.535e-01             307.815           7.150e-01             133.497           2.609e+01     
 164.000         225.000            3.695e+00           6.117e-01             307.966           7.573e-01             133.762           2.591e+01     
 163.000         225.000            3.694e+00           5.659e-01             308.115           7.979e-01             134.021           2.575e+01     
 162.000         225.000            3.690e+00           5.161e-01             308.263           8.367e-01             134.276           2.560e+01     
 161.000         225.000            3.683e+00           4.623e-01             308.410           8.739e-01             134.525           2.546e+01     
 160.000         225.000            3.675e+00           4.044e-01             308.555           9.094e-01             134.770           2.532e+01     
 159.000         225.000            3.664e+00           3.426e-01             308.698           9.433e-01             135.009           2.519e+01     
 158.000         225.000            3.651e+00           2.767e-01             308.840           9.756e-01             135.243           2.507e+01     
 157.000         225.000            3.635e+00           2.068e-01             308.980           1.006e+00             135.472           2.496e+01     
 156.000         225.000            3.618e+00           1.328e-01             309.119           1.035e+00             135.696           2.486e+01     
 155.000         225.000            3.598e+00           5.470e-02             309.257           1.063e+00             135.915           2.476e+01     
 154.000         225.000            3.577e+00          -2.751e-02             309.394           1.089e+00             136.129           2.468e+01     
 153.000         225.000            3.553e+00          -1.139e-01             309.529           1.113e+00             136.338           2.460e+01     
 152.000         225.000            3.528e+00          -2.044e-01             309.663           1.137e+00             136.542           2.453e+01     
 151.000         225.000            3.501e+00          -2.991e-01             309.795           1.158e+00             136.740           2.446e+01     
 150.000         225.000            3.472e+00          -3.980e-01             309.927           1.178e+00             136.934           2.441e+01     
 149.000         225.000            3.441e+00          -5.012e-01             310.057           1.197e+00             137.122           2.436e+01     
 148.000         225.000            3.408e+00          -6.087e-01             310.187           1.214e+00             137.305           2.432e+01     
 147.000         225.000            3.374e+00          -7.206e-01             310.316           1.230e+00             137.482           2.428e+01     
 146.000         225.000            3.338e+00          -8.368e-01             310.444           1.245e+00             137.655           2.426e+01     
 145.000         225.000            3.301e+00          -9.575e-01             310.571           1.258e+00             137.822           2.425e+01     
 144.000         225.000            3.262e+00          -1.083e+00             310.697           1.270e+00             137.984           2.424e+01     
 143.000         225.000            3.221e+00          -1.212e+00             310.824           1.281e+00             138.140           2.424e+01     
 142.000         225.000            3.180e+00          -1.347e+00             310.949           1.291e+00             138.291           2.425e+01     
 141.000         225.000            3.136e+00          -1.486e+00             311.075           1.299e+00             138.437           2.427e+01     
 140.000         225.000            3.092e+00          -1.630e+00             311.201           1.306e+00             138.578           2.431e+01     
 139.000         225.000            3.047e+00          -1.779e+00             311.327           1.313e+00             138.713           2.435e+01     
 138.000         225.000            3.000e+00          -1.932e+00             311.454           1.318e+00             138.842           2.440e+01     
 137.000         225.000            2.952e+00          -2.091e+00             311.581           1.321e+00             138.966           2.446e+01     
 136.000         225.000            2.904e+00          -2.255e+00             311.709           1.324e+00             139.085           2.454e+01     
 135.000         225.000            2.854e+00          -2.424e+00             311.838           1.326e+00             139.198           2.463e+01     
 134.000         225.000            2.803e+00          -2.599e+00             311.969           1.327e+00             139.306           2.473e+01     
 133.000         225.000            2.752e+00          -2.779e+00             312.101           1.327e+00             139.408           2.484e+01     
 132.000         225.000            2.700e+00          -2.965e+00             312.236           1.326e+00             139.504           2.497e+01     
 131.000         225.000            2.647e+00          -3.157e+00             312.373           1.323e+00             139.596           2.511e+01     
 130.000         225.000            2.594e+00          -3.355e+00             312.514           1.321e+00             139.681           2.528e+01     
 129.000         225.000            2.540e+00          -3.559e+00             312.658           1.317e+00             139.761           2.545e+01     
 128.000         225.000            2.486e+00          -3.770e+00             312.806           1.312e+00             139.835           2.565e+01     
 127.000         225.000            2.431e+00          -3.987e+00             312.959           1.307e+00             139.904           2.587e+01     
 126.000         225.000            2.376e+00          -4.212e+00             313.117           1.300e+00             139.967           2.611e+01     
 125.000         225.000            2.321e+00          -4.443e+00             313.281           1.293e+00             140.024           2.638e+01     
 124.000         225.000            2.265e+00          -4.682e+00             313.452           1.286e+00             140.076           2.667e+01     
 123.000         225.000            2.210e+00          -4.929e+00             313.631           1.277e+00             140.122           2.699e+01     
 122.000         225.000            2.154e+00          -5.185e+00             313.819           1.268e+00             140.163           2.734e+01     
 121.000         225.000            2.098e+00          -5.448e+00             314.017           1.258e+00             140.198           2.773e+01     
 120.000         225.000            2.043e+00          -5.721e+00             314.227           1.248e+00             140.227           2.816e+01     
 119.000         225.000            1.988e+00          -6.004e+00             314.450           1.237e+00             140.250           2.864e+01     
 118.000         225.000            1.933e+00          -6.296e+00             314.687           1.225e+00             140.268           2.917e+01     
 117.000         225.000            1.878e+00          -6.599e+00             314.940           1.213e+00             140.280           2.976e+01     
 116.000         225.000            1.824e+00          -6.913e+00             315.213           1.200e+00             140.287           3.042e+01     
 115.000         225.000            1.770e+00          -7.240e+00             315.507           1.187e+00             140.288           3.117e+01     
 114.000         225.000            1.717e+00          -7.579e+00             315.825           1.173e+00             140.283           3.202e+01     
 113.000         225.000            1.664e+00          -7.931e+00             316.171           1.159e+00             140.273           3.301e+01     
 112.000         225.000            1.612e+00          -8.298e+00             316.548           1.144e+00             140.257           3.416e+01     
 111.000         225.000            1.561e+00          -8.681e+00             316.962           1.129e+00             140.235           3.554e+01     
 110.000         225.000            1.510e+00          -9.081e+00             317.417           1.114e+00             140.208           3.724e+01     
 109.000         225.000            1.461e+00          -9.499e+00             317.920           1.098e+00             140.176           3.942e+01     
 108.000         225.000            1.412e+00          -9.936e+00             318.480           1.081e+00             140.137           4.000e+01     
 107.000         225.000            1.364e+00          -1.040e+01             319.104           1.065e+00             140.094           4.000e+01     
 106.000         225.000            1.318e+00          -1.088e+01             319.805           1.048e+00             140.045           4.000e+01     
 105.000         225.000            1.273e+00          -1.139e+01             320.597           1.030e+00             139.990           4.000e+01     
 104.000         225.000            1.228e+00          -1.192e+01             321.495           1.013e+00             139.930           4.000e+01     
 103.000         225.000            1.185e+00          -1.249e+01             322.523           9.948e-01             139.864           4.000e+01     
 102.000         225.000            1.144e+00          -1.309e+01             323.707           9.766e-01             139.793           3.772e+01     
 101.000         225.000            1.103e+00          -1.373e+01             325.081           9.581e-01             139.717           3.556e+01     
 100.000         225.000            1.064e+00          -1.441e+01             326.690           9.393e-01             139.636           3.381e+01     
  99.000         225.000            1.027e+00          -1.514e+01             328.593           9.203e-01             139.549           3.234e+01     
  98.000         225.000            9.904e-01          -1.592e+01             330.865           9.010e-01             139.457           3.107e+01     
  97.000         225.000            9.558e-01          -1.675e+01             333.611           8.815e-01             139.360           2.994e+01     
  96.000         225.000            9.227e-01          -1.763e+01             336.968           8.617e-01             139.257           2.894e+01     
  95.000         225.000            8.911e-01          -1.857e+01             341.122           8.417e-01             139.150           2.804e+01     
  94.000         225.000            8.611e-01          -1.956e+01             346.315           8.215e-01             139.037           2.722e+01     
  93.000         225.000            8.328e-01          -2.055e+01             352.846           8.011e-01             138.920           2.646e+01     
  92.000         225.000            8.060e-01          -2.151e+01               1.030           7.805e-01             138.797           2.577e+01     
  91.000         225.000            7.809e-01          -2.233e+01              11.071           7.596e-01             138.670           2.513e+01     
  90.000         225.000            7.574e-01          -2.288e+01              22.812           7.386e-01             138.537           2.453e+01     
  89.000         225.000            7.356e-01          -2.303e+01              35.507           7.173e-01             138.400           2.397e+01     
  88.000         225.000            7.155e-01          -2.275e+01              47.957           6.959e-01             138.258           2.345e+01     
  87.000         225.000            6.969e-01          -2.213e+01              59.087           6.742e-01             138.112           2.296e+01     
  86.000         225.000            6.801e-01          -2.128e+01              68.391           6.523e-01             137.960           2.250e+01     
  85.000         225.000            6.648e-01          -2.034e+01              75.885           6.302e-01             137.805           2.207e+01     
  84.000         225.000            6.512e-01          -1.939e+01              81.840           6.079e-01             137.644           2.167e+01     
  83.000         225.000            6.392e-01          -1.846e+01              86.574           5.854e-01             137.479           2.129e+01     
  82.000         225.000            6.287e-01          -1.758e+01              90.365           5.626e-01             137.310           2.093e+01     
  81.000         225.000            6.198e-01          -1.675e+01              93.433           5.396e-01             137.136           2.059e+01     
  80.000         225.000            6.125e-01          -1.599e+01              95.944           5.164e-01             136.958           2.027e+01     
  79.000         225.000            6.066e-01          -1.527e+01              98.020           4.928e-01             136.776           1.997e+01     
  78.000         225.000            6.021e-01          -1.460e+01              99.754           4.690e-01             136.589           1.969e+01     
  77.000         225.000            5.991e-01          -1.398e+01             101.215           4.450e-01             136.399           1.942e+01     
  76.000         225.000            5.974e-01          -1.340e+01             102.455           4.206e-01             136.204           1.917e+01     
  75.000         225.000            5.970e-01          -1.285e+01             103.515           3.960e-01             136.006           1.893e+01     
  74.000         225.000            5.979e-01          -1.233e+01             104.426           3.710e-01             135.803           1.871e+01     
  73.000         225.000            6.000e-01          -1.185e+01             105.212           3.457e-01             135.596           1.850e+01     
  72.000         225.000            6.032e-01          -1.139e+01             105.894           3.200e-01             135.386           1.831e+01     
  71.000         225.000            6.075e-01          -1.096e+01             106.487           2.940e-01             135.172           1.813e+01     
  70.000         225.000            6.129e-01          -1.055e+01             107.005           2.675e-01             134.954           1.796e+01     
  69.000         225.000            6.192e-01          -1.017e+01             107.456           2.407e-01             134.732           1.780e+01     
  68.000         225.000            6.264e-01          -9.798e+00             107.851           2.135e-01             134.507           1.765e+01     
  67.000         225.000            6.344e-01          -9.447e+00             108.196           1.858e-01             134.279           1.751e+01     
  66.000         225.000            6.432e-01          -9.112e+00             108.498           1.576e-01             134.046           1.739e+01     
  65.000         225.000            6.527e-01          -8.793e+00             108.762           1.289e-01             133.811           1.727e+01     
  64.000         225.000            6.628e-01          -8.488e+00             108.992           9.976e-02             133.572           1.717e+01     
  63.000         225.000            6.734e-01          -8.197e+00             109.191           7.005e-02             133.329           1.707e+01     
  62.000         225.000            6.845e-01          -7.918e+00             109.364           3.979e-02             133.084           1.698e+01     
  61.000         225.000            6.960e-01          -7.651e+00             109.512           8.944e-03             132.835           1.691e+01     
  60.000         225.000            7.078e-01          -7.395e+00             109.639          -2.251e-02             132.583           1.684e+01     
  59.000         225.000            7.199e-01          -7.149e+00             109.747          -5.460e-02             132.328           1.678e+01     
  58.000         225.000            7.321e-01          -6.914e+00             109.836          -8.735e-02             132.069           1.672e+01     
  57.000         225.000            7.444e-01          -6.688e+00             109.910          -1.208e-01             131.808           1.668e+01     
  56.000         225.000            7.567e-01          -6.471e+00             109.969          -1.549e-01             131.544           1.664e+01     
  55.000         225.000            7.690e-01          -6.262e+00             110.015          -1.898e-01             131.276           1.661e+01     
  54.000         225.000            7.811e-01          -6.062e+00             110.049          -2.255e-01             131.006           1.659e+01     
  53.000         225.000            7.930e-01          -5.869e+00             110.072          -2.620e-01             130.732           1.658e+01     
  52.000         225.000            8.046e-01          -5.685e+00             110.085          -2.993e-01             130.456           1.657e+01     
  51.000         225.000            8.158e-01          -5.507e+00             110.089          -3.374e-01             130.177           1.657e+01     
  50.000         225.000            8.265e-01          -5.336e+00             110.084          -3.765e-01             129.895           1.657e+01     
  49.000         225.000            8.368e-01          -5.172e+00             110.072          -4.164e-01             129.611           1.659e+01     
  48.000         225.000            8.465e-01          -5.015e+00             110.052          -4.573e-01             129.323           1.661e+01     
  47.000         225.000            8.555e-01          -4.864e+00             110.026          -4.992e-01             129.033           1.663e+01     
  46.000         225.000            8.638e-01          -4.719e+00             109.994          -5.421e-01             128.740           1.666e+01     
  45.000         225.000            8.712e-01          -4.579e+00             109.956          -5.860e-01             128.444           1.670e+01     
  44.000         225.000            8.778e-01          -4.446e+00             109.913          -6.310e-01             128.146           1.674e+01     
  43.000         225.000            8.835e-01          -4.318e+00             109.865          -6.771e-01             127.845           1.679e+01     
  42.000         225.000            8.882e-01          -4.196e+00             109.812          -7.243e-01             127.541           1.685e+01     
  41.000         225.000            8.918e-01          -4.079e+00             109.756          -7.727e-01             127.234           1.691e+01     
  40.000         225.000            8.942e-01          -3.967e+00             109.696          -8.223e-01             126.925           1.697e+01     
  39.000         225.000            8.955e-01          -3.861e+00             109.632          -8.730e-01             126.613           1.705e+01     
  38.000         225.000            8.955e-01          -3.759e+00             109.565          -9.251e-01             126.298           1.712e+01     
  37.000         225.000            8.942e-01          -3.662e+00             109.495          -9.784e-01             125.980           1.721e+01     
  36.000         225.000            8.915e-01          -3.570e+00             109.421          -1.033e+00             125.660           1.729e+01     
  35.000         225.000            8.874e-01          -3.483e+00             109.346          -1.089e+00             125.336           1.739e+01     
  34.000         225.000            8.818e-01          -3.400e+00             109.268          -1.146e+00             125.010           1.749e+01     
  33.000         225.000            8.746e-01          -3.322e+00             109.187          -1.205e+00             124.681           1.759e+01     
  32.000         225.000            8.659e-01          -3.248e+00             109.104          -1.265e+00             124.349           1.770e+01     
  31.000         225.000            8.555e-01          -3.179e+00             109.019          -1.326e+00             124.014           1.782e+01     
  30.000         225.000            8.435e-01          -3.114e+00             108.933          -1.389e+00             123.677           1.794e+01     
  29.000         225.000            8.297e-01          -3.054e+00             108.844          -1.454e+00             123.336           1.807e+01     
  28.000         225.000            8.141e-01          -2.998e+00             108.754          -1.520e+00             122.992           1.820e+01     
  27.000         225.000            7.967e-01          -2.946e+00             108.662          -1.587e+00             122.645           1.834e+01     
  26.000         225.000            7.775e-01          -2.898e+00             108.568          -1.656e+00             122.294           1.848e+01     
  25.000         225.000            7.563e-01          -2.854e+00             108.473          -1.727e+00             121.941           1.863e+01     
  24.000         225.000            7.332e-01          -2.814e+00             108.377          -1.799e+00             121.584           1.879e+01     
  23.000         225.000            7.081e-01          -2.778e+00             108.279          -1.873e+00             121.223           1.895e+01     
  22.000         225.000            6.809e-01          -2.747e+00             108.179          -1.949e+00             120.860           1.912e+01     
  21.000         225.000            6.518e-01          -2.719e+00             108.079          -2.026e+00             120.492           1.930e+01     
  20.000         225.000            6.205e-01          -2.695e+00             107.977          -2.105e+00             120.121           1.948e+01     
  19.000         225.000            5.871e-01          -2.675e+00             107.874          -2.185e+00             119.746           1.968e+01     
  18.000         225.000            5.516e-01          -2.659e+00             107.770          -2.267e+00             119.367           1.988e+01     
  17.000         225.000            5.139e-01          -2.647e+00             107.664          -2.351e+00             118.984           2.008e+01     
  16.000         225.000            4.740e-01          -2.638e+00             107.558          -2.437e+00             118.598           2.030e+01     
  15.000         225.000            4.319e-01          -2.634e+00             107.450          -2.524e+00             118.207           2.052e+01     
  14.000         225.000            3.875e-01          -2.633e+00             107.341          -2.613e+00             117.811           2.076e+01     
  13.000         225.000            3.409e-01          -2.635e+00             107.231          -2.704e+00             117.412           2.100e+01     
  12.000         225.000            2.919e-01          -2.642e+00             107.119          -2.796e+00             117.007           2.126e+01     
  11.000         225.000            2.407e-01          -2.652e+00             107.007          -2.890e+00             116.598           2.153e+01     
  10.000         225.000            1.872e-01          -2.666e+00             106.893          -2.986e+00             116.184           2.181e+01     
   9.000         225.000            1.313e-01          -2.683e+00             106.778          -3.084e+00             115.765           2.210e+01     
   8.000         225.000            7.309e-02          -2.704e+00             106.662          -3.183e+00             115.342           2.241e+01     
   7.000         225.000            1.252e-02          -2.729e+00             106.545          -3.284e+00             114.912           2.273e+01     
   6.000         225.000           -5.040e-02          -2.757e+00             106.426          -3.387e+00             114.478           2.307e+01     
   5.000         225.000           -1.157e-01          -2.789e+00             106.306          -3.492e+00             114.038           2.343e+01     
   4.000         225.000           -1.834e-01          -2.824e+00             106.185          -3.598e+00             113.592           2.381e+01     
   3.000         225.000           -2.534e-01          -2.863e+00             106.062          -3.706e+00             113.140           2.422e+01     
   2.000         225.000           -3.258e-01          -2.905e+00             105.938          -3.815e+00             112.682           2.464e+01     
   1.000         225.000           -4.006e-01          -2.951e+00             105.813          -3.926e+00             112.218           2.510e+01     
