Theta [deg.]  Phi   [deg.]  Abs(Dir.)[dBi   ]   Abs(Theta)[dBi   ]  Phase(Theta)[deg.]  Abs(Phi  )[dBi   ]  Phase(Phi  )[deg.]  Ax.Ratio[dB    ]    
------------------------------------------------------------------------------------------------------------------------------------------------------
   0.000           0.000           -2.519e+00          -1.006e+01              28.482          -3.361e+00             251.117           1.112e+01     
   1.000           0.000           -2.672e+00          -1.012e+01              28.288          -3.534e+00             249.600           1.130e+01     
   2.000           0.000           -2.825e+00          -1.018e+01              28.099          -3.706e+00             248.041           1.150e+01     
   3.000           0.000           -2.975e+00          -1.025e+01              27.915          -3.875e+00             246.440           1.172e+01     
   4.000           0.000           -3.124e+00          -1.032e+01              27.735          -4.042e+00             244.798           1.198e+01     
   5.000           0.000           -3.271e+00          -1.040e+01              27.560          -4.206e+00             243.114           1.227e+01     
   6.000           0.000           -3.415e+00          -1.048e+01              27.389          -4.367e+00             241.390           1.260e+01     
   7.000           0.000           -3.557e+00          -1.056e+01              27.224          -4.523e+00             239.625           1.296e+01     
   8.000           0.000           -3.696e+00          -1.064e+01              27.064          -4.675e+00             237.821           1.336e+01     
   9.000           0.000           -3.831e+00          -1.073e+01              26.909          -4.821e+00             235.978           1.381e+01     
  10.000           0.000           -3.962e+00          -1.083e+01              26.759          -4.962e+00             234.099           1.431e+01     
  11.000           0.000           -4.089e+00          -1.093e+01              26.616          -5.097e+00             232.187           1.486e+01     
  12.000           0.000           -4.212e+00          -1.103e+01              26.477          -5.225e+00             230.242           1.548e+01     
  13.000           0.000           -4.329e+00          -1.113e+01              26.345          -5.346e+00             228.268           1.617e+01     
  14.000           0.000           -4.442e+00          -1.124e+01              26.219          -5.459e+00             226.269           1.694e+01     
  15.000           0.000           -4.549e+00          -1.136e+01              26.099          -5.564e+00             224.248           1.781e+01     
  16.000           0.000           -4.650e+00          -1.148e+01              25.986          -5.661e+00             222.210           1.880e+01     
  17.000           0.000           -4.745e+00          -1.160e+01              25.879          -5.749e+00             220.158           1.993e+01     
  18.000           0.000           -4.834e+00          -1.173e+01              25.779          -5.827e+00             218.097           2.124e+01     
  19.000           0.000           -4.916e+00          -1.186e+01              25.687          -5.897e+00             216.032           2.279e+01     
  20.000           0.000           -4.992e+00          -1.200e+01              25.602          -5.957e+00             213.968           2.468e+01     
  21.000           0.000           -5.060e+00          -1.214e+01              25.525          -6.007e+00             211.909           2.709e+01     
  22.000           0.000           -5.122e+00          -1.229e+01              25.456          -6.048e+00             209.863           3.037e+01     
  23.000           0.000           -5.177e+00          -1.244e+01              25.396          -6.080e+00             207.832           3.560e+01     
  24.000           0.000           -5.225e+00          -1.260e+01              25.344          -6.103e+00             205.822           4.000e+01     
  25.000           0.000           -5.266e+00          -1.276e+01              25.302          -6.117e+00             203.838           4.000e+01     
  26.000           0.000           -5.301e+00          -1.293e+01              25.269          -6.123e+00             201.883           3.303e+01     
  27.000           0.000           -5.329e+00          -1.311e+01              25.247          -6.120e+00             199.963           2.928e+01     
  28.000           0.000           -5.350e+00          -1.329e+01              25.235          -6.110e+00             198.081           2.678e+01     
  29.000           0.000           -5.365e+00          -1.348e+01              25.235          -6.093e+00             196.240           2.494e+01     
  30.000           0.000           -5.374e+00          -1.368e+01              25.247          -6.069e+00             194.443           2.350e+01     
  31.000           0.000           -5.378e+00          -1.388e+01              25.271          -6.038e+00             192.694           2.236e+01     
  32.000           0.000           -5.376e+00          -1.409e+01              25.309          -6.002e+00             190.993           2.142e+01     
  33.000           0.000           -5.369e+00          -1.431e+01              25.362          -5.961e+00             189.343           2.065e+01     
  34.000           0.000           -5.358e+00          -1.454e+01              25.430          -5.916e+00             187.746           2.001e+01     
  35.000           0.000           -5.342e+00          -1.478e+01              25.514          -5.867e+00             186.202           1.947e+01     
  36.000           0.000           -5.322e+00          -1.502e+01              25.616          -5.814e+00             184.712           1.904e+01     
  37.000           0.000           -5.298e+00          -1.528e+01              25.737          -5.758e+00             183.276           1.868e+01     
  38.000           0.000           -5.271e+00          -1.554e+01              25.879          -5.700e+00             181.896           1.839e+01     
  39.000           0.000           -5.242e+00          -1.582e+01              26.044          -5.640e+00             180.570           1.817e+01     
  40.000           0.000           -5.209e+00          -1.611e+01              26.233          -5.578e+00             179.299           1.801e+01     
  41.000           0.000           -5.175e+00          -1.640e+01              26.449          -5.515e+00             178.082           1.789e+01     
  42.000           0.000           -5.139e+00          -1.672e+01              26.694          -5.452e+00             176.919           1.783e+01     
  43.000           0.000           -5.101e+00          -1.704e+01              26.973          -5.388e+00             175.808           1.781e+01     
  44.000           0.000           -5.062e+00          -1.738e+01              27.287          -5.324e+00             174.750           1.783e+01     
  45.000           0.000           -5.022e+00          -1.774e+01              27.643          -5.261e+00             173.743           1.789e+01     
  46.000           0.000           -4.982e+00          -1.811e+01              28.044          -5.198e+00             172.786           1.798e+01     
  47.000           0.000           -4.941e+00          -1.851e+01              28.497          -5.136e+00             171.878           1.812e+01     
  48.000           0.000           -4.900e+00          -1.892e+01              29.009          -5.075e+00             171.019           1.828e+01     
  49.000           0.000           -4.859e+00          -1.935e+01              29.589          -5.016e+00             170.208           1.848e+01     
  50.000           0.000           -4.818e+00          -1.981e+01              30.246          -4.958e+00             169.442           1.871e+01     
  51.000           0.000           -4.778e+00          -2.030e+01              30.995          -4.901e+00             168.723           1.898e+01     
  52.000           0.000           -4.738e+00          -2.081e+01              31.851          -4.847e+00             168.047           1.927e+01     
  53.000           0.000           -4.700e+00          -2.136e+01              32.833          -4.795e+00             167.416           1.960e+01     
  54.000           0.000           -4.662e+00          -2.194e+01              33.969          -4.745e+00             166.827           1.997e+01     
  55.000           0.000           -4.626e+00          -2.256e+01              35.288          -4.697e+00             166.279           2.036e+01     
  56.000           0.000           -4.591e+00          -2.322e+01              36.835          -4.651e+00             165.773           2.080e+01     
  57.000           0.000           -4.557e+00          -2.393e+01              38.665          -4.608e+00             165.307           2.127e+01     
  58.000           0.000           -4.525e+00          -2.470e+01              40.851          -4.567e+00             164.881           2.179e+01     
  59.000           0.000           -4.495e+00          -2.552e+01              43.494          -4.529e+00             164.493           2.235e+01     
  60.000           0.000           -4.466e+00          -2.641e+01              46.731          -4.494e+00             164.144           2.296e+01     
  61.000           0.000           -4.439e+00          -2.736e+01              50.748          -4.461e+00             163.832           2.363e+01     
  62.000           0.000           -4.414e+00          -2.836e+01              55.801          -4.432e+00             163.557           2.436e+01     
  63.000           0.000           -4.391e+00          -2.940e+01              62.219          -4.405e+00             163.319           2.516e+01     
  64.000           0.000           -4.370e+00          -3.043e+01              70.386          -4.380e+00             163.116           2.606e+01     
  65.000           0.000           -4.350e+00          -3.134e+01              80.625          -4.359e+00             162.950           2.706e+01     
  66.000           0.000           -4.333e+00          -3.198e+01              92.906          -4.341e+00             162.819           2.819e+01     
  67.000           0.000           -4.318e+00          -3.220e+01             106.497          -4.325e+00             162.723           2.948e+01     
  68.000           0.000           -4.305e+00          -3.193e+01             120.004          -4.312e+00             162.662           3.100e+01     
  69.000           0.000           -4.294e+00          -3.125e+01             132.084          -4.302e+00             162.635           3.284e+01     
  70.000           0.000           -4.285e+00          -3.032e+01             142.095          -4.296e+00             162.643           3.514e+01     
  71.000           0.000           -4.278e+00          -2.929e+01             150.068          -4.292e+00             162.686           3.824e+01     
  72.000           0.000           -4.273e+00          -2.825e+01             156.344          -4.290e+00             162.763           4.000e+01     
  73.000           0.000           -4.270e+00          -2.726e+01             161.304          -4.292e+00             162.874           4.000e+01     
  74.000           0.000           -4.270e+00          -2.632e+01             165.270          -4.297e+00             163.020           4.000e+01     
  75.000           0.000           -4.271e+00          -2.544e+01             168.487          -4.304e+00             163.200           4.000e+01     
  76.000           0.000           -4.274e+00          -2.462e+01             171.135          -4.314e+00             163.415           3.782e+01     
  77.000           0.000           -4.279e+00          -2.387e+01             173.348          -4.327e+00             163.665           3.512e+01     
  78.000           0.000           -4.287e+00          -2.316e+01             175.221          -4.343e+00             163.950           3.311e+01     
  79.000           0.000           -4.296e+00          -2.251e+01             176.825          -4.362e+00             164.271           3.153e+01     
  80.000           0.000           -4.306e+00          -2.189e+01             178.216          -4.383e+00             164.627           3.024e+01     
  81.000           0.000           -4.319e+00          -2.132e+01             179.433          -4.406e+00             165.020           2.915e+01     
  82.000           0.000           -4.333e+00          -2.078e+01             180.509          -4.432e+00             165.449           2.824e+01     
  83.000           0.000           -4.348e+00          -2.027e+01             181.467          -4.461e+00             165.915           2.745e+01     
  84.000           0.000           -4.365e+00          -1.979e+01             182.327          -4.492e+00             166.419           2.677e+01     
  85.000           0.000           -4.384e+00          -1.933e+01             183.106          -4.525e+00             166.960           2.619e+01     
  86.000           0.000           -4.403e+00          -1.890e+01             183.814          -4.560e+00             167.541           2.568e+01     
  87.000           0.000           -4.424e+00          -1.849e+01             184.463          -4.598e+00             168.160           2.525e+01     
  88.000           0.000           -4.446e+00          -1.810e+01             185.062          -4.637e+00             168.820           2.489e+01     
  89.000           0.000           -4.468e+00          -1.773e+01             185.616          -4.678e+00             169.520           2.459e+01     
  90.000           0.000           -4.492e+00          -1.738e+01             186.132          -4.721e+00             170.261           2.435e+01     
  91.000           0.000           -4.515e+00          -1.704e+01             186.614          -4.765e+00             171.044           2.416e+01     
  92.000           0.000           -4.540e+00          -1.671e+01             187.068          -4.811e+00             171.870           2.404e+01     
  93.000           0.000           -4.564e+00          -1.640e+01             187.496          -4.858e+00             172.739           2.398e+01     
  94.000           0.000           -4.588e+00          -1.610e+01             187.901          -4.906e+00             173.652           2.398e+01     
  95.000           0.000           -4.612e+00          -1.582e+01             188.286          -4.955e+00             174.610           2.404e+01     
  96.000           0.000           -4.636e+00          -1.554e+01             188.654          -5.004e+00             175.613           2.417e+01     
  97.000           0.000           -4.659e+00          -1.528e+01             189.005          -5.053e+00             176.662           2.438e+01     
  98.000           0.000           -4.681e+00          -1.502e+01             189.343          -5.103e+00             177.758           2.468e+01     
  99.000           0.000           -4.702e+00          -1.478e+01             189.668          -5.152e+00             178.902           2.507e+01     
 100.000           0.000           -4.722e+00          -1.454e+01             189.982          -5.200e+00             180.092           2.558e+01     
 101.000           0.000           -4.740e+00          -1.431e+01             190.285          -5.248e+00             181.331           2.622e+01     
 102.000           0.000           -4.756e+00          -1.409e+01             190.580          -5.294e+00             182.617           2.703e+01     
 103.000           0.000           -4.770e+00          -1.388e+01             190.866          -5.339e+00             183.952           2.806e+01     
 104.000           0.000           -4.781e+00          -1.368e+01             191.145          -5.381e+00             185.335           2.938e+01     
 105.000           0.000           -4.790e+00          -1.348e+01             191.417          -5.421e+00             186.766           3.113e+01     
 106.000           0.000           -4.795e+00          -1.329e+01             191.683          -5.459e+00             188.245           3.359e+01     
 107.000           0.000           -4.798e+00          -1.310e+01             191.943          -5.492e+00             189.770           3.742e+01     
 108.000           0.000           -4.796e+00          -1.292e+01             192.198          -5.523e+00             191.341           4.000e+01     
 109.000           0.000           -4.791e+00          -1.275e+01             192.449          -5.549e+00             192.956           4.000e+01     
 110.000           0.000           -4.782e+00          -1.258e+01             192.695          -5.570e+00             194.615           3.808e+01     
 111.000           0.000           -4.768e+00          -1.242e+01             192.938          -5.586e+00             196.315           3.306e+01     
 112.000           0.000           -4.749e+00          -1.226e+01             193.177          -5.597e+00             198.055           2.976e+01     
 113.000           0.000           -4.726e+00          -1.211e+01             193.413          -5.602e+00             199.832           2.727e+01     
 114.000           0.000           -4.698e+00          -1.196e+01             193.646          -5.600e+00             201.643           2.527e+01     
 115.000           0.000           -4.664e+00          -1.182e+01             193.876          -5.592e+00             203.486           2.360e+01     
 116.000           0.000           -4.625e+00          -1.168e+01             194.103          -5.577e+00             205.357           2.215e+01     
 117.000           0.000           -4.581e+00          -1.155e+01             194.328          -5.554e+00             207.253           2.088e+01     
 118.000           0.000           -4.531e+00          -1.142e+01             194.551          -5.524e+00             209.171           1.975e+01     
 119.000           0.000           -4.475e+00          -1.130e+01             194.772          -5.486e+00             211.106           1.874e+01     
 120.000           0.000           -4.414e+00          -1.118e+01             194.990          -5.441e+00             213.055           1.782e+01     
 121.000           0.000           -4.347e+00          -1.107e+01             195.207          -5.387e+00             215.013           1.699e+01     
 122.000           0.000           -4.275e+00          -1.095e+01             195.422          -5.325e+00             216.976           1.622e+01     
 123.000           0.000           -4.197e+00          -1.085e+01             195.636          -5.255e+00             218.941           1.552e+01     
 124.000           0.000           -4.113e+00          -1.074e+01             195.848          -5.178e+00             220.903           1.488e+01     
 125.000           0.000           -4.025e+00          -1.064e+01             196.058          -5.092e+00             222.859           1.429e+01     
 126.000           0.000           -3.931e+00          -1.055e+01             196.267          -4.999e+00             224.804           1.374e+01     
 127.000           0.000           -3.832e+00          -1.045e+01             196.474          -4.899e+00             226.735           1.324e+01     
 128.000           0.000           -3.729e+00          -1.036e+01             196.680          -4.791e+00             228.649           1.277e+01     
 129.000           0.000           -3.621e+00          -1.028e+01             196.884          -4.677e+00             230.542           1.235e+01     
 130.000           0.000           -3.508e+00          -1.020e+01             197.087          -4.556e+00             232.412           1.196e+01     
 131.000           0.000           -3.392e+00          -1.012e+01             197.288          -4.430e+00             234.256           1.160e+01     
 132.000           0.000           -3.272e+00          -1.004e+01             197.489          -4.298e+00             236.072           1.127e+01     
 133.000           0.000           -3.148e+00          -9.970e+00             197.687          -4.160e+00             237.857           1.097e+01     
 134.000           0.000           -3.021e+00          -9.901e+00             197.885          -4.018e+00             239.611           1.070e+01     
 135.000           0.000           -2.891e+00          -9.835e+00             198.081          -3.872e+00             241.332           1.046e+01     
 136.000           0.000           -2.759e+00          -9.773e+00             198.275          -3.722e+00             243.018           1.024e+01     
 137.000           0.000           -2.624e+00          -9.713e+00             198.468          -3.568e+00             244.669           1.005e+01     
 138.000           0.000           -2.486e+00          -9.657e+00             198.659          -3.411e+00             246.284           9.875e+00     
 139.000           0.000           -2.347e+00          -9.604e+00             198.849          -3.252e+00             247.864           9.725e+00     
 140.000           0.000           -2.206e+00          -9.554e+00             199.038          -3.090e+00             249.407           9.595e+00     
 141.000           0.000           -2.064e+00          -9.506e+00             199.225          -2.927e+00             250.914           9.485e+00     
 142.000           0.000           -1.921e+00          -9.462e+00             199.410          -2.762e+00             252.385           9.393e+00     
 143.000           0.000           -1.776e+00          -9.421e+00             199.593          -2.596e+00             253.820           9.319e+00     
 144.000           0.000           -1.631e+00          -9.383e+00             199.775          -2.429e+00             255.219           9.262e+00     
 145.000           0.000           -1.486e+00          -9.347e+00             199.955          -2.262e+00             256.585           9.221e+00     
 146.000           0.000           -1.340e+00          -9.315e+00             200.133          -2.094e+00             257.915           9.194e+00     
 147.000           0.000           -1.194e+00          -9.285e+00             200.309          -1.926e+00             259.213           9.181e+00     
 148.000           0.000           -1.048e+00          -9.258e+00             200.483          -1.759e+00             260.478           9.181e+00     
 149.000           0.000           -9.019e-01          -9.235e+00             200.656          -1.591e+00             261.711           9.194e+00     
 150.000           0.000           -7.564e-01          -9.214e+00             200.826          -1.425e+00             262.913           9.217e+00     
 151.000           0.000           -6.114e-01          -9.195e+00             200.993          -1.259e+00             264.085           9.252e+00     
 152.000           0.000           -4.671e-01          -9.180e+00             201.159          -1.094e+00             265.227           9.296e+00     
 153.000           0.000           -3.234e-01          -9.168e+00             201.322          -9.307e-01             266.341           9.350e+00     
 154.000           0.000           -1.806e-01          -9.158e+00             201.483          -7.683e-01             267.427           9.413e+00     
 155.000           0.000           -3.879e-02          -9.151e+00             201.641          -6.072e-01             268.487           9.483e+00     
 156.000           0.000            1.020e-01          -9.147e+00             201.797          -4.476e-01             269.521           9.561e+00     
 157.000           0.000            2.416e-01          -9.146e+00             201.950          -2.897e-01             270.530           9.646e+00     
 158.000           0.000            3.801e-01          -9.147e+00             202.101          -1.333e-01             271.514           9.737e+00     
 159.000           0.000            5.172e-01          -9.152e+00             202.248           2.123e-02             272.475           9.834e+00     
 160.000           0.000            6.530e-01          -9.159e+00             202.393           1.740e-01             273.414           9.937e+00     
 161.000           0.000            7.873e-01          -9.169e+00             202.534           3.249e-01             274.330           1.005e+01     
 162.000           0.000            9.202e-01          -9.182e+00             202.672           4.738e-01             275.225           1.016e+01     
 163.000           0.000            1.052e+00          -9.198e+00             202.807           6.208e-01             276.100           1.028e+01     
 164.000           0.000            1.181e+00          -9.216e+00             202.939           7.658e-01             276.955           1.040e+01     
 165.000           0.000            1.310e+00          -9.237e+00             203.067           9.087e-01             277.791           1.052e+01     
 166.000           0.000            1.436e+00          -9.262e+00             203.192           1.050e+00             278.608           1.065e+01     
 167.000           0.000            1.561e+00          -9.289e+00             203.313           1.188e+00             279.408           1.078e+01     
 168.000           0.000            1.684e+00          -9.319e+00             203.430           1.325e+00             280.190           1.092e+01     
 169.000           0.000            1.806e+00          -9.351e+00             203.543           1.459e+00             280.955           1.106e+01     
 170.000           0.000            1.925e+00          -9.387e+00             203.652           1.592e+00             281.703           1.120e+01     
 171.000           0.000            2.043e+00          -9.426e+00             203.757           1.722e+00             282.436           1.135e+01     
 172.000           0.000            2.159e+00          -9.467e+00             203.857           1.850e+00             283.154           1.149e+01     
 173.000           0.000            2.274e+00          -9.511e+00             203.953           1.976e+00             283.856           1.164e+01     
 174.000           0.000            2.386e+00          -9.559e+00             204.044           2.100e+00             284.544           1.180e+01     
 175.000           0.000            2.497e+00          -9.609e+00             204.130           2.221e+00             285.218           1.195e+01     
 176.000           0.000            2.606e+00          -9.662e+00             204.211           2.341e+00             285.878           1.211e+01     
 177.000           0.000            2.713e+00          -9.719e+00             204.288           2.458e+00             286.525           1.227e+01     
 178.000           0.000            2.819e+00          -9.778e+00             204.358           2.573e+00             287.159           1.243e+01     
 179.000           0.000            2.922e+00          -9.841e+00             204.423           2.686e+00             287.780           1.259e+01     
 180.000           0.000            3.024e+00          -9.906e+00             204.483           2.797e+00             288.388           1.276e+01     
 179.000         180.000            3.124e+00          -9.975e+00              24.537           2.906e+00             108.984           1.293e+01     
 178.000         180.000            3.222e+00          -1.005e+01              24.584           3.012e+00             109.569           1.310e+01     
 177.000         180.000            3.318e+00          -1.012e+01              24.625           3.117e+00             110.142           1.327e+01     
 176.000         180.000            3.413e+00          -1.020e+01              24.659           3.219e+00             110.704           1.344e+01     
 175.000         180.000            3.505e+00          -1.028e+01              24.687           3.320e+00             111.255           1.362e+01     
 174.000         180.000            3.596e+00          -1.037e+01              24.707           3.418e+00             111.795           1.380e+01     
 173.000         180.000            3.685e+00          -1.045e+01              24.721           3.514e+00             112.324           1.398e+01     
 172.000         180.000            3.773e+00          -1.055e+01              24.726           3.609e+00             112.842           1.416e+01     
 171.000         180.000            3.858e+00          -1.064e+01              24.724           3.701e+00             113.351           1.434e+01     
 170.000         180.000            3.942e+00          -1.074e+01              24.713           3.792e+00             113.849           1.453e+01     
 169.000         180.000            4.024e+00          -1.084e+01              24.694           3.880e+00             114.338           1.472e+01     
 168.000         180.000            4.104e+00          -1.095e+01              24.666           3.966e+00             114.816           1.491e+01     
 167.000         180.000            4.183e+00          -1.105e+01              24.628           4.051e+00             115.285           1.511e+01     
 166.000         180.000            4.260e+00          -1.117e+01              24.581           4.134e+00             115.744           1.530e+01     
 165.000         180.000            4.335e+00          -1.128e+01              24.524           4.214e+00             116.194           1.550e+01     
 164.000         180.000            4.408e+00          -1.140e+01              24.456           4.293e+00             116.635           1.570e+01     
 163.000         180.000            4.480e+00          -1.153e+01              24.377           4.370e+00             117.066           1.591e+01     
 162.000         180.000            4.550e+00          -1.166e+01              24.287           4.445e+00             117.489           1.612e+01     
 161.000         180.000            4.619e+00          -1.179e+01              24.185           4.518e+00             117.902           1.633e+01     
 160.000         180.000            4.686e+00          -1.192e+01              24.070           4.590e+00             118.306           1.654e+01     
 159.000         180.000            4.751e+00          -1.207e+01              23.942           4.660e+00             118.702           1.676e+01     
 158.000         180.000            4.815e+00          -1.221e+01              23.800           4.728e+00             119.089           1.698e+01     
 157.000         180.000            4.877e+00          -1.236e+01              23.643           4.794e+00             119.467           1.720e+01     
 156.000         180.000            4.937e+00          -1.251e+01              23.472           4.858e+00             119.837           1.743e+01     
 155.000         180.000            4.996e+00          -1.267e+01              23.284           4.921e+00             120.198           1.766e+01     
 154.000         180.000            5.053e+00          -1.283e+01              23.079           4.982e+00             120.551           1.789e+01     
 153.000         180.000            5.109e+00          -1.300e+01              22.856           5.041e+00             120.895           1.813e+01     
 152.000         180.000            5.163e+00          -1.318e+01              22.614           5.099e+00             121.231           1.838e+01     
 151.000         180.000            5.215e+00          -1.335e+01              22.352           5.154e+00             121.559           1.862e+01     
 150.000         180.000            5.266e+00          -1.354e+01              22.069           5.209e+00             121.878           1.888e+01     
 149.000         180.000            5.316e+00          -1.373e+01              21.763           5.261e+00             122.190           1.914e+01     
 148.000         180.000            5.364e+00          -1.392e+01              21.433           5.312e+00             122.492           1.940e+01     
 147.000         180.000            5.410e+00          -1.412e+01              21.078           5.362e+00             122.787           1.967e+01     
 146.000         180.000            5.456e+00          -1.433e+01              20.695           5.410e+00             123.074           1.995e+01     
 145.000         180.000            5.499e+00          -1.454e+01              20.282           5.456e+00             123.352           2.023e+01     
 144.000         180.000            5.541e+00          -1.476e+01              19.839           5.501e+00             123.623           2.052e+01     
 143.000         180.000            5.582e+00          -1.499e+01              19.362           5.544e+00             123.885           2.082e+01     
 142.000         180.000            5.621e+00          -1.522e+01              18.848           5.585e+00             124.139           2.112e+01     
 141.000         180.000            5.659e+00          -1.546e+01              18.296           5.626e+00             124.386           2.144e+01     
 140.000         180.000            5.696e+00          -1.570e+01              17.701           5.664e+00             124.624           2.176e+01     
 139.000         180.000            5.731e+00          -1.596e+01              17.061           5.701e+00             124.854           2.209e+01     
 138.000         180.000            5.765e+00          -1.622e+01              16.371           5.737e+00             125.076           2.243e+01     
 137.000         180.000            5.797e+00          -1.649e+01              15.628           5.771e+00             125.291           2.279e+01     
 136.000         180.000            5.828e+00          -1.677e+01              14.826           5.804e+00             125.497           2.316e+01     
 135.000         180.000            5.857e+00          -1.705e+01              13.961           5.835e+00             125.695           2.354e+01     
 134.000         180.000            5.886e+00          -1.735e+01              13.025           5.865e+00             125.886           2.393e+01     
 133.000         180.000            5.913e+00          -1.765e+01              12.013           5.894e+00             126.068           2.434e+01     
 132.000         180.000            5.938e+00          -1.797e+01              10.917           5.921e+00             126.243           2.477e+01     
 131.000         180.000            5.963e+00          -1.829e+01               9.729           5.946e+00             126.409           2.522e+01     
 130.000         180.000            5.986e+00          -1.862e+01               8.438           5.970e+00             126.568           2.569e+01     
 129.000         180.000            6.007e+00          -1.896e+01               7.035           5.993e+00             126.719           2.618e+01     
 128.000         180.000            6.028e+00          -1.931e+01               5.508           6.015e+00             126.862           2.670e+01     
 127.000         180.000            6.047e+00          -1.967e+01               3.842           6.035e+00             126.996           2.725e+01     
 126.000         180.000            6.064e+00          -2.003e+01               2.025           6.054e+00             127.123           2.783e+01     
 125.000         180.000            6.081e+00          -2.040e+01               0.039           6.071e+00             127.242           2.846e+01     
 124.000         180.000            6.096e+00          -2.078e+01             357.868           6.087e+00             127.354           2.912e+01     
 123.000         180.000            6.110e+00          -2.116e+01             355.492           6.102e+00             127.457           2.984e+01     
 122.000         180.000            6.123e+00          -2.154e+01             352.893           6.116e+00             127.552           3.062e+01     
 121.000         180.000            6.135e+00          -2.192e+01             350.051           6.128e+00             127.640           3.147e+01     
 120.000         180.000            6.145e+00          -2.229e+01             346.948           6.139e+00             127.719           3.242e+01     
 119.000         180.000            6.154e+00          -2.265e+01             343.568           6.148e+00             127.791           3.347e+01     
 118.000         180.000            6.162e+00          -2.299e+01             339.901           6.157e+00             127.854           3.466e+01     
 117.000         180.000            6.169e+00          -2.331e+01             335.942           6.164e+00             127.910           3.604e+01     
 116.000         180.000            6.174e+00          -2.359e+01             331.700           6.169e+00             127.958           3.767e+01     
 115.000         180.000            6.178e+00          -2.383e+01             327.193           6.174e+00             127.998           3.967e+01     
 114.000         180.000            6.181e+00          -2.402e+01             322.457           6.177e+00             128.030           4.000e+01     
 113.000         180.000            6.183e+00          -2.415e+01             317.542           6.179e+00             128.054           4.000e+01     
 112.000         180.000            6.184e+00          -2.422e+01             312.514           6.180e+00             128.070           4.000e+01     
 111.000         180.000            6.183e+00          -2.423e+01             307.445           6.179e+00             128.079           4.000e+01     
 110.000         180.000            6.181e+00          -2.416e+01             302.412           6.177e+00             128.079           4.000e+01     
 109.000         180.000            6.178e+00          -2.404e+01             297.491           6.174e+00             128.072           4.000e+01     
 108.000         180.000            6.174e+00          -2.386e+01             292.743           6.170e+00             128.056           4.000e+01     
 107.000         180.000            6.169e+00          -2.362e+01             288.219           6.164e+00             128.033           3.919e+01     
 106.000         180.000            6.162e+00          -2.335e+01             283.954           6.157e+00             128.002           3.731e+01     
 105.000         180.000            6.154e+00          -2.304e+01             279.965           6.149e+00             127.963           3.577e+01     
 104.000         180.000            6.146e+00          -2.271e+01             276.261           6.140e+00             127.916           3.446e+01     
 103.000         180.000            6.135e+00          -2.236e+01             272.835           6.129e+00             127.862           3.332e+01     
 102.000         180.000            6.124e+00          -2.199e+01             269.678           6.117e+00             127.799           3.231e+01     
 101.000         180.000            6.112e+00          -2.163e+01             266.774           6.104e+00             127.729           3.141e+01     
 100.000         180.000            6.098e+00          -2.125e+01             264.104           6.090e+00             127.650           3.059e+01     
  99.000         180.000            6.083e+00          -2.088e+01             261.649           6.075e+00             127.564           2.984e+01     
  98.000         180.000            6.067e+00          -2.052e+01             259.389           6.058e+00             127.470           2.915e+01     
  97.000         180.000            6.050e+00          -2.016e+01             257.307           6.040e+00             127.369           2.851e+01     
  96.000         180.000            6.032e+00          -1.980e+01             255.385           6.020e+00             127.259           2.792e+01     
  95.000         180.000            6.012e+00          -1.945e+01             253.607           6.000e+00             127.142           2.736e+01     
  94.000         180.000            5.991e+00          -1.912e+01             251.958           5.978e+00             127.017           2.683e+01     
  93.000         180.000            5.969e+00          -1.879e+01             250.427           5.955e+00             126.884           2.633e+01     
  92.000         180.000            5.946e+00          -1.846e+01             248.999           5.930e+00             126.743           2.586e+01     
  91.000         180.000            5.922e+00          -1.815e+01             247.667           5.905e+00             126.595           2.541e+01     
  90.000         180.000            5.896e+00          -1.785e+01             246.419           5.878e+00             126.438           2.498e+01     
  89.000         180.000            5.869e+00          -1.755e+01             245.247           5.850e+00             126.274           2.457e+01     
  88.000         180.000            5.841e+00          -1.727e+01             244.145           5.820e+00             126.103           2.418e+01     
  87.000         180.000            5.812e+00          -1.699e+01             243.106           5.789e+00             125.923           2.380e+01     
  86.000         180.000            5.781e+00          -1.672e+01             242.123           5.757e+00             125.736           2.344e+01     
  85.000         180.000            5.750e+00          -1.646e+01             241.191           5.724e+00             125.541           2.309e+01     
  84.000         180.000            5.717e+00          -1.620e+01             240.306           5.689e+00             125.338           2.275e+01     
  83.000         180.000            5.683e+00          -1.596e+01             239.464           5.653e+00             125.128           2.243e+01     
  82.000         180.000            5.647e+00          -1.572e+01             238.661           5.615e+00             124.909           2.211e+01     
  81.000         180.000            5.610e+00          -1.549e+01             237.893           5.576e+00             124.684           2.181e+01     
  80.000         180.000            5.572e+00          -1.526e+01             237.158           5.536e+00             124.450           2.151e+01     
  79.000         180.000            5.533e+00          -1.504e+01             236.452           5.495e+00             124.209           2.122e+01     
  78.000         180.000            5.492e+00          -1.483e+01             235.773           5.452e+00             123.960           2.094e+01     
  77.000         180.000            5.450e+00          -1.462e+01             235.120           5.407e+00             123.703           2.066e+01     
  76.000         180.000            5.407e+00          -1.442e+01             234.489           5.362e+00             123.438           2.040e+01     
  75.000         180.000            5.362e+00          -1.423e+01             233.880           5.314e+00             123.166           2.014e+01     
  74.000         180.000            5.316e+00          -1.404e+01             233.291           5.266e+00             122.886           1.988e+01     
  73.000         180.000            5.269e+00          -1.386e+01             232.720           5.216e+00             122.599           1.963e+01     
  72.000         180.000            5.221e+00          -1.368e+01             232.165           5.164e+00             122.303           1.939e+01     
  71.000         180.000            5.171e+00          -1.351e+01             231.626           5.111e+00             122.000           1.915e+01     
  70.000         180.000            5.119e+00          -1.334e+01             231.102           5.057e+00             121.689           1.892e+01     
  69.000         180.000            5.066e+00          -1.318e+01             230.591           5.001e+00             121.371           1.869e+01     
  68.000         180.000            5.012e+00          -1.302e+01             230.093           4.943e+00             121.044           1.846e+01     
  67.000         180.000            4.957e+00          -1.286e+01             229.606           4.884e+00             120.710           1.824e+01     
  66.000         180.000            4.900e+00          -1.271e+01             229.130           4.824e+00             120.367           1.803e+01     
  65.000         180.000            4.841e+00          -1.257e+01             228.664           4.761e+00             120.017           1.781e+01     
  64.000         180.000            4.781e+00          -1.243e+01             228.208           4.698e+00             119.659           1.761e+01     
  63.000         180.000            4.720e+00          -1.229e+01             227.761           4.632e+00             119.293           1.740e+01     
  62.000         180.000            4.657e+00          -1.216e+01             227.323           4.565e+00             118.919           1.720e+01     
  61.000         180.000            4.592e+00          -1.203e+01             226.892           4.497e+00             118.537           1.700e+01     
  60.000         180.000            4.527e+00          -1.190e+01             226.469           4.427e+00             118.147           1.680e+01     
  59.000         180.000            4.459e+00          -1.178e+01             226.052           4.355e+00             117.749           1.661e+01     
  58.000         180.000            4.390e+00          -1.166e+01             225.643           4.281e+00             117.342           1.642e+01     
  57.000         180.000            4.320e+00          -1.155e+01             225.239           4.206e+00             116.928           1.623e+01     
  56.000         180.000            4.247e+00          -1.144e+01             224.842           4.129e+00             116.504           1.604e+01     
  55.000         180.000            4.174e+00          -1.133e+01             224.450           4.050e+00             116.073           1.586e+01     
  54.000         180.000            4.098e+00          -1.123e+01             224.064           3.969e+00             115.633           1.568e+01     
  53.000         180.000            4.021e+00          -1.113e+01             223.683           3.887e+00             115.184           1.550e+01     
  52.000         180.000            3.943e+00          -1.103e+01             223.306           3.802e+00             114.727           1.533e+01     
  51.000         180.000            3.863e+00          -1.094e+01             222.935           3.716e+00             114.260           1.515e+01     
  50.000         180.000            3.781e+00          -1.085e+01             222.568           3.628e+00             113.785           1.498e+01     
  49.000         180.000            3.697e+00          -1.076e+01             222.205           3.538e+00             113.301           1.481e+01     
  48.000         180.000            3.612e+00          -1.067e+01             221.846           3.447e+00             112.807           1.465e+01     
  47.000         180.000            3.525e+00          -1.059e+01             221.492           3.353e+00             112.304           1.448e+01     
  46.000         180.000            3.436e+00          -1.051e+01             221.141           3.257e+00             111.792           1.432e+01     
  45.000         180.000            3.345e+00          -1.044e+01             220.794           3.160e+00             111.269           1.416e+01     
  44.000         180.000            3.253e+00          -1.037e+01             220.451           3.060e+00             110.737           1.400e+01     
  43.000         180.000            3.159e+00          -1.030e+01             220.111           2.959e+00             110.195           1.384e+01     
  42.000         180.000            3.063e+00          -1.023e+01             219.775           2.855e+00             109.642           1.369e+01     
  41.000         180.000            2.966e+00          -1.017e+01             219.442           2.749e+00             109.079           1.354e+01     
  40.000         180.000            2.866e+00          -1.011e+01             219.112           2.641e+00             108.506           1.338e+01     
  39.000         180.000            2.765e+00          -1.005e+01             218.786           2.532e+00             107.921           1.324e+01     
  38.000         180.000            2.662e+00          -9.997e+00             218.462           2.420e+00             107.325           1.309e+01     
  37.000         180.000            2.557e+00          -9.946e+00             218.142           2.305e+00             106.717           1.295e+01     
  36.000         180.000            2.450e+00          -9.897e+00             217.825           2.189e+00             106.097           1.280e+01     
  35.000         180.000            2.341e+00          -9.852e+00             217.511           2.070e+00             105.466           1.266e+01     
  34.000         180.000            2.230e+00          -9.809e+00             217.200           1.950e+00             104.821           1.253e+01     
  33.000         180.000            2.118e+00          -9.769e+00             216.892           1.827e+00             104.164           1.239e+01     
  32.000         180.000            2.003e+00          -9.731e+00             216.587           1.702e+00             103.493           1.226e+01     
  31.000         180.000            1.887e+00          -9.697e+00             216.285           1.574e+00             102.809           1.213e+01     
  30.000         180.000            1.769e+00          -9.665e+00             215.986           1.445e+00             102.110           1.200e+01     
  29.000         180.000            1.648e+00          -9.637e+00             215.689           1.313e+00             101.397           1.188e+01     
  28.000         180.000            1.526e+00          -9.611e+00             215.396           1.178e+00             100.668           1.176e+01     
  27.000         180.000            1.402e+00          -9.587e+00             215.106           1.042e+00              99.924           1.164e+01     
  26.000         180.000            1.276e+00          -9.567e+00             214.818           9.033e-01              99.164           1.153e+01     
  25.000         180.000            1.149e+00          -9.550e+00             214.534           7.622e-01              98.387           1.142e+01     
  24.000         180.000            1.019e+00          -9.535e+00             214.253           6.189e-01              97.592           1.131e+01     
  23.000         180.000            8.876e-01          -9.523e+00             213.974           4.734e-01              96.779           1.121e+01     
  22.000         180.000            7.543e-01          -9.514e+00             213.699           3.255e-01              95.948           1.111e+01     
  21.000         180.000            6.192e-01          -9.508e+00             213.426           1.755e-01              95.097           1.102e+01     
  20.000         180.000            4.823e-01          -9.504e+00             213.157           2.326e-02              94.226           1.093e+01     
  19.000         180.000            3.437e-01          -9.504e+00             212.891          -1.312e-01              93.334           1.085e+01     
  18.000         180.000            2.034e-01          -9.506e+00             212.628          -2.877e-01              92.420           1.077e+01     
  17.000         180.000            6.139e-02          -9.511e+00             212.368          -4.464e-01              91.483           1.070e+01     
  16.000         180.000           -8.220e-02          -9.519e+00             212.111          -6.071e-01              90.523           1.064e+01     
  15.000         180.000           -2.273e-01          -9.530e+00             211.857          -7.697e-01              89.538           1.058e+01     
  14.000         180.000           -3.739e-01          -9.544e+00             211.607          -9.343e-01              88.528           1.053e+01     
  13.000         180.000           -5.219e-01          -9.561e+00             211.360          -1.101e+00              87.491           1.049e+01     
  12.000         180.000           -6.712e-01          -9.581e+00             211.117          -1.269e+00              86.427           1.046e+01     
  11.000         180.000           -8.218e-01          -9.604e+00             210.877          -1.438e+00              85.334           1.044e+01     
  10.000         180.000           -9.734e-01          -9.630e+00             210.640          -1.610e+00              84.211           1.043e+01     
   9.000         180.000           -1.126e+00          -9.659e+00             210.407          -1.782e+00              83.058           1.043e+01     
   8.000         180.000           -1.280e+00          -9.691e+00             210.178          -1.956e+00              81.873           1.044e+01     
   7.000         180.000           -1.434e+00          -9.726e+00             209.952          -2.130e+00              80.655           1.047e+01     
   6.000         180.000           -1.589e+00          -9.764e+00             209.730          -2.306e+00              79.403           1.051e+01     
   5.000         180.000           -1.744e+00          -9.805e+00             209.512          -2.482e+00              78.116           1.057e+01     
   4.000         180.000           -1.899e+00          -9.850e+00             209.298          -2.658e+00              76.792           1.064e+01     
   3.000         180.000           -2.055e+00          -9.897e+00             209.088          -2.834e+00              75.432           1.073e+01     
   2.000         180.000           -2.210e+00          -9.948e+00             208.882          -3.011e+00              74.033           1.084e+01     
   1.000         180.000           -2.365e+00          -1.000e+01             208.680          -3.186e+00              72.595           1.097e+01     
