Theta [deg.]  Phi   [deg.]  Abs(Dir.)[dBi   ]   Abs(Theta)[dBi   ]  Phase(Theta)[deg.]  Abs(Phi  )[dBi   ]  Phase(Phi  )[deg.]  Ax.Ratio[dB    ]    
------------------------------------------------------------------------------------------------------------------------------------------------------
   0.000         135.000           -2.519e+00          -3.597e+00             237.962          -9.100e+00              96.512           1.112e+01     
   1.000         135.000           -2.399e+00          -3.515e+00             238.839          -8.846e+00              97.712           1.094e+01     
   2.000         135.000           -2.279e+00          -3.435e+00             239.711          -8.593e+00              98.831           1.077e+01     
   3.000         135.000           -2.160e+00          -3.357e+00             240.576          -8.342e+00              99.874           1.062e+01     
   4.000         135.000           -2.042e+00          -3.281e+00             241.436          -8.094e+00             100.844           1.050e+01     
   5.000         135.000           -1.924e+00          -3.206e+00             242.288          -7.848e+00             101.747           1.038e+01     
   6.000         135.000           -1.808e+00          -3.134e+00             243.133          -7.607e+00             102.587           1.029e+01     
   7.000         135.000           -1.693e+00          -3.064e+00             243.970          -7.369e+00             103.369           1.020e+01     
   8.000         135.000           -1.579e+00          -2.995e+00             244.800          -7.134e+00             104.095           1.014e+01     
   9.000         135.000           -1.467e+00          -2.930e+00             245.621          -6.904e+00             104.770           1.008e+01     
  10.000         135.000           -1.356e+00          -2.866e+00             246.434          -6.678e+00             105.398           1.004e+01     
  11.000         135.000           -1.247e+00          -2.805e+00             247.238          -6.456e+00             105.981           1.001e+01     
  12.000         135.000           -1.140e+00          -2.746e+00             248.033          -6.239e+00             106.523           9.995e+00     
  13.000         135.000           -1.035e+00          -2.690e+00             248.818          -6.026e+00             107.027           9.989e+00     
  14.000         135.000           -9.319e-01          -2.637e+00             249.595          -5.817e+00             107.495           9.994e+00     
  15.000         135.000           -8.308e-01          -2.586e+00             250.362          -5.613e+00             107.930           1.001e+01     
  16.000         135.000           -7.318e-01          -2.539e+00             251.119          -5.413e+00             108.334           1.003e+01     
  17.000         135.000           -6.351e-01          -2.494e+00             251.867          -5.217e+00             108.709           1.007e+01     
  18.000         135.000           -5.406e-01          -2.452e+00             252.605          -5.025e+00             109.057           1.011e+01     
  19.000         135.000           -4.484e-01          -2.413e+00             253.334          -4.838e+00             109.381           1.016e+01     
  20.000         135.000           -3.587e-01          -2.378e+00             254.052          -4.655e+00             109.682           1.022e+01     
  21.000         135.000           -2.713e-01          -2.346e+00             254.761          -4.476e+00             109.961           1.029e+01     
  22.000         135.000           -1.863e-01          -2.317e+00             255.460          -4.301e+00             110.221           1.036e+01     
  23.000         135.000           -1.038e-01          -2.291e+00             256.149          -4.130e+00             110.462           1.044e+01     
  24.000         135.000           -2.382e-02          -2.269e+00             256.828          -3.963e+00             110.687           1.053e+01     
  25.000         135.000            5.368e-02          -2.251e+00             257.498          -3.800e+00             110.895           1.062e+01     
  26.000         135.000            1.287e-01          -2.236e+00             258.158          -3.641e+00             111.089           1.072e+01     
  27.000         135.000            2.011e-01          -2.225e+00             258.808          -3.485e+00             111.270           1.083e+01     
  28.000         135.000            2.711e-01          -2.217e+00             259.448          -3.333e+00             111.437           1.094e+01     
  29.000         135.000            3.385e-01          -2.214e+00             260.078          -3.184e+00             111.594           1.105e+01     
  30.000         135.000            4.034e-01          -2.214e+00             260.699          -3.039e+00             111.739           1.117e+01     
  31.000         135.000            4.658e-01          -2.218e+00             261.311          -2.897e+00             111.875           1.130e+01     
  32.000         135.000            5.257e-01          -2.226e+00             261.913          -2.759e+00             112.002           1.143e+01     
  33.000         135.000            5.831e-01          -2.239e+00             262.505          -2.624e+00             112.121           1.157e+01     
  34.000         135.000            6.380e-01          -2.256e+00             263.088          -2.492e+00             112.232           1.171e+01     
  35.000         135.000            6.906e-01          -2.277e+00             263.662          -2.363e+00             112.336           1.185e+01     
  36.000         135.000            7.406e-01          -2.302e+00             264.227          -2.238e+00             112.434           1.200e+01     
  37.000         135.000            7.884e-01          -2.332e+00             264.782          -2.115e+00             112.526           1.215e+01     
  38.000         135.000            8.337e-01          -2.366e+00             265.328          -1.995e+00             112.613           1.231e+01     
  39.000         135.000            8.767e-01          -2.405e+00             265.865          -1.878e+00             112.695           1.247e+01     
  40.000         135.000            9.175e-01          -2.449e+00             266.392          -1.764e+00             112.773           1.263e+01     
  41.000         135.000            9.560e-01          -2.497e+00             266.911          -1.652e+00             112.848           1.280e+01     
  42.000         135.000            9.923e-01          -2.551e+00             267.420          -1.544e+00             112.919           1.297e+01     
  43.000         135.000            1.026e+00          -2.609e+00             267.921          -1.437e+00             112.987           1.315e+01     
  44.000         135.000            1.059e+00          -2.672e+00             268.412          -1.334e+00             113.053           1.333e+01     
  45.000         135.000            1.089e+00          -2.741e+00             268.894          -1.233e+00             113.116           1.351e+01     
  46.000         135.000            1.117e+00          -2.815e+00             269.367          -1.134e+00             113.178           1.370e+01     
  47.000         135.000            1.143e+00          -2.895e+00             269.831          -1.038e+00             113.238           1.389e+01     
  48.000         135.000            1.167e+00          -2.980e+00             270.286          -9.438e-01             113.297           1.408e+01     
  49.000         135.000            1.189e+00          -3.071e+00             270.732          -8.521e-01             113.355           1.428e+01     
  50.000         135.000            1.210e+00          -3.167e+00             271.169          -7.627e-01             113.412           1.448e+01     
  51.000         135.000            1.228e+00          -3.270e+00             271.596          -6.754e-01             113.469           1.469e+01     
  52.000         135.000            1.246e+00          -3.379e+00             272.014          -5.902e-01             113.526           1.490e+01     
  53.000         135.000            1.261e+00          -3.495e+00             272.422          -5.071e-01             113.583           1.511e+01     
  54.000         135.000            1.275e+00          -3.617e+00             272.821          -4.261e-01             113.640           1.533e+01     
  55.000         135.000            1.288e+00          -3.746e+00             273.210          -3.470e-01             113.698           1.555e+01     
  56.000         135.000            1.300e+00          -3.882e+00             273.589          -2.698e-01             113.756           1.577e+01     
  57.000         135.000            1.310e+00          -4.025e+00             273.958          -1.945e-01             113.815           1.600e+01     
  58.000         135.000            1.319e+00          -4.176e+00             274.316          -1.211e-01             113.876           1.624e+01     
  59.000         135.000            1.327e+00          -4.335e+00             274.664          -4.945e-02             113.937           1.647e+01     
  60.000         135.000            1.333e+00          -4.502e+00             275.002           2.044e-02             113.999           1.671e+01     
  61.000         135.000            1.339e+00          -4.678e+00             275.328           8.862e-02             114.063           1.696e+01     
  62.000         135.000            1.344e+00          -4.862e+00             275.643           1.551e-01             114.129           1.721e+01     
  63.000         135.000            1.348e+00          -5.057e+00             275.945           2.200e-01             114.196           1.746e+01     
  64.000         135.000            1.352e+00          -5.260e+00             276.236           2.833e-01             114.265           1.772e+01     
  65.000         135.000            1.355e+00          -5.475e+00             276.513           3.451e-01             114.336           1.799e+01     
  66.000         135.000            1.358e+00          -5.700e+00             276.777           4.053e-01             114.409           1.826e+01     
  67.000         135.000            1.360e+00          -5.937e+00             277.026           4.640e-01             114.483           1.853e+01     
  68.000         135.000            1.362e+00          -6.186e+00             277.261           5.213e-01             114.560           1.881e+01     
  69.000         135.000            1.363e+00          -6.448e+00             277.479           5.772e-01             114.639           1.909e+01     
  70.000         135.000            1.365e+00          -6.724e+00             277.681           6.318e-01             114.721           1.938e+01     
  71.000         135.000            1.366e+00          -7.015e+00             277.864           6.850e-01             114.804           1.968e+01     
  72.000         135.000            1.368e+00          -7.321e+00             278.027           7.368e-01             114.890           1.998e+01     
  73.000         135.000            1.370e+00          -7.645e+00             278.168           7.875e-01             114.979           2.029e+01     
  74.000         135.000            1.372e+00          -7.988e+00             278.286           8.368e-01             115.069           2.061e+01     
  75.000         135.000            1.374e+00          -8.351e+00             278.377           8.850e-01             115.163           2.093e+01     
  76.000         135.000            1.377e+00          -8.735e+00             278.439           9.319e-01             115.258           2.126e+01     
  77.000         135.000            1.381e+00          -9.144e+00             278.468           9.777e-01             115.357           2.160e+01     
  78.000         135.000            1.385e+00          -9.580e+00             278.459           1.022e+00             115.457           2.195e+01     
  79.000         135.000            1.390e+00          -1.004e+01             278.407           1.066e+00             115.560           2.231e+01     
  80.000         135.000            1.396e+00          -1.054e+01             278.304           1.108e+00             115.667           2.268e+01     
  81.000         135.000            1.402e+00          -1.108e+01             278.142           1.150e+00             115.775           2.306e+01     
  82.000         135.000            1.410e+00          -1.165e+01             277.910           1.190e+00             115.885           2.346e+01     
  83.000         135.000            1.419e+00          -1.228e+01             277.591           1.230e+00             115.999           2.387e+01     
  84.000         135.000            1.429e+00          -1.296e+01             277.166           1.268e+00             116.114           2.429e+01     
  85.000         135.000            1.440e+00          -1.371e+01             276.606           1.305e+00             116.232           2.473e+01     
  86.000         135.000            1.453e+00          -1.453e+01             275.871           1.342e+00             116.353           2.519e+01     
  87.000         135.000            1.467e+00          -1.544e+01             274.904           1.377e+00             116.476           2.567e+01     
  88.000         135.000            1.482e+00          -1.647e+01             273.618           1.412e+00             116.601           2.617e+01     
  89.000         135.000            1.499e+00          -1.763e+01             271.875           1.446e+00             116.728           2.670e+01     
  90.000         135.000            1.518e+00          -1.898e+01             269.446           1.479e+00             116.858           2.726e+01     
  91.000         135.000            1.538e+00          -2.055e+01             265.930           1.511e+00             116.990           2.785e+01     
  92.000         135.000            1.559e+00          -2.242e+01             260.552           1.542e+00             117.124           2.849e+01     
  93.000         135.000            1.582e+00          -2.466e+01             251.719           1.572e+00             117.260           2.917e+01     
  94.000         135.000            1.607e+00          -2.716e+01             236.101           1.602e+00             117.398           2.990e+01     
  95.000         135.000            1.634e+00          -2.907e+01             209.182           1.630e+00             117.538           3.071e+01     
  96.000         135.000            1.662e+00          -2.859e+01             176.672           1.658e+00             117.680           3.159e+01     
  97.000         135.000            1.692e+00          -2.625e+01             153.753           1.685e+00             117.823           3.257e+01     
  98.000         135.000            1.724e+00          -2.375e+01             140.869           1.711e+00             117.969           3.368e+01     
  99.000         135.000            1.757e+00          -2.159e+01             133.397           1.737e+00             118.115           3.495e+01     
 100.000         135.000            1.792e+00          -1.978e+01             128.701           1.761e+00             118.264           3.644e+01     
 101.000         135.000            1.828e+00          -1.824e+01             125.533           1.785e+00             118.413           3.825e+01     
 102.000         135.000            1.866e+00          -1.692e+01             123.281           1.808e+00             118.565           4.000e+01     
 103.000         135.000            1.906e+00          -1.575e+01             121.610           1.830e+00             118.717           4.000e+01     
 104.000         135.000            1.946e+00          -1.472e+01             120.329           1.852e+00             118.871           4.000e+01     
 105.000         135.000            1.989e+00          -1.379e+01             119.321           1.873e+00             119.025           4.000e+01     
 106.000         135.000            2.033e+00          -1.295e+01             118.509           1.893e+00             119.181           4.000e+01     
 107.000         135.000            2.078e+00          -1.218e+01             117.843           1.912e+00             119.337           4.000e+01     
 108.000         135.000            2.124e+00          -1.147e+01             117.288           1.930e+00             119.494           4.000e+01     
 109.000         135.000            2.172e+00          -1.082e+01             116.819           1.948e+00             119.652           3.933e+01     
 110.000         135.000            2.220e+00          -1.021e+01             116.416           1.964e+00             119.809           3.724e+01     
 111.000         135.000            2.270e+00          -9.639e+00             116.066           1.980e+00             119.968           3.554e+01     
 112.000         135.000            2.320e+00          -9.106e+00             115.758           1.995e+00             120.126           3.411e+01     
 113.000         135.000            2.371e+00          -8.604e+00             115.483           2.010e+00             120.285           3.288e+01     
 114.000         135.000            2.423e+00          -8.132e+00             115.237           2.023e+00             120.443           3.179e+01     
 115.000         135.000            2.476e+00          -7.686e+00             115.012           2.036e+00             120.601           3.082e+01     
 116.000         135.000            2.529e+00          -7.263e+00             114.804           2.048e+00             120.759           2.995e+01     
 117.000         135.000            2.582e+00          -6.861e+00             114.612           2.058e+00             120.916           2.914e+01     
 118.000         135.000            2.636e+00          -6.479e+00             114.430           2.068e+00             121.073           2.841e+01     
 119.000         135.000            2.690e+00          -6.116e+00             114.257           2.077e+00             121.228           2.772e+01     
 120.000         135.000            2.745e+00          -5.769e+00             114.092           2.086e+00             121.383           2.709e+01     
 121.000         135.000            2.799e+00          -5.439e+00             113.932           2.093e+00             121.537           2.649e+01     
 122.000         135.000            2.853e+00          -5.123e+00             113.775           2.099e+00             121.689           2.593e+01     
 123.000         135.000            2.907e+00          -4.821e+00             113.621           2.104e+00             121.840           2.540e+01     
 124.000         135.000            2.961e+00          -4.531e+00             113.468           2.108e+00             121.989           2.490e+01     
 125.000         135.000            3.014e+00          -4.254e+00             113.316           2.112e+00             122.137           2.443e+01     
 126.000         135.000            3.067e+00          -3.989e+00             113.164           2.114e+00             122.283           2.397e+01     
 127.000         135.000            3.119e+00          -3.734e+00             113.010           2.115e+00             122.426           2.354e+01     
 128.000         135.000            3.170e+00          -3.490e+00             112.855           2.115e+00             122.567           2.313e+01     
 129.000         135.000            3.221e+00          -3.256e+00             112.698           2.114e+00             122.706           2.274e+01     
 130.000         135.000            3.271e+00          -3.032e+00             112.537           2.112e+00             122.842           2.236e+01     
 131.000         135.000            3.320e+00          -2.816e+00             112.374           2.108e+00             122.976           2.200e+01     
 132.000         135.000            3.368e+00          -2.609e+00             112.206           2.103e+00             123.106           2.165e+01     
 133.000         135.000            3.414e+00          -2.411e+00             112.035           2.098e+00             123.233           2.131e+01     
 134.000         135.000            3.459e+00          -2.221e+00             111.859           2.090e+00             123.357           2.099e+01     
 135.000         135.000            3.503e+00          -2.038e+00             111.679           2.082e+00             123.478           2.068e+01     
 136.000         135.000            3.546e+00          -1.864e+00             111.493           2.072e+00             123.594           2.037e+01     
 137.000         135.000            3.587e+00          -1.696e+00             111.303           2.061e+00             123.707           2.008e+01     
 138.000         135.000            3.627e+00          -1.536e+00             111.106           2.049e+00             123.816           1.980e+01     
 139.000         135.000            3.664e+00          -1.382e+00             110.904           2.035e+00             123.920           1.953e+01     
 140.000         135.000            3.700e+00          -1.235e+00             110.696           2.019e+00             124.020           1.926e+01     
 141.000         135.000            3.734e+00          -1.095e+00             110.482           2.002e+00             124.116           1.901e+01     
 142.000         135.000            3.767e+00          -9.614e-01             110.262           1.984e+00             124.206           1.876e+01     
 143.000         135.000            3.797e+00          -8.338e-01             110.035           1.964e+00             124.292           1.851e+01     
 144.000         135.000            3.825e+00          -7.124e-01             109.801           1.943e+00             124.372           1.828e+01     
 145.000         135.000            3.851e+00          -5.970e-01             109.560           1.920e+00             124.446           1.805e+01     
 146.000         135.000            3.875e+00          -4.874e-01             109.313           1.895e+00             124.515           1.783e+01     
 147.000         135.000            3.897e+00          -3.836e-01             109.058           1.868e+00             124.579           1.761e+01     
 148.000         135.000            3.916e+00          -2.856e-01             108.796           1.840e+00             124.636           1.740e+01     
 149.000         135.000            3.933e+00          -1.930e-01             108.526           1.810e+00             124.686           1.719e+01     
 150.000         135.000            3.948e+00          -1.060e-01             108.249           1.778e+00             124.730           1.699e+01     
 151.000         135.000            3.960e+00          -2.444e-02             107.964           1.744e+00             124.768           1.680e+01     
 152.000         135.000            3.969e+00           5.181e-02             107.671           1.709e+00             124.798           1.661e+01     
 153.000         135.000            3.976e+00           1.228e-01             107.371           1.671e+00             124.821           1.642e+01     
 154.000         135.000            3.980e+00           1.885e-01             107.062           1.632e+00             124.837           1.624e+01     
 155.000         135.000            3.982e+00           2.492e-01             106.744           1.591e+00             124.845           1.607e+01     
 156.000         135.000            3.980e+00           3.047e-01             106.419           1.547e+00             124.845           1.589e+01     
 157.000         135.000            3.976e+00           3.551e-01             106.085           1.502e+00             124.837           1.572e+01     
 158.000         135.000            3.969e+00           4.006e-01             105.742           1.454e+00             124.820           1.556e+01     
 159.000         135.000            3.960e+00           4.412e-01             105.390           1.404e+00             124.794           1.540e+01     
 160.000         135.000            3.947e+00           4.768e-01             105.029           1.352e+00             124.760           1.524e+01     
 161.000         135.000            3.931e+00           5.076e-01             104.660           1.298e+00             124.716           1.509e+01     
 162.000         135.000            3.912e+00           5.335e-01             104.281           1.242e+00             124.663           1.494e+01     
 163.000         135.000            3.891e+00           5.547e-01             103.893           1.183e+00             124.600           1.479e+01     
 164.000         135.000            3.866e+00           5.711e-01             103.495           1.122e+00             124.526           1.465e+01     
 165.000         135.000            3.838e+00           5.828e-01             103.088           1.059e+00             124.442           1.451e+01     
 166.000         135.000            3.806e+00           5.898e-01             102.671           9.930e-01             124.347           1.437e+01     
 167.000         135.000            3.772e+00           5.922e-01             102.244           9.248e-01             124.242           1.423e+01     
 168.000         135.000            3.734e+00           5.899e-01             101.806           8.542e-01             124.124           1.410e+01     
 169.000         135.000            3.694e+00           5.830e-01             101.359           7.811e-01             123.995           1.398e+01     
 170.000         135.000            3.649e+00           5.716e-01             100.901           7.055e-01             123.853           1.385e+01     
 171.000         135.000            3.602e+00           5.556e-01             100.433           6.274e-01             123.699           1.373e+01     
 172.000         135.000            3.551e+00           5.351e-01              99.954           5.467e-01             123.532           1.361e+01     
 173.000         135.000            3.497e+00           5.102e-01              99.465           4.634e-01             123.352           1.349e+01     
 174.000         135.000            3.440e+00           4.807e-01              98.964           3.774e-01             123.157           1.338e+01     
 175.000         135.000            3.379e+00           4.468e-01              98.452           2.889e-01             122.949           1.327e+01     
 176.000         135.000            3.315e+00           4.085e-01              97.928           1.977e-01             122.726           1.316e+01     
 177.000         135.000            3.247e+00           3.658e-01              97.393           1.038e-01             122.487           1.306e+01     
 178.000         135.000            3.176e+00           3.188e-01              96.847           7.158e-03             122.233           1.295e+01     
 179.000         135.000            3.102e+00           2.674e-01              96.288          -9.215e-02             121.963           1.285e+01     
 180.000         135.000            3.024e+00           2.117e-01              95.717          -1.942e-01             121.676           1.276e+01     
 179.000         315.000            2.943e+00           1.518e-01             275.135          -2.988e-01             301.372           1.266e+01     
 178.000         315.000            2.858e+00           8.753e-02             274.539          -4.063e-01             301.050           1.257e+01     
 177.000         315.000            2.770e+00           1.908e-02             273.931          -5.166e-01             300.709           1.249e+01     
 176.000         315.000            2.678e+00          -5.358e-02             273.310          -6.295e-01             300.350           1.240e+01     
 175.000         315.000            2.583e+00          -1.304e-01             272.675          -7.453e-01             299.970           1.232e+01     
 174.000         315.000            2.485e+00          -2.114e-01             272.028          -8.637e-01             299.571           1.224e+01     
 173.000         315.000            2.383e+00          -2.964e-01             271.366          -9.849e-01             299.150           1.217e+01     
 172.000         315.000            2.278e+00          -3.855e-01             270.692          -1.109e+00             298.707           1.209e+01     
 171.000         315.000            2.170e+00          -4.787e-01             270.003          -1.235e+00             298.242           1.202e+01     
 170.000         315.000            2.058e+00          -5.758e-01             269.300          -1.364e+00             297.754           1.196e+01     
 169.000         315.000            1.943e+00          -6.769e-01             268.582          -1.496e+00             297.242           1.190e+01     
 168.000         315.000            1.825e+00          -7.819e-01             267.850          -1.630e+00             296.705           1.184e+01     
 167.000         315.000            1.703e+00          -8.908e-01             267.103          -1.767e+00             296.142           1.179e+01     
 166.000         315.000            1.579e+00          -1.004e+00             266.342          -1.906e+00             295.552           1.173e+01     
 165.000         315.000            1.451e+00          -1.120e+00             265.565          -2.048e+00             294.935           1.169e+01     
 164.000         315.000            1.320e+00          -1.240e+00             264.772          -2.192e+00             294.289           1.165e+01     
 163.000         315.000            1.186e+00          -1.364e+00             263.965          -2.338e+00             293.614           1.161e+01     
 162.000         315.000            1.050e+00          -1.492e+00             263.141          -2.486e+00             292.909           1.157e+01     
 161.000         315.000            9.102e-01          -1.623e+00             262.301          -2.636e+00             292.173           1.155e+01     
 160.000         315.000            7.679e-01          -1.758e+00             261.446          -2.788e+00             291.404           1.152e+01     
 159.000         315.000            6.229e-01          -1.896e+00             260.574          -2.942e+00             290.602           1.150e+01     
 158.000         315.000            4.754e-01          -2.037e+00             259.685          -3.097e+00             289.765           1.149e+01     
 157.000         315.000            3.253e-01          -2.182e+00             258.780          -3.253e+00             288.894           1.148e+01     
 156.000         315.000            1.730e-01          -2.331e+00             257.859          -3.411e+00             287.986           1.148e+01     
 155.000         315.000            1.835e-02          -2.482e+00             256.920          -3.570e+00             287.041           1.148e+01     
 154.000         315.000           -1.384e-01          -2.637e+00             255.965          -3.729e+00             286.058           1.149e+01     
 153.000         315.000           -2.970e-01          -2.795e+00             254.993          -3.889e+00             285.036           1.151e+01     
 152.000         315.000           -4.574e-01          -2.955e+00             254.004          -4.049e+00             283.975           1.153e+01     
 151.000         315.000           -6.195e-01          -3.119e+00             252.997          -4.209e+00             282.873           1.156e+01     
 150.000         315.000           -7.830e-01          -3.286e+00             251.974          -4.368e+00             281.731           1.159e+01     
 149.000         315.000           -9.478e-01          -3.455e+00             250.934          -4.527e+00             280.547           1.163e+01     
 148.000         315.000           -1.114e+00          -3.628e+00             249.877          -4.684e+00             279.321           1.168e+01     
 147.000         315.000           -1.280e+00          -3.803e+00             248.803          -4.840e+00             278.053           1.174e+01     
 146.000         315.000           -1.448e+00          -3.981e+00             247.712          -4.994e+00             276.743           1.180e+01     
 145.000         315.000           -1.615e+00          -4.161e+00             246.604          -5.146e+00             275.391           1.188e+01     
 144.000         315.000           -1.783e+00          -4.344e+00             245.480          -5.295e+00             273.997           1.196e+01     
 143.000         315.000           -1.951e+00          -4.529e+00             244.340          -5.441e+00             272.563           1.205e+01     
 142.000         315.000           -2.118e+00          -4.717e+00             243.184          -5.584e+00             271.088           1.214e+01     
 141.000         315.000           -2.285e+00          -4.907e+00             242.012          -5.722e+00             269.575           1.225e+01     
 140.000         315.000           -2.451e+00          -5.099e+00             240.824          -5.856e+00             268.024           1.236e+01     
 139.000         315.000           -2.615e+00          -5.294e+00             239.621          -5.985e+00             266.438           1.249e+01     
 138.000         315.000           -2.778e+00          -5.491e+00             238.403          -6.108e+00             264.817           1.262e+01     
 137.000         315.000           -2.939e+00          -5.690e+00             237.171          -6.226e+00             263.166           1.275e+01     
 136.000         315.000           -3.098e+00          -5.892e+00             235.925          -6.337e+00             261.485           1.290e+01     
 135.000         315.000           -3.255e+00          -6.095e+00             234.665          -6.442e+00             259.779           1.305e+01     
 134.000         315.000           -3.409e+00          -6.301e+00             233.392          -6.540e+00             258.050           1.321e+01     
 133.000         315.000           -3.559e+00          -6.509e+00             232.106          -6.631e+00             256.302           1.338e+01     
 132.000         315.000           -3.707e+00          -6.720e+00             230.808          -6.715e+00             254.539           1.355e+01     
 131.000         315.000           -3.851e+00          -6.932e+00             229.498          -6.791e+00             252.764           1.373e+01     
 130.000         315.000           -3.991e+00          -7.148e+00             228.177          -6.859e+00             250.981           1.391e+01     
 129.000         315.000           -4.126e+00          -7.365e+00             226.845          -6.919e+00             249.194           1.410e+01     
 128.000         315.000           -4.258e+00          -7.585e+00             225.502          -6.972e+00             247.408           1.429e+01     
 127.000         315.000           -4.384e+00          -7.808e+00             224.150          -7.017e+00             245.627           1.448e+01     
 126.000         315.000           -4.506e+00          -8.034e+00             222.788          -7.054e+00             243.853           1.467e+01     
 125.000         315.000           -4.623e+00          -8.263e+00             221.416          -7.084e+00             242.092           1.486e+01     
 124.000         315.000           -4.735e+00          -8.494e+00             220.036          -7.107e+00             240.346           1.505e+01     
 123.000         315.000           -4.842e+00          -8.729e+00             218.647          -7.123e+00             238.620           1.524e+01     
 122.000         315.000           -4.943e+00          -8.968e+00             217.249          -7.132e+00             236.917           1.543e+01     
 121.000         315.000           -5.039e+00          -9.210e+00             215.843          -7.135e+00             235.238           1.561e+01     
 120.000         315.000           -5.130e+00          -9.457e+00             214.428          -7.131e+00             233.588           1.578e+01     
 119.000         315.000           -5.215e+00          -9.707e+00             213.005          -7.123e+00             231.969           1.594e+01     
 118.000         315.000           -5.295e+00          -9.963e+00             211.572          -7.109e+00             230.382           1.610e+01     
 117.000         315.000           -5.370e+00          -1.022e+01             210.129          -7.091e+00             228.829           1.625e+01     
 116.000         315.000           -5.440e+00          -1.049e+01             208.676          -7.068e+00             227.312           1.639e+01     
 115.000         315.000           -5.504e+00          -1.076e+01             207.212          -7.041e+00             225.832           1.652e+01     
 114.000         315.000           -5.564e+00          -1.104e+01             205.734          -7.011e+00             224.390           1.664e+01     
 113.000         315.000           -5.619e+00          -1.133e+01             204.243          -6.979e+00             222.986           1.674e+01     
 112.000         315.000           -5.670e+00          -1.162e+01             202.735          -6.943e+00             221.621           1.684e+01     
 111.000         315.000           -5.716e+00          -1.192e+01             201.209          -6.906e+00             220.296           1.693e+01     
 110.000         315.000           -5.758e+00          -1.223e+01             199.661          -6.867e+00             219.010           1.700e+01     
 109.000         315.000           -5.796e+00          -1.255e+01             198.089          -6.826e+00             217.762           1.707e+01     
 108.000         315.000           -5.830e+00          -1.288e+01             196.488          -6.785e+00             216.553           1.713e+01     
 107.000         315.000           -5.861e+00          -1.322e+01             194.853          -6.743e+00             215.383           1.717e+01     
 106.000         315.000           -5.888e+00          -1.357e+01             193.179          -6.700e+00             214.250           1.721e+01     
 105.000         315.000           -5.912e+00          -1.393e+01             191.459          -6.658e+00             213.154           1.725e+01     
 104.000         315.000           -5.934e+00          -1.431e+01             189.685          -6.616e+00             212.095           1.727e+01     
 103.000         315.000           -5.953e+00          -1.470e+01             187.847          -6.574e+00             211.071           1.730e+01     
 102.000         315.000           -5.969e+00          -1.511e+01             185.934          -6.533e+00             210.082           1.731e+01     
 101.000         315.000           -5.983e+00          -1.554e+01             183.933          -6.493e+00             209.127           1.733e+01     
 100.000         315.000           -5.995e+00          -1.599e+01             181.828          -6.454e+00             208.205           1.734e+01     
  99.000         315.000           -6.006e+00          -1.645e+01             179.596          -6.416e+00             207.315           1.735e+01     
  98.000         315.000           -6.014e+00          -1.694e+01             177.215          -6.380e+00             206.456           1.735e+01     
  97.000         315.000           -6.021e+00          -1.744e+01             174.656          -6.346e+00             205.628           1.736e+01     
  96.000         315.000           -6.027e+00          -1.797e+01             171.883          -6.313e+00             204.829           1.737e+01     
  95.000         315.000           -6.031e+00          -1.852e+01             168.856          -6.283e+00             204.059           1.737e+01     
  94.000         315.000           -6.034e+00          -1.910e+01             165.521          -6.254e+00             203.317           1.738e+01     
  93.000         315.000           -6.036e+00          -1.969e+01             161.819          -6.228e+00             202.601           1.739e+01     
  92.000         315.000           -6.038e+00          -2.030e+01             157.678          -6.204e+00             201.912           1.740e+01     
  91.000         315.000           -6.038e+00          -2.092e+01             153.017          -6.182e+00             201.249           1.741e+01     
  90.000         315.000           -6.038e+00          -2.153e+01             147.752          -6.163e+00             200.610           1.743e+01     
  89.000         315.000           -6.037e+00          -2.212e+01             141.803          -6.146e+00             199.996           1.744e+01     
  88.000         315.000           -6.036e+00          -2.265e+01             135.113          -6.132e+00             199.405           1.746e+01     
  87.000         315.000           -6.035e+00          -2.311e+01             127.681          -6.121e+00             198.837           1.749e+01     
  86.000         315.000           -6.033e+00          -2.345e+01             119.593          -6.112e+00             198.291           1.751e+01     
  85.000         315.000           -6.030e+00          -2.363e+01             111.041          -6.106e+00             197.767           1.754e+01     
  84.000         315.000           -6.028e+00          -2.363e+01             102.317          -6.104e+00             197.265           1.756e+01     
  83.000         315.000           -6.025e+00          -2.346e+01              93.758          -6.104e+00             196.783           1.759e+01     
  82.000         315.000           -6.022e+00          -2.313e+01              85.668          -6.107e+00             196.322           1.763e+01     
  81.000         315.000           -6.018e+00          -2.268e+01              78.257          -6.113e+00             195.881           1.766e+01     
  80.000         315.000           -6.015e+00          -2.214e+01              71.627          -6.122e+00             195.460           1.770e+01     
  79.000         315.000           -6.012e+00          -2.154e+01              65.790          -6.135e+00             195.059           1.773e+01     
  78.000         315.000           -6.008e+00          -2.092e+01              60.694          -6.151e+00             194.676           1.777e+01     
  77.000         315.000           -6.004e+00          -2.029e+01              56.262          -6.170e+00             194.313           1.780e+01     
  76.000         315.000           -6.001e+00          -1.967e+01              52.410          -6.192e+00             193.969           1.784e+01     
  75.000         315.000           -5.997e+00          -1.906e+01              49.055          -6.217e+00             193.643           1.788e+01     
  74.000         315.000           -5.994e+00          -1.847e+01              46.124          -6.246e+00             193.336           1.792e+01     
  73.000         315.000           -5.990e+00          -1.790e+01              43.555          -6.279e+00             193.048           1.795e+01     
  72.000         315.000           -5.986e+00          -1.736e+01              41.295          -6.315e+00             192.779           1.799e+01     
  71.000         315.000           -5.983e+00          -1.684e+01              39.300          -6.354e+00             192.529           1.802e+01     
  70.000         315.000           -5.979e+00          -1.635e+01              37.533          -6.398e+00             192.298           1.806e+01     
  69.000         315.000           -5.976e+00          -1.588e+01              35.965          -6.444e+00             192.085           1.809e+01     
  68.000         315.000           -5.972e+00          -1.543e+01              34.570          -6.495e+00             191.893           1.812e+01     
  67.000         315.000           -5.968e+00          -1.499e+01              33.327          -6.549e+00             191.720           1.815e+01     
  66.000         315.000           -5.965e+00          -1.458e+01              32.220          -6.607e+00             191.566           1.818e+01     
  65.000         315.000           -5.961e+00          -1.419e+01              31.234          -6.669e+00             191.434           1.821e+01     
  64.000         315.000           -5.957e+00          -1.381e+01              30.356          -6.735e+00             191.322           1.824e+01     
  63.000         315.000           -5.954e+00          -1.345e+01              29.577          -6.804e+00             191.232           1.826e+01     
  62.000         315.000           -5.950e+00          -1.311e+01              28.887          -6.878e+00             191.163           1.829e+01     
  61.000         315.000           -5.946e+00          -1.278e+01              28.279          -6.956e+00             191.117           1.831e+01     
  60.000         315.000           -5.942e+00          -1.246e+01              27.746          -7.038e+00             191.095           1.834e+01     
  59.000         315.000           -5.937e+00          -1.215e+01              27.284          -7.124e+00             191.097           1.837e+01     
  58.000         315.000           -5.933e+00          -1.186e+01              26.887          -7.214e+00             191.124           1.840e+01     
  57.000         315.000           -5.928e+00          -1.158e+01              26.551          -7.309e+00             191.178           1.844e+01     
  56.000         315.000           -5.923e+00          -1.131e+01              26.272          -7.408e+00             191.258           1.848e+01     
  55.000         315.000           -5.918e+00          -1.104e+01              26.047          -7.511e+00             191.368           1.852e+01     
  54.000         315.000           -5.912e+00          -1.079e+01              25.874          -7.619e+00             191.507           1.857e+01     
  53.000         315.000           -5.905e+00          -1.055e+01              25.750          -7.731e+00             191.677           1.863e+01     
  52.000         315.000           -5.899e+00          -1.032e+01              25.672          -7.848e+00             191.881           1.870e+01     
  51.000         315.000           -5.891e+00          -1.009e+01              25.639          -7.969e+00             192.119           1.879e+01     
  50.000         315.000           -5.883e+00          -9.872e+00              25.648          -8.095e+00             192.393           1.888e+01     
  49.000         315.000           -5.874e+00          -9.661e+00              25.699          -8.226e+00             192.707           1.899e+01     
  48.000         315.000           -5.864e+00          -9.457e+00              25.790          -8.361e+00             193.061           1.912e+01     
  47.000         315.000           -5.853e+00          -9.259e+00              25.919          -8.500e+00             193.458           1.927e+01     
  46.000         315.000           -5.841e+00          -9.068e+00              26.085          -8.645e+00             193.901           1.945e+01     
  45.000         315.000           -5.827e+00          -8.883e+00              26.287          -8.793e+00             194.392           1.965e+01     
  44.000         315.000           -5.813e+00          -8.703e+00              26.524          -8.946e+00             194.936           1.988e+01     
  43.000         315.000           -5.796e+00          -8.529e+00              26.795          -9.104e+00             195.534           2.014e+01     
  42.000         315.000           -5.779e+00          -8.360e+00              27.098          -9.265e+00             196.190           2.045e+01     
  41.000         315.000           -5.759e+00          -8.195e+00              27.434          -9.431e+00             196.908           2.080e+01     
  40.000         315.000           -5.737e+00          -8.036e+00              27.801          -9.600e+00             197.692           2.121e+01     
  39.000         315.000           -5.714e+00          -7.880e+00              28.199          -9.773e+00             198.546           2.168e+01     
  38.000         315.000           -5.688e+00          -7.729e+00              28.625          -9.948e+00             199.475           2.222e+01     
  37.000         315.000           -5.660e+00          -7.582e+00              29.081          -1.013e+01             200.482           2.285e+01     
  36.000         315.000           -5.629e+00          -7.438e+00              29.564          -1.031e+01             201.573           2.359e+01     
  35.000         315.000           -5.596e+00          -7.298e+00              30.075          -1.049e+01             202.751           2.445e+01     
  34.000         315.000           -5.560e+00          -7.161e+00              30.611          -1.067e+01             204.023           2.549e+01     
  33.000         315.000           -5.521e+00          -7.027e+00              31.173          -1.085e+01             205.393           2.676e+01     
  32.000         315.000           -5.479e+00          -6.896e+00              31.760          -1.103e+01             206.864           2.833e+01     
  31.000         315.000           -5.434e+00          -6.768e+00              32.370          -1.121e+01             208.442           3.039e+01     
  30.000         315.000           -5.385e+00          -6.643e+00              33.003          -1.138e+01             210.129           3.325e+01     
  29.000         315.000           -5.334e+00          -6.519e+00              33.658          -1.155e+01             211.929           3.780e+01     
  28.000         315.000           -5.278e+00          -6.399e+00              34.335          -1.171e+01             213.842           4.000e+01     
  27.000         315.000           -5.219e+00          -6.280e+00              35.031          -1.186e+01             215.871           4.000e+01     
  26.000         315.000           -5.157e+00          -6.163e+00              35.747          -1.200e+01             218.012           3.591e+01     
  25.000         315.000           -5.091e+00          -6.048e+00              36.482          -1.213e+01             220.264           3.160e+01     
  24.000         315.000           -5.022e+00          -5.935e+00              37.234          -1.224e+01             222.621           2.867e+01     
  23.000         315.000           -4.948e+00          -5.823e+00              38.002          -1.234e+01             225.075           2.644e+01     
  22.000         315.000           -4.872e+00          -5.713e+00              38.786          -1.241e+01             227.616           2.463e+01     
  21.000         315.000           -4.791e+00          -5.605e+00              39.584          -1.247e+01             230.232           2.311e+01     
  20.000         315.000           -4.708e+00          -5.498e+00              40.396          -1.250e+01             232.908           2.181e+01     
  19.000         315.000           -4.620e+00          -5.392e+00              41.220          -1.251e+01             235.627           2.066e+01     
  18.000         315.000           -4.530e+00          -5.287e+00              42.056          -1.249e+01             238.372           1.965e+01     
  17.000         315.000           -4.436e+00          -5.184e+00              42.903          -1.245e+01             241.123           1.874e+01     
  16.000         315.000           -4.339e+00          -5.081e+00              43.758          -1.238e+01             243.862           1.792e+01     
  15.000         315.000           -4.239e+00          -4.980e+00              44.623          -1.229e+01             246.569           1.717e+01     
  14.000         315.000           -4.137e+00          -4.880e+00              45.495          -1.217e+01             249.228           1.649e+01     
  13.000         315.000           -4.031e+00          -4.781e+00              46.373          -1.203e+01             251.822           1.586e+01     
  12.000         315.000           -3.924e+00          -4.683e+00              47.257          -1.187e+01             254.339           1.529e+01     
  11.000         315.000           -3.814e+00          -4.586e+00              48.145          -1.170e+01             256.766           1.476e+01     
  10.000         315.000           -3.702e+00          -4.490e+00              49.037          -1.150e+01             259.095           1.428e+01     
   9.000         315.000           -3.589e+00          -4.395e+00              49.931          -1.130e+01             261.320           1.383e+01     
   8.000         315.000           -3.473e+00          -4.301e+00              50.828          -1.108e+01             263.437           1.342e+01     
   7.000         315.000           -3.357e+00          -4.209e+00              51.725          -1.085e+01             265.443           1.303e+01     
   6.000         315.000           -3.239e+00          -4.117e+00              52.622          -1.061e+01             267.338           1.268e+01     
   5.000         315.000           -3.120e+00          -4.027e+00              53.518          -1.037e+01             269.123           1.236e+01     
   4.000         315.000           -3.000e+00          -3.938e+00              54.413          -1.012e+01             270.801           1.207e+01     
   3.000         315.000           -2.880e+00          -3.851e+00              55.306          -9.865e+00             272.375           1.180e+01     
   2.000         315.000           -2.760e+00          -3.765e+00              56.196          -9.611e+00             273.849           1.155e+01     
   1.000         315.000           -2.639e+00          -3.680e+00              57.082          -9.355e+00             275.227           1.132e+01     
