Theta [deg.]  Phi   [deg.]  Abs(Dir.)[dBi   ]   Abs(Theta)[dBi   ]  Phase(Theta)[deg.]  Abs(Phi  )[dBi   ]  Phase(Phi  )[deg.]  Ax.Ratio[dB    ]    
------------------------------------------------------------------------------------------------------------------------------------------------------
   0.000          90.000           -8.511e-01          -1.592e+00             277.407          -8.899e+00              62.315           1.319e+01     
   1.000          90.000           -7.972e-01          -1.521e+00             277.311          -8.934e+00              62.925           1.344e+01     
   2.000          90.000           -7.465e-01          -1.455e+00             277.210          -8.973e+00              63.540           1.369e+01     
   3.000          90.000           -6.991e-01          -1.392e+00             277.103          -9.015e+00              64.159           1.396e+01     
   4.000          90.000           -6.550e-01          -1.332e+00             276.991          -9.060e+00              64.782           1.423e+01     
   5.000          90.000           -6.143e-01          -1.277e+00             276.874          -9.108e+00              65.409           1.450e+01     
   6.000          90.000           -5.770e-01          -1.225e+00             276.751          -9.159e+00              66.039           1.478e+01     
   7.000          90.000           -5.432e-01          -1.177e+00             276.624          -9.213e+00              66.673           1.507e+01     
   8.000          90.000           -5.129e-01          -1.133e+00             276.493          -9.270e+00              67.311           1.537e+01     
   9.000          90.000           -4.861e-01          -1.093e+00             276.357          -9.330e+00              67.951           1.567e+01     
  10.000          90.000           -4.630e-01          -1.058e+00             276.217          -9.393e+00              68.595           1.598e+01     
  11.000          90.000           -4.436e-01          -1.026e+00             276.074          -9.459e+00              69.243           1.631e+01     
  12.000          90.000           -4.278e-01          -9.981e-01             275.928          -9.527e+00              69.893           1.664e+01     
  13.000          90.000           -4.159e-01          -9.745e-01             275.778          -9.599e+00              70.546           1.698e+01     
  14.000          90.000           -4.077e-01          -9.550e-01             275.626          -9.674e+00              71.202           1.733e+01     
  15.000          90.000           -4.034e-01          -9.398e-01             275.471          -9.752e+00              71.861           1.769e+01     
  16.000          90.000           -4.030e-01          -9.289e-01             275.313          -9.832e+00              72.523           1.806e+01     
  17.000          90.000           -4.066e-01          -9.222e-01             275.154          -9.916e+00              73.187           1.844e+01     
  18.000          90.000           -4.141e-01          -9.200e-01             274.992          -1.000e+01              73.854           1.884e+01     
  19.000          90.000           -4.257e-01          -9.220e-01             274.830          -1.009e+01              74.523           1.925e+01     
  20.000          90.000           -4.414e-01          -9.286e-01             274.666          -1.018e+01              75.194           1.968e+01     
  21.000          90.000           -4.612e-01          -9.396e-01             274.500          -1.028e+01              75.868           2.012e+01     
  22.000          90.000           -4.852e-01          -9.551e-01             274.334          -1.038e+01              76.544           2.058e+01     
  23.000          90.000           -5.135e-01          -9.751e-01             274.168          -1.048e+01              77.222           2.107e+01     
  24.000          90.000           -5.460e-01          -9.998e-01             274.001          -1.058e+01              77.901           2.157e+01     
  25.000          90.000           -5.829e-01          -1.029e+00             273.834          -1.069e+01              78.583           2.210e+01     
  26.000          90.000           -6.242e-01          -1.063e+00             273.667          -1.080e+01              79.267           2.265e+01     
  27.000          90.000           -6.700e-01          -1.102e+00             273.500          -1.091e+01              79.952           2.323e+01     
  28.000          90.000           -7.202e-01          -1.146e+00             273.334          -1.102e+01              80.639           2.385e+01     
  29.000          90.000           -7.751e-01          -1.194e+00             273.168          -1.114e+01              81.328           2.451e+01     
  30.000          90.000           -8.346e-01          -1.248e+00             273.003          -1.126e+01              82.018           2.521e+01     
  31.000          90.000           -8.987e-01          -1.306e+00             272.840          -1.138e+01              82.710           2.596e+01     
  32.000          90.000           -9.677e-01          -1.370e+00             272.677          -1.150e+01              83.403           2.677e+01     
  33.000          90.000           -1.041e+00          -1.438e+00             272.517          -1.163e+01              84.098           2.766e+01     
  34.000          90.000           -1.120e+00          -1.512e+00             272.357          -1.176e+01              84.794           2.863e+01     
  35.000          90.000           -1.204e+00          -1.591e+00             272.200          -1.189e+01              85.492           2.972e+01     
  36.000          90.000           -1.293e+00          -1.676e+00             272.044          -1.203e+01              86.191           3.094e+01     
  37.000          90.000           -1.387e+00          -1.766e+00             271.890          -1.216e+01              86.891           3.235e+01     
  38.000          90.000           -1.486e+00          -1.862e+00             271.739          -1.230e+01              87.593           3.401e+01     
  39.000          90.000           -1.591e+00          -1.963e+00             271.589          -1.244e+01              88.296           3.604e+01     
  40.000          90.000           -1.701e+00          -2.070e+00             271.442          -1.259e+01              89.001           3.867e+01     
  41.000          90.000           -1.816e+00          -2.183e+00             271.297          -1.273e+01              89.707           4.000e+01     
  42.000          90.000           -1.938e+00          -2.302e+00             271.155          -1.288e+01              90.414           4.000e+01     
  43.000          90.000           -2.065e+00          -2.428e+00             271.016          -1.303e+01              91.122           4.000e+01     
  44.000          90.000           -2.198e+00          -2.559e+00             270.878          -1.318e+01              91.831           4.000e+01     
  45.000          90.000           -2.338e+00          -2.698e+00             270.743          -1.333e+01              92.541           4.000e+01     
  46.000          90.000           -2.483e+00          -2.843e+00             270.611          -1.348e+01              93.252           3.809e+01     
  47.000          90.000           -2.635e+00          -2.995e+00             270.482          -1.364e+01              93.964           3.569e+01     
  48.000          90.000           -2.794e+00          -3.154e+00             270.354          -1.379e+01              94.678           3.381e+01     
  49.000          90.000           -2.960e+00          -3.320e+00             270.230          -1.395e+01              95.392           3.226e+01     
  50.000          90.000           -3.133e+00          -3.494e+00             270.107          -1.411e+01              96.106           3.095e+01     
  51.000          90.000           -3.313e+00          -3.676e+00             269.986          -1.427e+01              96.822           2.980e+01     
  52.000          90.000           -3.500e+00          -3.866e+00             269.867          -1.443e+01              97.537           2.878e+01     
  53.000          90.000           -3.696e+00          -4.065e+00             269.750          -1.459e+01              98.252           2.785e+01     
  54.000          90.000           -3.900e+00          -4.272e+00             269.634          -1.475e+01              98.967           2.701e+01     
  55.000          90.000           -4.112e+00          -4.489e+00             269.520          -1.492e+01              99.682           2.623e+01     
  56.000          90.000           -4.334e+00          -4.716e+00             269.405          -1.508e+01             100.396           2.550e+01     
  57.000          90.000           -4.564e+00          -4.953e+00             269.291          -1.524e+01             101.108           2.481e+01     
  58.000          90.000           -4.804e+00          -5.201e+00             269.176          -1.540e+01             101.819           2.415e+01     
  59.000          90.000           -5.055e+00          -5.460e+00             269.060          -1.556e+01             102.527           2.353e+01     
  60.000          90.000           -5.316e+00          -5.731e+00             268.942          -1.572e+01             103.232           2.293e+01     
  61.000          90.000           -5.589e+00          -6.016e+00             268.821          -1.588e+01             103.934           2.234e+01     
  62.000          90.000           -5.874e+00          -6.314e+00             268.696          -1.603e+01             104.632           2.177e+01     
  63.000          90.000           -6.171e+00          -6.627e+00             268.566          -1.619e+01             105.325           2.121e+01     
  64.000          90.000           -6.482e+00          -6.955e+00             268.428          -1.634e+01             106.012           2.066e+01     
  65.000          90.000           -6.807e+00          -7.301e+00             268.282          -1.650e+01             106.692           2.011e+01     
  66.000          90.000           -7.148e+00          -7.665e+00             268.125          -1.664e+01             107.364           1.956e+01     
  67.000          90.000           -7.504e+00          -8.049e+00             267.954          -1.679e+01             108.027           1.901e+01     
  68.000          90.000           -7.879e+00          -8.455e+00             267.765          -1.693e+01             108.680           1.846e+01     
  69.000          90.000           -8.272e+00          -8.885e+00             267.556          -1.707e+01             109.321           1.789e+01     
  70.000          90.000           -8.685e+00          -9.342e+00             267.321          -1.721e+01             109.950           1.732e+01     
  71.000          90.000           -9.120e+00          -9.829e+00             267.053          -1.734e+01             110.564           1.673e+01     
  72.000          90.000           -9.578e+00          -1.035e+01             266.746          -1.747e+01             111.162           1.613e+01     
  73.000          90.000           -1.006e+01          -1.090e+01             266.389          -1.759e+01             111.743           1.550e+01     
  74.000          90.000           -1.057e+01          -1.150e+01             265.968          -1.771e+01             112.306           1.485e+01     
  75.000          90.000           -1.111e+01          -1.215e+01             265.468          -1.783e+01             112.847           1.418e+01     
  76.000          90.000           -1.168e+01          -1.286e+01             264.866          -1.793e+01             113.367           1.347e+01     
  77.000          90.000           -1.228e+01          -1.363e+01             264.128          -1.804e+01             113.863           1.274e+01     
  78.000          90.000           -1.292e+01          -1.447e+01             263.211          -1.813e+01             114.333           1.197e+01     
  79.000          90.000           -1.359e+01          -1.542e+01             262.050          -1.822e+01             114.775           1.117e+01     
  80.000          90.000           -1.428e+01          -1.647e+01             260.544          -1.831e+01             115.189           1.035e+01     
  81.000          90.000           -1.501e+01          -1.767e+01             258.536          -1.839e+01             115.573           9.537e+00     
  82.000          90.000           -1.574e+01          -1.906e+01             255.762          -1.846e+01             115.924           8.767e+00     
  83.000          90.000           -1.645e+01          -2.067e+01             251.751          -1.852e+01             116.242           8.129e+00     
  84.000          90.000           -1.712e+01          -2.258e+01             245.603          -1.858e+01             116.526           7.769e+00     
  85.000          90.000           -1.769e+01          -2.482e+01             235.491          -1.863e+01             116.773           7.894e+00     
  86.000          90.000           -1.810e+01          -2.717e+01             217.914          -1.867e+01             116.984           8.715e+00     
  87.000          90.000           -1.828e+01          -2.858e+01             189.887          -1.870e+01             117.156           1.036e+01     
  88.000          90.000           -1.820e+01          -2.763e+01             160.035          -1.873e+01             117.290           1.288e+01     
  89.000          90.000           -1.788e+01          -2.531e+01             140.031          -1.875e+01             117.385           1.639e+01     
  90.000          90.000           -1.736e+01          -2.297e+01             128.550          -1.876e+01             117.440           2.124e+01     
  91.000          90.000           -1.671e+01          -2.094e+01             121.717          -1.877e+01             117.455           2.886e+01     
  92.000          90.000           -1.597e+01          -1.922e+01             117.365          -1.876e+01             117.431           4.000e+01     
  93.000          90.000           -1.521e+01          -1.774e+01             114.428          -1.875e+01             117.366           3.188e+01     
  94.000          90.000           -1.444e+01          -1.646e+01             112.362          -1.873e+01             117.263           2.767e+01     
  95.000          90.000           -1.368e+01          -1.533e+01             110.863          -1.870e+01             117.120           2.589e+01     
  96.000          90.000           -1.296e+01          -1.432e+01             109.755          -1.867e+01             116.940           2.510e+01     
  97.000          90.000           -1.226e+01          -1.340e+01             108.927          -1.862e+01             116.722           2.483e+01     
  98.000          90.000           -1.160e+01          -1.257e+01             108.306          -1.857e+01             116.468           2.487e+01     
  99.000          90.000           -1.097e+01          -1.181e+01             107.843          -1.851e+01             116.179           2.513e+01     
 100.000          90.000           -1.037e+01          -1.110e+01             107.505          -1.845e+01             115.857           2.555e+01     
 101.000          90.000           -9.801e+00          -1.045e+01             107.265          -1.838e+01             115.502           2.608e+01     
 102.000          90.000           -9.259e+00          -9.838e+00             107.105          -1.830e+01             115.117           2.671e+01     
 103.000          90.000           -8.744e+00          -9.265e+00             107.012          -1.821e+01             114.703           2.744e+01     
 104.000          90.000           -8.252e+00          -8.725e+00             106.975          -1.812e+01             114.261           2.826e+01     
 105.000          90.000           -7.783e+00          -8.215e+00             106.986          -1.802e+01             113.793           2.918e+01     
 106.000          90.000           -7.334e+00          -7.731e+00             107.037          -1.792e+01             113.302           3.021e+01     
 107.000          90.000           -6.904e+00          -7.272e+00             107.123          -1.781e+01             112.788           3.138e+01     
 108.000          90.000           -6.492e+00          -6.835e+00             107.240          -1.769e+01             112.253           3.271e+01     
 109.000          90.000           -6.097e+00          -6.418e+00             107.384          -1.757e+01             111.700           3.426e+01     
 110.000          90.000           -5.717e+00          -6.018e+00             107.552          -1.745e+01             111.129           3.613e+01     
 111.000          90.000           -5.351e+00          -5.636e+00             107.742          -1.732e+01             110.543           3.847e+01     
 112.000          90.000           -4.998e+00          -5.269e+00             107.951          -1.718e+01             109.942           4.000e+01     
 113.000          90.000           -4.658e+00          -4.917e+00             108.178          -1.704e+01             109.329           4.000e+01     
 114.000          90.000           -4.330e+00          -4.577e+00             108.420          -1.690e+01             108.705           4.000e+01     
 115.000          90.000           -4.013e+00          -4.250e+00             108.677          -1.676e+01             108.070           4.000e+01     
 116.000          90.000           -3.707e+00          -3.935e+00             108.947          -1.661e+01             107.426           4.000e+01     
 117.000          90.000           -3.410e+00          -3.631e+00             109.229          -1.646e+01             106.775           4.000e+01     
 118.000          90.000           -3.123e+00          -3.337e+00             109.522          -1.630e+01             106.118           3.792e+01     
 119.000          90.000           -2.845e+00          -3.053e+00             109.824          -1.615e+01             105.454           3.587e+01     
 120.000          90.000           -2.575e+00          -2.778e+00             110.136          -1.599e+01             104.786           3.422e+01     
 121.000          90.000           -2.314e+00          -2.511e+00             110.457          -1.583e+01             104.114           3.285e+01     
 122.000          90.000           -2.060e+00          -2.253e+00             110.785          -1.567e+01             103.438           3.166e+01     
 123.000          90.000           -1.814e+00          -2.003e+00             111.121          -1.551e+01             102.760           3.063e+01     
 124.000          90.000           -1.575e+00          -1.761e+00             111.463          -1.535e+01             102.080           2.971e+01     
 125.000          90.000           -1.343e+00          -1.526e+00             111.811          -1.519e+01             101.398           2.887e+01     
 126.000          90.000           -1.117e+00          -1.297e+00             112.165          -1.502e+01             100.715           2.812e+01     
 127.000          90.000           -8.979e-01          -1.076e+00             112.524          -1.486e+01             100.032           2.742e+01     
 128.000          90.000           -6.850e-01          -8.609e-01             112.888          -1.470e+01              99.348           2.678e+01     
 129.000          90.000           -4.781e-01          -6.522e-01             113.255          -1.454e+01              98.663           2.618e+01     
 130.000          90.000           -2.771e-01          -4.496e-01             113.627          -1.437e+01              97.979           2.563e+01     
 131.000          90.000           -8.176e-02          -2.529e-01             114.002          -1.421e+01              97.295           2.510e+01     
 132.000          90.000            1.080e-01          -6.196e-02             114.380          -1.405e+01              96.612           2.461e+01     
 133.000          90.000            2.923e-01           1.234e-01             114.761          -1.389e+01              95.929           2.414e+01     
 134.000          90.000            4.714e-01           3.032e-01             115.144          -1.373e+01              95.247           2.370e+01     
 135.000          90.000            6.452e-01           4.777e-01             115.530          -1.358e+01              94.565           2.327e+01     
 136.000          90.000            8.140e-01           6.470e-01             115.916          -1.342e+01              93.885           2.287e+01     
 137.000          90.000            9.777e-01           8.111e-01             116.305          -1.327e+01              93.205           2.249e+01     
 138.000          90.000            1.137e+00           9.701e-01             116.695          -1.311e+01              92.526           2.212e+01     
 139.000          90.000            1.290e+00           1.124e+00             117.086          -1.296e+01              91.848           2.177e+01     
 140.000          90.000            1.440e+00           1.273e+00             117.477          -1.281e+01              91.170           2.142e+01     
 141.000          90.000            1.584e+00           1.418e+00             117.869          -1.267e+01              90.494           2.110e+01     
 142.000          90.000            1.724e+00           1.557e+00             118.262          -1.252e+01              89.818           2.078e+01     
 143.000          90.000            1.859e+00           1.692e+00             118.654          -1.238e+01              89.143           2.048e+01     
 144.000          90.000            1.990e+00           1.822e+00             119.046          -1.224e+01              88.469           2.018e+01     
 145.000          90.000            2.116e+00           1.948e+00             119.438          -1.210e+01              87.796           1.990e+01     
 146.000          90.000            2.237e+00           2.069e+00             119.828          -1.196e+01              87.124           1.962e+01     
 147.000          90.000            2.354e+00           2.185e+00             120.218          -1.183e+01              86.452           1.935e+01     
 148.000          90.000            2.467e+00           2.297e+00             120.607          -1.170e+01              85.782           1.909e+01     
 149.000          90.000            2.575e+00           2.405e+00             120.995          -1.157e+01              85.112           1.884e+01     
 150.000          90.000            2.679e+00           2.508e+00             121.381          -1.144e+01              84.443           1.860e+01     
 151.000          90.000            2.779e+00           2.606e+00             121.766          -1.132e+01              83.775           1.836e+01     
 152.000          90.000            2.874e+00           2.700e+00             122.148          -1.120e+01              83.107           1.812e+01     
 153.000          90.000            2.964e+00           2.790e+00             122.529          -1.108e+01              82.441           1.790e+01     
 154.000          90.000            3.051e+00           2.875e+00             122.907          -1.096e+01              81.775           1.768e+01     
 155.000          90.000            3.133e+00           2.955e+00             123.283          -1.085e+01              81.110           1.746e+01     
 156.000          90.000            3.210e+00           3.032e+00             123.657          -1.074e+01              80.447           1.725e+01     
 157.000          90.000            3.284e+00           3.104e+00             124.028          -1.063e+01              79.784           1.705e+01     
 158.000          90.000            3.353e+00           3.171e+00             124.396          -1.052e+01              79.122           1.685e+01     
 159.000          90.000            3.417e+00           3.234e+00             124.761          -1.042e+01              78.462           1.665e+01     
 160.000          90.000            3.478e+00           3.293e+00             125.123          -1.032e+01              77.802           1.646e+01     
 161.000          90.000            3.534e+00           3.347e+00             125.481          -1.023e+01              77.144           1.628e+01     
 162.000          90.000            3.586e+00           3.397e+00             125.836          -1.013e+01              76.487           1.609e+01     
 163.000          90.000            3.633e+00           3.443e+00             126.188          -1.004e+01              75.831           1.591e+01     
 164.000          90.000            3.676e+00           3.484e+00             126.536          -9.953e+00              75.177           1.574e+01     
 165.000          90.000            3.715e+00           3.520e+00             126.880          -9.868e+00              74.525           1.557e+01     
 166.000          90.000            3.749e+00           3.553e+00             127.220          -9.786e+00              73.874           1.540e+01     
 167.000          90.000            3.779e+00           3.580e+00             127.557          -9.707e+00              73.224           1.523e+01     
 168.000          90.000            3.805e+00           3.604e+00             127.889          -9.631e+00              72.577           1.507e+01     
 169.000          90.000            3.827e+00           3.623e+00             128.216          -9.558e+00              71.931           1.491e+01     
 170.000          90.000            3.844e+00           3.637e+00             128.540          -9.487e+00              71.287           1.476e+01     
 171.000          90.000            3.856e+00           3.647e+00             128.858          -9.420e+00              70.646           1.460e+01     
 172.000          90.000            3.865e+00           3.653e+00             129.172          -9.356e+00              70.006           1.445e+01     
 173.000          90.000            3.869e+00           3.654e+00             129.482          -9.295e+00              69.369           1.430e+01     
 174.000          90.000            3.868e+00           3.651e+00             129.786          -9.236e+00              68.734           1.415e+01     
 175.000          90.000            3.864e+00           3.643e+00             130.086          -9.181e+00              68.101           1.401e+01     
 176.000          90.000            3.855e+00           3.630e+00             130.380          -9.129e+00              67.472           1.387e+01     
 177.000          90.000            3.841e+00           3.614e+00             130.670          -9.080e+00              66.844           1.373e+01     
 178.000          90.000            3.823e+00           3.592e+00             130.954          -9.033e+00              66.220           1.359e+01     
 179.000          90.000            3.801e+00           3.566e+00             131.233          -8.990e+00              65.598           1.345e+01     
 180.000          90.000            3.774e+00           3.536e+00             131.506          -8.950e+00              64.980           1.332e+01     
 179.000         270.000            3.743e+00           3.501e+00             311.774          -8.913e+00             244.364           1.318e+01     
 178.000         270.000            3.708e+00           3.462e+00             312.036          -8.879e+00             243.752           1.305e+01     
 177.000         270.000            3.668e+00           3.418e+00             312.293          -8.848e+00             243.142           1.292e+01     
 176.000         270.000            3.624e+00           3.369e+00             312.543          -8.820e+00             242.536           1.279e+01     
 175.000         270.000            3.576e+00           3.316e+00             312.789          -8.795e+00             241.933           1.267e+01     
 174.000         270.000            3.523e+00           3.259e+00             313.028          -8.774e+00             241.334           1.254e+01     
 173.000         270.000            3.465e+00           3.197e+00             313.261          -8.755e+00             240.738           1.242e+01     
 172.000         270.000            3.404e+00           3.130e+00             313.488          -8.739e+00             240.146           1.229e+01     
 171.000         270.000            3.338e+00           3.059e+00             313.709          -8.727e+00             239.557           1.217e+01     
 170.000         270.000            3.267e+00           2.983e+00             313.925          -8.717e+00             238.972           1.205e+01     
 169.000         270.000            3.192e+00           2.903e+00             314.133          -8.710e+00             238.391           1.192e+01     
 168.000         270.000            3.113e+00           2.818e+00             314.336          -8.707e+00             237.814           1.180e+01     
 167.000         270.000            3.030e+00           2.728e+00             314.533          -8.706e+00             237.240           1.168e+01     
 166.000         270.000            2.942e+00           2.634e+00             314.723          -8.709e+00             236.671           1.156e+01     
 165.000         270.000            2.849e+00           2.535e+00             314.907          -8.714e+00             236.106           1.144e+01     
 164.000         270.000            2.753e+00           2.432e+00             315.084          -8.723e+00             235.544           1.132e+01     
 163.000         270.000            2.652e+00           2.324e+00             315.255          -8.734e+00             234.987           1.121e+01     
 162.000         270.000            2.547e+00           2.212e+00             315.420          -8.748e+00             234.434           1.109e+01     
 161.000         270.000            2.437e+00           2.095e+00             315.578          -8.765e+00             233.885           1.097e+01     
 160.000         270.000            2.323e+00           1.973e+00             315.730          -8.786e+00             233.341           1.085e+01     
 159.000         270.000            2.205e+00           1.847e+00             315.876          -8.809e+00             232.801           1.073e+01     
 158.000         270.000            2.083e+00           1.716e+00             316.016          -8.835e+00             232.265           1.061e+01     
 157.000         270.000            1.956e+00           1.581e+00             316.149          -8.863e+00             231.733           1.049e+01     
 156.000         270.000            1.825e+00           1.440e+00             316.275          -8.895e+00             231.206           1.037e+01     
 155.000         270.000            1.690e+00           1.296e+00             316.396          -8.929e+00             230.683           1.025e+01     
 154.000         270.000            1.550e+00           1.146e+00             316.511          -8.966e+00             230.164           1.013e+01     
 153.000         270.000            1.407e+00           9.924e-01             316.619          -9.006e+00             229.650           1.001e+01     
 152.000         270.000            1.259e+00           8.338e-01             316.721          -9.048e+00             229.140           9.892e+00     
 151.000         270.000            1.106e+00           6.705e-01             316.818          -9.094e+00             228.635           9.769e+00     
 150.000         270.000            9.501e-01           5.026e-01             316.909          -9.141e+00             228.134           9.646e+00     
 149.000         270.000            7.896e-01           3.299e-01             316.994          -9.191e+00             227.638           9.522e+00     
 148.000         270.000            6.250e-01           1.526e-01             317.073          -9.244e+00             227.146           9.397e+00     
 147.000         270.000            4.562e-01          -2.945e-02             317.147          -9.299e+00             226.659           9.270e+00     
 146.000         270.000            2.833e-01          -2.162e-01             317.217          -9.357e+00             226.177           9.142e+00     
 145.000         270.000            1.062e-01          -4.078e-01             317.281          -9.417e+00             225.699           9.013e+00     
 144.000         270.000           -7.492e-02          -6.041e-01             317.340          -9.479e+00             225.225           8.882e+00     
 143.000         270.000           -2.601e-01          -8.052e-01             317.395          -9.543e+00             224.756           8.750e+00     
 142.000         270.000           -4.494e-01          -1.011e+00             317.446          -9.610e+00             224.292           8.616e+00     
 141.000         270.000           -6.427e-01          -1.222e+00             317.493          -9.678e+00             223.833           8.480e+00     
 140.000         270.000           -8.401e-01          -1.438e+00             317.537          -9.749e+00             223.378           8.342e+00     
 139.000         270.000           -1.041e+00          -1.658e+00             317.577          -9.821e+00             222.928           8.202e+00     
 138.000         270.000           -1.247e+00          -1.884e+00             317.615          -9.895e+00             222.483           8.059e+00     
 137.000         270.000           -1.456e+00          -2.115e+00             317.651          -9.971e+00             222.043           7.914e+00     
 136.000         270.000           -1.669e+00          -2.351e+00             317.684          -1.005e+01             221.607           7.767e+00     
 135.000         270.000           -1.886e+00          -2.592e+00             317.717          -1.013e+01             221.177           7.617e+00     
 134.000         270.000           -2.107e+00          -2.838e+00             317.749          -1.021e+01             220.752           7.465e+00     
 133.000         270.000           -2.332e+00          -3.090e+00             317.781          -1.029e+01             220.332           7.309e+00     
 132.000         270.000           -2.561e+00          -3.347e+00             317.814          -1.037e+01             219.916           7.151e+00     
 131.000         270.000           -2.794e+00          -3.609e+00             317.848          -1.046e+01             219.506           6.989e+00     
 130.000         270.000           -3.030e+00          -3.877e+00             317.885          -1.054e+01             219.102           6.824e+00     
 129.000         270.000           -3.270e+00          -4.151e+00             317.925          -1.063e+01             218.703           6.656e+00     
 128.000         270.000           -3.514e+00          -4.431e+00             317.969          -1.072e+01             218.309           6.485e+00     
 127.000         270.000           -3.762e+00          -4.717e+00             318.019          -1.081e+01             217.921           6.310e+00     
 126.000         270.000           -4.013e+00          -5.009e+00             318.076          -1.089e+01             217.539           6.132e+00     
 125.000         270.000           -4.267e+00          -5.307e+00             318.141          -1.098e+01             217.163           5.951e+00     
 124.000         270.000           -4.525e+00          -5.612e+00             318.215          -1.107e+01             216.792           5.766e+00     
 123.000         270.000           -4.787e+00          -5.924e+00             318.301          -1.116e+01             216.429           5.578e+00     
 122.000         270.000           -5.051e+00          -6.242e+00             318.400          -1.125e+01             216.071           5.387e+00     
 121.000         270.000           -5.319e+00          -6.568e+00             318.514          -1.134e+01             215.720           5.193e+00     
 120.000         270.000           -5.590e+00          -6.901e+00             318.645          -1.143e+01             215.376           4.998e+00     
 119.000         270.000           -5.863e+00          -7.242e+00             318.796          -1.152e+01             215.039           4.802e+00     
 118.000         270.000           -6.140e+00          -7.591e+00             318.971          -1.160e+01             214.709           4.606e+00     
 117.000         270.000           -6.418e+00          -7.949e+00             319.171          -1.169e+01             214.387           4.411e+00     
 116.000         270.000           -6.699e+00          -8.315e+00             319.400          -1.178e+01             214.072           4.220e+00     
 115.000         270.000           -6.982e+00          -8.690e+00             319.663          -1.186e+01             213.765           4.035e+00     
 114.000         270.000           -7.267e+00          -9.076e+00             319.963          -1.194e+01             213.467           3.860e+00     
 113.000         270.000           -7.553e+00          -9.471e+00             320.306          -1.203e+01             213.177           3.699e+00     
 112.000         270.000           -7.840e+00          -9.876e+00             320.698          -1.211e+01             212.895           3.559e+00     
 111.000         270.000           -8.127e+00          -1.029e+01             321.146          -1.219e+01             212.623           3.446e+00     
 110.000         270.000           -8.414e+00          -1.072e+01             321.655          -1.226e+01             212.360           3.370e+00     
 109.000         270.000           -8.700e+00          -1.116e+01             322.236          -1.234e+01             212.107           3.339e+00     
 108.000         270.000           -8.984e+00          -1.162e+01             322.899          -1.241e+01             211.863           3.362e+00     
 107.000         270.000           -9.266e+00          -1.208e+01             323.654          -1.248e+01             211.630           3.448e+00     
 106.000         270.000           -9.544e+00          -1.257e+01             324.515          -1.254e+01             211.408           3.602e+00     
 105.000         270.000           -9.818e+00          -1.306e+01             325.497          -1.261e+01             211.196           3.829e+00     
 104.000         270.000           -1.009e+01          -1.357e+01             326.620          -1.267e+01             210.996           4.129e+00     
 103.000         270.000           -1.035e+01          -1.410e+01             327.904          -1.273e+01             210.806           4.503e+00     
 102.000         270.000           -1.060e+01          -1.464e+01             329.374          -1.278e+01             210.629           4.951e+00     
 101.000         270.000           -1.085e+01          -1.520e+01             331.059          -1.283e+01             210.464           5.474e+00     
 100.000         270.000           -1.108e+01          -1.577e+01             332.993          -1.288e+01             210.311           6.075e+00     
  99.000         270.000           -1.130e+01          -1.636e+01             335.216          -1.292e+01             210.170           6.758e+00     
  98.000         270.000           -1.150e+01          -1.695e+01             337.771          -1.296e+01             210.042           7.532e+00     
  97.000         270.000           -1.169e+01          -1.755e+01             340.708          -1.300e+01             209.927           8.409e+00     
  96.000         270.000           -1.187e+01          -1.815e+01             344.079          -1.303e+01             209.825           9.405e+00     
  95.000         270.000           -1.202e+01          -1.874e+01             347.935          -1.306e+01             209.737           1.055e+01     
  94.000         270.000           -1.215e+01          -1.930e+01             352.319          -1.308e+01             209.662           1.187e+01     
  93.000         270.000           -1.226e+01          -1.982e+01             357.257          -1.310e+01             209.600           1.344e+01     
  92.000         270.000           -1.235e+01          -2.027e+01               2.744          -1.312e+01             209.552           1.535e+01     
  91.000         270.000           -1.242e+01          -2.064e+01               8.726          -1.313e+01             209.518           1.779e+01     
  90.000         270.000           -1.246e+01          -2.091e+01              15.095          -1.313e+01             209.498           2.113e+01     
  89.000         270.000           -1.249e+01          -2.105e+01              21.686          -1.314e+01             209.491           2.654e+01     
  88.000         270.000           -1.248e+01          -2.106e+01              28.305          -1.313e+01             209.498           4.000e+01     
  87.000         270.000           -1.246e+01          -2.094e+01              34.747          -1.313e+01             209.519           2.994e+01     
  86.000         270.000           -1.242e+01          -2.071e+01              40.841          -1.312e+01             209.553           2.311e+01     
  85.000         270.000           -1.236e+01          -2.039e+01              46.466          -1.310e+01             209.601           1.943e+01     
  84.000         270.000           -1.228e+01          -2.001e+01              51.559          -1.308e+01             209.662           1.692e+01     
  83.000         270.000           -1.218e+01          -1.957e+01              56.106          -1.306e+01             209.736           1.505e+01     
  82.000         270.000           -1.207e+01          -1.911e+01              60.126          -1.303e+01             209.824           1.356e+01     
  81.000         270.000           -1.195e+01          -1.864e+01              63.661          -1.300e+01             209.924           1.235e+01     
  80.000         270.000           -1.181e+01          -1.816e+01              66.761          -1.296e+01             210.037           1.134e+01     
  79.000         270.000           -1.167e+01          -1.768e+01              69.478          -1.292e+01             210.161           1.048e+01     
  78.000         270.000           -1.151e+01          -1.721e+01              71.862          -1.288e+01             210.298           9.751e+00     
  77.000         270.000           -1.135e+01          -1.676e+01              73.958          -1.283e+01             210.447           9.119e+00     
  76.000         270.000           -1.119e+01          -1.632e+01              75.806          -1.278e+01             210.607           8.573e+00     
  75.000         270.000           -1.101e+01          -1.589e+01              77.441          -1.272e+01             210.779           8.100e+00     
  74.000         270.000           -1.084e+01          -1.548e+01              78.893          -1.266e+01             210.961           7.691e+00     
  73.000         270.000           -1.066e+01          -1.508e+01              80.186          -1.260e+01             211.154           7.337e+00     
  72.000         270.000           -1.047e+01          -1.469e+01              81.343          -1.254e+01             211.357           7.033e+00     
  71.000         270.000           -1.029e+01          -1.432e+01              82.383          -1.247e+01             211.570           6.772e+00     
  70.000         270.000           -1.010e+01          -1.397e+01              83.321          -1.240e+01             211.792           6.550e+00     
  69.000         270.000           -9.918e+00          -1.362e+01              84.170          -1.233e+01             212.024           6.364e+00     
  68.000         270.000           -9.732e+00          -1.329e+01              84.943          -1.225e+01             212.264           6.208e+00     
  67.000         270.000           -9.546e+00          -1.297e+01              85.649          -1.218e+01             212.514           6.080e+00     
  66.000         270.000           -9.360e+00          -1.266e+01              86.296          -1.210e+01             212.772           5.977e+00     
  65.000         270.000           -9.175e+00          -1.236e+01              86.892          -1.202e+01             213.038           5.895e+00     
  64.000         270.000           -8.991e+00          -1.207e+01              87.444          -1.193e+01             213.311           5.834e+00     
  63.000         270.000           -8.809e+00          -1.179e+01              87.957          -1.185e+01             213.593           5.789e+00     
  62.000         270.000           -8.627e+00          -1.151e+01              88.435          -1.177e+01             213.881           5.759e+00     
  61.000         270.000           -8.447e+00          -1.125e+01              88.883          -1.168e+01             214.177           5.743e+00     
  60.000         270.000           -8.269e+00          -1.099e+01              89.305          -1.159e+01             214.480           5.739e+00     
  59.000         270.000           -8.092e+00          -1.074e+01              89.703          -1.150e+01             214.789           5.745e+00     
  58.000         270.000           -7.917e+00          -1.049e+01              90.080          -1.141e+01             215.105           5.760e+00     
  57.000         270.000           -7.743e+00          -1.025e+01              90.440          -1.132e+01             215.427           5.783e+00     
  56.000         270.000           -7.571e+00          -1.001e+01              90.782          -1.123e+01             215.755           5.813e+00     
  55.000         270.000           -7.401e+00          -9.785e+00              91.111          -1.114e+01             216.089           5.849e+00     
  54.000         270.000           -7.233e+00          -9.560e+00              91.426          -1.105e+01             216.429           5.891e+00     
  53.000         270.000           -7.067e+00          -9.340e+00              91.730          -1.097e+01             216.775           5.938e+00     
  52.000         270.000           -6.902e+00          -9.124e+00              92.023          -1.088e+01             217.126           5.989e+00     
  51.000         270.000           -6.739e+00          -8.912e+00              92.307          -1.079e+01             217.483           6.044e+00     
  50.000         270.000           -6.578e+00          -8.704e+00              92.583          -1.070e+01             217.845           6.102e+00     
  49.000         270.000           -6.418e+00          -8.500e+00              92.850          -1.061e+01             218.212           6.164e+00     
  48.000         270.000           -6.260e+00          -8.299e+00              93.110          -1.052e+01             218.585           6.230e+00     
  47.000         270.000           -6.104e+00          -8.102e+00              93.363          -1.044e+01             218.963           6.298e+00     
  46.000         270.000           -5.950e+00          -7.907e+00              93.610          -1.035e+01             219.346           6.369e+00     
  45.000         270.000           -5.797e+00          -7.716e+00              93.850          -1.027e+01             219.734           6.443e+00     
  44.000         270.000           -5.646e+00          -7.527e+00              94.085          -1.019e+01             220.126           6.519e+00     
  43.000         270.000           -5.497e+00          -7.341e+00              94.313          -1.011e+01             220.524           6.599e+00     
  42.000         270.000           -5.349e+00          -7.157e+00              94.536          -1.003e+01             220.927           6.680e+00     
  41.000         270.000           -5.203e+00          -6.976e+00              94.753          -9.948e+00             221.335           6.765e+00     
  40.000         270.000           -5.058e+00          -6.798e+00              94.964          -9.872e+00             221.748           6.852e+00     
  39.000         270.000           -4.915e+00          -6.621e+00              95.170          -9.798e+00             222.165           6.942e+00     
  38.000         270.000           -4.774e+00          -6.447e+00              95.369          -9.726e+00             222.588           7.035e+00     
  37.000         270.000           -4.634e+00          -6.275e+00              95.563          -9.655e+00             223.016           7.130e+00     
  36.000         270.000           -4.496e+00          -6.106e+00              95.750          -9.587e+00             223.448           7.228e+00     
  35.000         270.000           -4.360e+00          -5.938e+00              95.931          -9.521e+00             223.886           7.329e+00     
  34.000         270.000           -4.225e+00          -5.773e+00              96.106          -9.457e+00             224.328           7.433e+00     
  33.000         270.000           -4.092e+00          -5.610e+00              96.274          -9.395e+00             224.776           7.540e+00     
  32.000         270.000           -3.961e+00          -5.449e+00              96.435          -9.335e+00             225.228           7.651e+00     
  31.000         270.000           -3.831e+00          -5.289e+00              96.589          -9.278e+00             225.685           7.764e+00     
  30.000         270.000           -3.703e+00          -5.132e+00              96.736          -9.224e+00             226.148           7.880e+00     
  29.000         270.000           -3.577e+00          -4.978e+00              96.876          -9.172e+00             226.615           8.000e+00     
  28.000         270.000           -3.452e+00          -4.825e+00              97.008          -9.122e+00             227.087           8.123e+00     
  27.000         270.000           -3.329e+00          -4.674e+00              97.132          -9.075e+00             227.564           8.250e+00     
  26.000         270.000           -3.208e+00          -4.526e+00              97.249          -9.031e+00             228.046           8.380e+00     
  25.000         270.000           -3.089e+00          -4.380e+00              97.358          -8.989e+00             228.534           8.514e+00     
  24.000         270.000           -2.972e+00          -4.236e+00              97.459          -8.951e+00             229.026           8.651e+00     
  23.000         270.000           -2.857e+00          -4.094e+00              97.551          -8.915e+00             229.523           8.792e+00     
  22.000         270.000           -2.744e+00          -3.955e+00              97.635          -8.881e+00             230.026           8.937e+00     
  21.000         270.000           -2.633e+00          -3.818e+00              97.711          -8.851e+00             230.533           9.085e+00     
  20.000         270.000           -2.523e+00          -3.684e+00              97.778          -8.823e+00             231.046           9.237e+00     
  19.000         270.000           -2.416e+00          -3.552e+00              97.837          -8.798e+00             231.563           9.393e+00     
  18.000         270.000           -2.311e+00          -3.422e+00              97.888          -8.777e+00             232.086           9.553e+00     
  17.000         270.000           -2.209e+00          -3.295e+00              97.930          -8.758e+00             232.613           9.718e+00     
  16.000         270.000           -2.108e+00          -3.171e+00              97.963          -8.742e+00             233.145           9.886e+00     
  15.000         270.000           -2.010e+00          -3.050e+00              97.988          -8.729e+00             233.683           1.006e+01     
  14.000         270.000           -1.914e+00          -2.931e+00              98.004          -8.719e+00             234.225           1.023e+01     
  13.000         270.000           -1.821e+00          -2.815e+00              98.012          -8.712e+00             234.773           1.042e+01     
  12.000         270.000           -1.730e+00          -2.702e+00              98.012          -8.708e+00             235.325           1.060e+01     
  11.000         270.000           -1.642e+00          -2.592e+00              98.004          -8.707e+00             235.882           1.079e+01     
  10.000         270.000           -1.556e+00          -2.485e+00              97.987          -8.709e+00             236.444           1.098e+01     
   9.000         270.000           -1.473e+00          -2.381e+00              97.962          -8.715e+00             237.010           1.118e+01     
   8.000         270.000           -1.392e+00          -2.280e+00              97.930          -8.723e+00             237.581           1.139e+01     
   7.000         270.000           -1.314e+00          -2.182e+00              97.890          -8.734e+00             238.157           1.159e+01     
   6.000         270.000           -1.239e+00          -2.088e+00              97.842          -8.748e+00             238.738           1.181e+01     
   5.000         270.000           -1.167e+00          -1.997e+00              97.787          -8.766e+00             239.323           1.202e+01     
   4.000         270.000           -1.098e+00          -1.909e+00              97.724          -8.786e+00             239.913           1.225e+01     
   3.000         270.000           -1.032e+00          -1.824e+00              97.655          -8.810e+00             240.507           1.247e+01     
   2.000         270.000           -9.684e-01          -1.743e+00              97.579          -8.836e+00             241.105           1.271e+01     
   1.000         270.000           -9.082e-01          -1.666e+00              97.496          -8.866e+00             241.708           1.295e+01     
