Theta [deg.]  Phi   [deg.]  Abs(Dir.)[dBi   ]   Abs(Theta)[dBi   ]  Phase(Theta)[deg.]  Abs(Phi  )[dBi   ]  Phase(Phi  )[deg.]  Ax.Ratio[dB    ]    
------------------------------------------------------------------------------------------------------------------------------------------------------
   0.000         135.000           -1.361e+00          -4.957e+00             248.740          -3.856e+00              65.094           3.001e+01     
   1.000         135.000           -1.170e+00          -4.742e+00             249.726          -3.683e+00              65.946           2.969e+01     
   2.000         135.000           -9.825e-01          -4.533e+00             250.669          -3.513e+00              66.768           2.942e+01     
   3.000         135.000           -7.982e-01          -4.329e+00             251.570          -3.344e+00              67.561           2.917e+01     
   4.000         135.000           -6.175e-01          -4.131e+00             252.431          -3.177e+00              68.325           2.896e+01     
   5.000         135.000           -4.407e-01          -3.940e+00             253.256          -3.011e+00              69.061           2.877e+01     
   6.000         135.000           -2.679e-01          -3.755e+00             254.046          -2.849e+00              69.772           2.861e+01     
   7.000         135.000           -9.912e-02          -3.576e+00             254.803          -2.688e+00              70.456           2.846e+01     
   8.000         135.000            6.541e-02          -3.404e+00             255.529          -2.530e+00              71.116           2.833e+01     
   9.000         135.000            2.256e-01          -3.238e+00             256.226          -2.374e+00              71.753           2.821e+01     
  10.000         135.000            3.815e-01          -3.079e+00             256.895          -2.221e+00              72.367           2.810e+01     
  11.000         135.000            5.328e-01          -2.926e+00             257.538          -2.071e+00              72.959           2.801e+01     
  12.000         135.000            6.797e-01          -2.780e+00             258.156          -1.923e+00              73.531           2.792e+01     
  13.000         135.000            8.221e-01          -2.641e+00             258.752          -1.778e+00              74.082           2.784e+01     
  14.000         135.000            9.598e-01          -2.509e+00             259.326          -1.636e+00              74.614           2.776e+01     
  15.000         135.000            1.093e+00          -2.383e+00             259.879          -1.497e+00              75.128           2.769e+01     
  16.000         135.000            1.222e+00          -2.264e+00             260.413          -1.360e+00              75.625           2.762e+01     
  17.000         135.000            1.346e+00          -2.152e+00             260.929          -1.227e+00              76.105           2.756e+01     
  18.000         135.000            1.465e+00          -2.046e+00             261.429          -1.096e+00              76.568           2.750e+01     
  19.000         135.000            1.580e+00          -1.948e+00             261.912          -9.682e-01              77.017           2.744e+01     
  20.000         135.000            1.690e+00          -1.855e+00             262.380          -8.433e-01              77.450           2.738e+01     
  21.000         135.000            1.796e+00          -1.770e+00             262.835          -7.214e-01              77.870           2.732e+01     
  22.000         135.000            1.897e+00          -1.691e+00             263.276          -6.024e-01              78.276           2.727e+01     
  23.000         135.000            1.994e+00          -1.620e+00             263.704          -4.862e-01              78.670           2.721e+01     
  24.000         135.000            2.087e+00          -1.554e+00             264.122          -3.729e-01              79.051           2.716e+01     
  25.000         135.000            2.175e+00          -1.496e+00             264.528          -2.625e-01              79.421           2.710e+01     
  26.000         135.000            2.259e+00          -1.444e+00             264.924          -1.549e-01              79.779           2.705e+01     
  27.000         135.000            2.338e+00          -1.399e+00             265.310          -5.013e-02              80.127           2.699e+01     
  28.000         135.000            2.413e+00          -1.360e+00             265.688           5.186e-02              80.465           2.693e+01     
  29.000         135.000            2.484e+00          -1.329e+00             266.057           1.511e-01              80.793           2.688e+01     
  30.000         135.000            2.551e+00          -1.304e+00             266.418           2.476e-01              81.112           2.682e+01     
  31.000         135.000            2.614e+00          -1.285e+00             266.772           3.414e-01              81.422           2.676e+01     
  32.000         135.000            2.673e+00          -1.274e+00             267.119           4.326e-01              81.723           2.670e+01     
  33.000         135.000            2.728e+00          -1.269e+00             267.460           5.211e-01              82.017           2.664e+01     
  34.000         135.000            2.779e+00          -1.271e+00             267.795           6.071e-01              82.303           2.658e+01     
  35.000         135.000            2.826e+00          -1.280e+00             268.125           6.905e-01              82.582           2.652e+01     
  36.000         135.000            2.870e+00          -1.296e+00             268.449           7.714e-01              82.853           2.646e+01     
  37.000         135.000            2.910e+00          -1.318e+00             268.769           8.498e-01              83.119           2.640e+01     
  38.000         135.000            2.946e+00          -1.348e+00             269.085           9.258e-01              83.378           2.634e+01     
  39.000         135.000            2.979e+00          -1.384e+00             269.397           9.994e-01              83.631           2.628e+01     
  40.000         135.000            3.009e+00          -1.428e+00             269.706           1.071e+00              83.878           2.622e+01     
  41.000         135.000            3.035e+00          -1.478e+00             270.011           1.140e+00              84.121           2.616e+01     
  42.000         135.000            3.058e+00          -1.536e+00             270.313           1.206e+00              84.358           2.610e+01     
  43.000         135.000            3.078e+00          -1.601e+00             270.613           1.271e+00              84.590           2.605e+01     
  44.000         135.000            3.095e+00          -1.674e+00             270.911           1.333e+00              84.818           2.599e+01     
  45.000         135.000            3.109e+00          -1.754e+00             271.207           1.393e+00              85.041           2.594e+01     
  46.000         135.000            3.120e+00          -1.842e+00             271.501           1.452e+00              85.261           2.588e+01     
  47.000         135.000            3.128e+00          -1.937e+00             271.794           1.508e+00              85.476           2.583e+01     
  48.000         135.000            3.134e+00          -2.041e+00             272.086           1.562e+00              85.689           2.578e+01     
  49.000         135.000            3.137e+00          -2.152e+00             272.377           1.614e+00              85.897           2.574e+01     
  50.000         135.000            3.138e+00          -2.272e+00             272.668           1.664e+00              86.103           2.570e+01     
  51.000         135.000            3.136e+00          -2.401e+00             272.959           1.713e+00              86.306           2.566e+01     
  52.000         135.000            3.132e+00          -2.538e+00             273.251           1.759e+00              86.505           2.562e+01     
  53.000         135.000            3.126e+00          -2.684e+00             273.543           1.804e+00              86.703           2.559e+01     
  54.000         135.000            3.118e+00          -2.839e+00             273.835           1.847e+00              86.898           2.556e+01     
  55.000         135.000            3.108e+00          -3.004e+00             274.130           1.889e+00              87.091           2.554e+01     
  56.000         135.000            3.096e+00          -3.179e+00             274.426           1.929e+00              87.281           2.552e+01     
  57.000         135.000            3.083e+00          -3.364e+00             274.724           1.967e+00              87.470           2.551e+01     
  58.000         135.000            3.068e+00          -3.559e+00             275.025           2.004e+00              87.657           2.551e+01     
  59.000         135.000            3.052e+00          -3.766e+00             275.329           2.039e+00              87.843           2.551e+01     
  60.000         135.000            3.034e+00          -3.985e+00             275.636           2.073e+00              88.027           2.552e+01     
  61.000         135.000            3.016e+00          -4.216e+00             275.948           2.105e+00              88.211           2.553e+01     
  62.000         135.000            2.996e+00          -4.460e+00             276.265           2.136e+00              88.393           2.556e+01     
  63.000         135.000            2.976e+00          -4.717e+00             276.587           2.166e+00              88.574           2.559e+01     
  64.000         135.000            2.954e+00          -4.989e+00             276.916           2.194e+00              88.754           2.564e+01     
  65.000         135.000            2.933e+00          -5.276e+00             277.253           2.221e+00              88.933           2.569e+01     
  66.000         135.000            2.910e+00          -5.580e+00             277.598           2.247e+00              89.112           2.575e+01     
  67.000         135.000            2.888e+00          -5.901e+00             277.953           2.272e+00              89.291           2.582e+01     
  68.000         135.000            2.865e+00          -6.241e+00             278.320           2.296e+00              89.469           2.591e+01     
  69.000         135.000            2.842e+00          -6.601e+00             278.700           2.318e+00              89.647           2.601e+01     
  70.000         135.000            2.820e+00          -6.984e+00             279.095           2.340e+00              89.825           2.612e+01     
  71.000         135.000            2.798e+00          -7.391e+00             279.509           2.360e+00              90.003           2.625e+01     
  72.000         135.000            2.776e+00          -7.824e+00             279.944           2.380e+00              90.181           2.639e+01     
  73.000         135.000            2.754e+00          -8.287e+00             280.404           2.399e+00              90.359           2.655e+01     
  74.000         135.000            2.734e+00          -8.782e+00             280.895           2.416e+00              90.537           2.672e+01     
  75.000         135.000            2.714e+00          -9.314e+00             281.422           2.433e+00              90.716           2.691e+01     
  76.000         135.000            2.695e+00          -9.887e+00             281.994           2.449e+00              90.895           2.712e+01     
  77.000         135.000            2.678e+00          -1.051e+01             282.622           2.464e+00              91.075           2.736e+01     
  78.000         135.000            2.662e+00          -1.118e+01             283.319           2.479e+00              91.255           2.761e+01     
  79.000         135.000            2.647e+00          -1.192e+01             284.105           2.492e+00              91.436           2.789e+01     
  80.000         135.000            2.633e+00          -1.273e+01             285.007           2.505e+00              91.618           2.819e+01     
  81.000         135.000            2.621e+00          -1.364e+01             286.065           2.517e+00              91.800           2.852e+01     
  82.000         135.000            2.611e+00          -1.465e+01             287.338           2.529e+00              91.983           2.888e+01     
  83.000         135.000            2.603e+00          -1.581e+01             288.920           2.540e+00              92.167           2.927e+01     
  84.000         135.000            2.596e+00          -1.714e+01             290.964           2.550e+00              92.352           2.969e+01     
  85.000         135.000            2.592e+00          -1.871e+01             293.749           2.559e+00              92.538           3.015e+01     
  86.000         135.000            2.589e+00          -2.060e+01             297.813           2.568e+00              92.724           3.066e+01     
  87.000         135.000            2.589e+00          -2.295e+01             304.341           2.577e+00              92.912           3.120e+01     
  88.000         135.000            2.591e+00          -2.592e+01             316.317           2.585e+00              93.101           3.180e+01     
  89.000         135.000            2.595e+00          -2.922e+01             341.426           2.592e+00              93.291           3.246e+01     
  90.000         135.000            2.602e+00          -3.001e+01              24.162           2.599e+00              93.482           3.319e+01     
  91.000         135.000            2.610e+00          -2.705e+01              56.240           2.606e+00              93.673           3.399e+01     
  92.000         135.000            2.621e+00          -2.385e+01              71.536           2.612e+00              93.866           3.488e+01     
  93.000         135.000            2.635e+00          -2.127e+01              79.446           2.617e+00              94.060           3.588e+01     
  94.000         135.000            2.651e+00          -1.921e+01              84.167           2.622e+00              94.255           3.702e+01     
  95.000         135.000            2.669e+00          -1.752e+01              87.305           2.627e+00              94.451           3.833e+01     
  96.000         135.000            2.689e+00          -1.609e+01              89.557           2.631e+00              94.648           3.988e+01     
  97.000         135.000            2.711e+00          -1.486e+01              91.268           2.635e+00              94.846           4.000e+01     
  98.000         135.000            2.736e+00          -1.378e+01              92.624           2.638e+00              95.045           4.000e+01     
  99.000         135.000            2.763e+00          -1.281e+01              93.737           2.641e+00              95.245           4.000e+01     
 100.000         135.000            2.792e+00          -1.194e+01              94.675           2.643e+00              95.446           4.000e+01     
 101.000         135.000            2.823e+00          -1.116e+01              95.481           2.646e+00              95.647           4.000e+01     
 102.000         135.000            2.856e+00          -1.043e+01              96.191           2.647e+00              95.849           4.000e+01     
 103.000         135.000            2.890e+00          -9.770e+00              96.823           2.648e+00              96.052           4.000e+01     
 104.000         135.000            2.927e+00          -9.155e+00              97.394           2.649e+00              96.256           4.000e+01     
 105.000         135.000            2.965e+00          -8.583e+00              97.916           2.650e+00              96.460           4.000e+01     
 106.000         135.000            3.005e+00          -8.049e+00              98.396           2.650e+00              96.665           4.000e+01     
 107.000         135.000            3.046e+00          -7.548e+00              98.843           2.650e+00              96.870           4.000e+01     
 108.000         135.000            3.088e+00          -7.077e+00              99.261           2.649e+00              97.075           3.898e+01     
 109.000         135.000            3.132e+00          -6.634e+00              99.654           2.648e+00              97.281           3.791e+01     
 110.000         135.000            3.177e+00          -6.214e+00             100.027           2.646e+00              97.487           3.699e+01     
 111.000         135.000            3.222e+00          -5.817e+00             100.381           2.644e+00              97.693           3.619e+01     
 112.000         135.000            3.269e+00          -5.441e+00             100.719           2.641e+00              97.899           3.550e+01     
 113.000         135.000            3.316e+00          -5.083e+00             101.043           2.638e+00              98.105           3.488e+01     
 114.000         135.000            3.364e+00          -4.743e+00             101.355           2.635e+00              98.311           3.433e+01     
 115.000         135.000            3.412e+00          -4.419e+00             101.655           2.631e+00              98.516           3.384e+01     
 116.000         135.000            3.461e+00          -4.111e+00             101.945           2.626e+00              98.721           3.340e+01     
 117.000         135.000            3.510e+00          -3.816e+00             102.226           2.621e+00              98.926           3.301e+01     
 118.000         135.000            3.559e+00          -3.534e+00             102.498           2.615e+00              99.129           3.265e+01     
 119.000         135.000            3.608e+00          -3.265e+00             102.763           2.609e+00              99.332           3.233e+01     
 120.000         135.000            3.656e+00          -3.008e+00             103.021           2.602e+00              99.534           3.203e+01     
 121.000         135.000            3.705e+00          -2.762e+00             103.272           2.594e+00              99.735           3.177e+01     
 122.000         135.000            3.753e+00          -2.526e+00             103.516           2.586e+00              99.935           3.153e+01     
 123.000         135.000            3.800e+00          -2.301e+00             103.755           2.577e+00             100.133           3.131e+01     
 124.000         135.000            3.847e+00          -2.085e+00             103.988           2.568e+00             100.330           3.111e+01     
 125.000         135.000            3.893e+00          -1.879e+00             104.216           2.558e+00             100.525           3.093e+01     
 126.000         135.000            3.938e+00          -1.681e+00             104.439           2.547e+00             100.718           3.076e+01     
 127.000         135.000            3.982e+00          -1.492e+00             104.657           2.535e+00             100.910           3.061e+01     
 128.000         135.000            4.026e+00          -1.311e+00             104.871           2.522e+00             101.099           3.047e+01     
 129.000         135.000            4.067e+00          -1.138e+00             105.080           2.508e+00             101.287           3.035e+01     
 130.000         135.000            4.108e+00          -9.728e-01             105.285           2.494e+00             101.472           3.023e+01     
 131.000         135.000            4.147e+00          -8.149e-01             105.485           2.479e+00             101.654           3.012e+01     
 132.000         135.000            4.185e+00          -6.642e-01             105.682           2.462e+00             101.834           3.003e+01     
 133.000         135.000            4.221e+00          -5.205e-01             105.874           2.445e+00             102.011           2.994e+01     
 134.000         135.000            4.255e+00          -3.837e-01             106.063           2.427e+00             102.184           2.986e+01     
 135.000         135.000            4.288e+00          -2.536e-01             106.247           2.407e+00             102.355           2.978e+01     
 136.000         135.000            4.319e+00          -1.300e-01             106.428           2.387e+00             102.522           2.971e+01     
 137.000         135.000            4.347e+00          -1.275e-02             106.605           2.365e+00             102.686           2.964e+01     
 138.000         135.000            4.374e+00           9.818e-02             106.778           2.343e+00             102.847           2.958e+01     
 139.000         135.000            4.399e+00           2.030e-01             106.947           2.319e+00             103.003           2.952e+01     
 140.000         135.000            4.421e+00           3.017e-01             107.112           2.293e+00             103.156           2.946e+01     
 141.000         135.000            4.441e+00           3.944e-01             107.273           2.267e+00             103.304           2.941e+01     
 142.000         135.000            4.459e+00           4.813e-01             107.431           2.239e+00             103.448           2.935e+01     
 143.000         135.000            4.474e+00           5.623e-01             107.585           2.209e+00             103.587           2.930e+01     
 144.000         135.000            4.486e+00           6.376e-01             107.734           2.179e+00             103.722           2.925e+01     
 145.000         135.000            4.497e+00           7.073e-01             107.880           2.147e+00             103.852           2.920e+01     
 146.000         135.000            4.504e+00           7.713e-01             108.022           2.113e+00             103.977           2.915e+01     
 147.000         135.000            4.509e+00           8.297e-01             108.160           2.078e+00             104.097           2.909e+01     
 148.000         135.000            4.510e+00           8.826e-01             108.293           2.041e+00             104.212           2.904e+01     
 149.000         135.000            4.509e+00           9.299e-01             108.423           2.002e+00             104.321           2.899e+01     
 150.000         135.000            4.505e+00           9.718e-01             108.548           1.962e+00             104.424           2.893e+01     
 151.000         135.000            4.498e+00           1.008e+00             108.669           1.920e+00             104.521           2.887e+01     
 152.000         135.000            4.488e+00           1.039e+00             108.785           1.877e+00             104.613           2.881e+01     
 153.000         135.000            4.475e+00           1.065e+00             108.897           1.831e+00             104.698           2.875e+01     
 154.000         135.000            4.459e+00           1.085e+00             109.004           1.784e+00             104.776           2.868e+01     
 155.000         135.000            4.439e+00           1.100e+00             109.107           1.734e+00             104.848           2.862e+01     
 156.000         135.000            4.416e+00           1.109e+00             109.205           1.683e+00             104.913           2.855e+01     
 157.000         135.000            4.390e+00           1.113e+00             109.297           1.630e+00             104.971           2.847e+01     
 158.000         135.000            4.360e+00           1.112e+00             109.385           1.575e+00             105.022           2.840e+01     
 159.000         135.000            4.327e+00           1.105e+00             109.467           1.518e+00             105.066           2.832e+01     
 160.000         135.000            4.290e+00           1.093e+00             109.545           1.458e+00             105.102           2.823e+01     
 161.000         135.000            4.249e+00           1.075e+00             109.616           1.397e+00             105.130           2.815e+01     
 162.000         135.000            4.205e+00           1.052e+00             109.682           1.333e+00             105.150           2.806e+01     
 163.000         135.000            4.157e+00           1.023e+00             109.742           1.267e+00             105.161           2.796e+01     
 164.000         135.000            4.106e+00           9.893e-01             109.796           1.199e+00             105.164           2.787e+01     
 165.000         135.000            4.050e+00           9.497e-01             109.845           1.128e+00             105.159           2.776e+01     
 166.000         135.000            3.991e+00           9.046e-01             109.886           1.055e+00             105.144           2.766e+01     
 167.000         135.000            3.928e+00           8.538e-01             109.921           9.800e-01             105.120           2.755e+01     
 168.000         135.000            3.860e+00           7.975e-01             109.950           9.023e-01             105.087           2.744e+01     
 169.000         135.000            3.789e+00           7.355e-01             109.971           8.220e-01             105.044           2.733e+01     
 170.000         135.000            3.714e+00           6.678e-01             109.986           7.392e-01             104.991           2.721e+01     
 171.000         135.000            3.635e+00           5.943e-01             109.992           6.539e-01             104.928           2.709e+01     
 172.000         135.000            3.551e+00           5.151e-01             109.991           5.660e-01             104.854           2.696e+01     
 173.000         135.000            3.463e+00           4.300e-01             109.983           4.754e-01             104.770           2.684e+01     
 174.000         135.000            3.371e+00           3.390e-01             109.966           3.822e-01             104.674           2.671e+01     
 175.000         135.000            3.275e+00           2.421e-01             109.940           2.863e-01             104.567           2.657e+01     
 176.000         135.000            3.174e+00           1.392e-01             109.905           1.876e-01             104.448           2.644e+01     
 177.000         135.000            3.069e+00           3.023e-02             109.862           8.620e-02             104.316           2.630e+01     
 178.000         135.000            2.959e+00          -8.488e-02             109.808          -1.800e-02             104.173           2.616e+01     
 179.000         135.000            2.845e+00          -2.062e-01             109.745          -1.250e-01             104.016           2.601e+01     
 180.000         135.000            2.726e+00          -3.337e-01             109.671          -2.348e-01             103.846           2.587e+01     
 179.000         315.000            2.603e+00          -4.676e-01             289.588          -3.475e-01             283.664           2.572e+01     
 178.000         315.000            2.475e+00          -6.079e-01             289.493          -4.632e-01             283.467           2.558e+01     
 177.000         315.000            2.343e+00          -7.548e-01             289.386          -5.817e-01             283.255           2.543e+01     
 176.000         315.000            2.206e+00          -9.082e-01             289.266          -7.033e-01             283.028           2.528e+01     
 175.000         315.000            2.064e+00          -1.068e+00             289.134          -8.277e-01             282.786           2.512e+01     
 174.000         315.000            1.917e+00          -1.235e+00             288.989          -9.552e-01             282.527           2.497e+01     
 173.000         315.000            1.766e+00          -1.409e+00             288.830          -1.086e+00             282.252           2.482e+01     
 172.000         315.000            1.610e+00          -1.590e+00             288.656          -1.219e+00             281.961           2.467e+01     
 171.000         315.000            1.449e+00          -1.777e+00             288.467          -1.356e+00             281.651           2.451e+01     
 170.000         315.000            1.283e+00          -1.972e+00             288.262          -1.495e+00             281.324           2.436e+01     
 169.000         315.000            1.112e+00          -2.175e+00             288.040          -1.638e+00             280.977           2.421e+01     
 168.000         315.000            9.370e-01          -2.384e+00             287.800          -1.783e+00             280.611           2.406e+01     
 167.000         315.000            7.566e-01          -2.601e+00             287.542          -1.932e+00             280.225           2.391e+01     
 166.000         315.000            5.713e-01          -2.826e+00             287.264          -2.083e+00             279.818           2.376e+01     
 165.000         315.000            3.812e-01          -3.059e+00             286.965          -2.238e+00             279.390           2.362e+01     
 164.000         315.000            1.863e-01          -3.300e+00             286.645          -2.395e+00             278.939           2.348e+01     
 163.000         315.000           -1.352e-02          -3.548e+00             286.301          -2.556e+00             278.464           2.334e+01     
 162.000         315.000           -2.181e-01          -3.805e+00             285.932          -2.719e+00             277.966           2.321e+01     
 161.000         315.000           -4.274e-01          -4.070e+00             285.537          -2.886e+00             277.443           2.309e+01     
 160.000         315.000           -6.415e-01          -4.344e+00             285.115          -3.055e+00             276.893           2.297e+01     
 159.000         315.000           -8.602e-01          -4.627e+00             284.663          -3.227e+00             276.317           2.285e+01     
 158.000         315.000           -1.083e+00          -4.918e+00             284.180          -3.401e+00             275.712           2.275e+01     
 157.000         315.000           -1.311e+00          -5.218e+00             283.663          -3.579e+00             275.079           2.265e+01     
 156.000         315.000           -1.543e+00          -5.528e+00             283.110          -3.758e+00             274.416           2.256e+01     
 155.000         315.000           -1.780e+00          -5.846e+00             282.519          -3.941e+00             273.721           2.249e+01     
 154.000         315.000           -2.020e+00          -6.175e+00             281.887          -4.125e+00             272.994           2.243e+01     
 153.000         315.000           -2.264e+00          -6.513e+00             281.211          -4.312e+00             272.234           2.238e+01     
 152.000         315.000           -2.512e+00          -6.860e+00             280.487          -4.501e+00             271.438           2.235e+01     
 151.000         315.000           -2.764e+00          -7.218e+00             279.713          -4.692e+00             270.607           2.235e+01     
 150.000         315.000           -3.018e+00          -7.586e+00             278.883          -4.884e+00             269.739           2.236e+01     
 149.000         315.000           -3.275e+00          -7.964e+00             277.995          -5.078e+00             268.832           2.240e+01     
 148.000         315.000           -3.535e+00          -8.352e+00             277.042          -5.274e+00             267.885           2.247e+01     
 147.000         315.000           -3.798e+00          -8.751e+00             276.020          -5.470e+00             266.897           2.257e+01     
 146.000         315.000           -4.061e+00          -9.160e+00             274.924          -5.667e+00             265.868           2.272e+01     
 145.000         315.000           -4.326e+00          -9.579e+00             273.746          -5.865e+00             264.794           2.291e+01     
 144.000         315.000           -4.592e+00          -1.001e+01             272.481          -6.063e+00             263.677           2.315e+01     
 143.000         315.000           -4.858e+00          -1.045e+01             271.120          -6.261e+00             262.513           2.345e+01     
 142.000         315.000           -5.123e+00          -1.090e+01             269.657          -6.458e+00             261.303           2.383e+01     
 141.000         315.000           -5.387e+00          -1.135e+01             268.081          -6.654e+00             260.046           2.429e+01     
 140.000         315.000           -5.649e+00          -1.182e+01             266.385          -6.849e+00             258.741           2.486e+01     
 139.000         315.000           -5.908e+00          -1.229e+01             264.559          -7.042e+00             257.387           2.557e+01     
 138.000         315.000           -6.164e+00          -1.277e+01             262.593          -7.233e+00             255.985           2.644e+01     
 137.000         315.000           -6.415e+00          -1.326e+01             260.476          -7.421e+00             254.533           2.753e+01     
 136.000         315.000           -6.660e+00          -1.375e+01             258.200          -7.605e+00             253.033           2.893e+01     
 135.000         315.000           -6.900e+00          -1.424e+01             255.753          -7.785e+00             251.485           3.078e+01     
 134.000         315.000           -7.132e+00          -1.473e+01             253.130          -7.961e+00             249.890           3.338e+01     
 133.000         315.000           -7.355e+00          -1.521e+01             250.322          -8.132e+00             248.248           3.746e+01     
 132.000         315.000           -7.570e+00          -1.569e+01             247.327          -8.297e+00             246.562           4.000e+01     
 131.000         315.000           -7.775e+00          -1.616e+01             244.143          -8.456e+00             244.834           4.000e+01     
 130.000         315.000           -7.968e+00          -1.661e+01             240.776          -8.608e+00             243.066           3.724e+01     
 129.000         315.000           -8.151e+00          -1.704e+01             237.235          -8.752e+00             241.262           3.255e+01     
 128.000         315.000           -8.321e+00          -1.745e+01             233.535          -8.888e+00             239.424           2.946e+01     
 127.000         315.000           -8.479e+00          -1.783e+01             229.700          -9.016e+00             237.555           2.715e+01     
 126.000         315.000           -8.625e+00          -1.818e+01             225.757          -9.135e+00             235.662           2.532e+01     
 125.000         315.000           -8.757e+00          -1.849e+01             221.742          -9.245e+00             233.747           2.383e+01     
 124.000         315.000           -8.876e+00          -1.877e+01             217.690          -9.345e+00             231.816           2.257e+01     
 123.000         315.000           -8.982e+00          -1.902e+01             213.643          -9.435e+00             229.873           2.150e+01     
 122.000         315.000           -9.076e+00          -1.924e+01             209.638          -9.516e+00             227.925           2.059e+01     
 121.000         315.000           -9.157e+00          -1.942e+01             205.711          -9.586e+00             225.975           1.981e+01     
 120.000         315.000           -9.227e+00          -1.958e+01             201.894          -9.647e+00             224.030           1.915e+01     
 119.000         315.000           -9.285e+00          -1.972e+01             198.211          -9.697e+00             222.095           1.858e+01     
 118.000         315.000           -9.333e+00          -1.984e+01             194.683          -9.738e+00             220.174           1.810e+01     
 117.000         315.000           -9.370e+00          -1.994e+01             191.321          -9.769e+00             218.273           1.770e+01     
 116.000         315.000           -9.399e+00          -2.004e+01             188.130          -9.791e+00             216.396           1.737e+01     
 115.000         315.000           -9.419e+00          -2.013e+01             185.114          -9.804e+00             214.548           1.710e+01     
 114.000         315.000           -9.432e+00          -2.023e+01             182.268          -9.809e+00             212.732           1.690e+01     
 113.000         315.000           -9.437e+00          -2.033e+01             179.586          -9.806e+00             210.952           1.675e+01     
 112.000         315.000           -9.437e+00          -2.044e+01             177.059          -9.796e+00             209.211           1.666e+01     
 111.000         315.000           -9.431e+00          -2.056e+01             174.676          -9.779e+00             207.511           1.661e+01     
 110.000         315.000           -9.420e+00          -2.070e+01             172.427          -9.756e+00             205.856           1.661e+01     
 109.000         315.000           -9.405e+00          -2.086e+01             170.298          -9.727e+00             204.246           1.666e+01     
 108.000         315.000           -9.386e+00          -2.105e+01             168.276          -9.693e+00             202.683           1.674e+01     
 107.000         315.000           -9.364e+00          -2.125e+01             166.349          -9.654e+00             201.169           1.687e+01     
 106.000         315.000           -9.338e+00          -2.149e+01             164.501          -9.611e+00             199.704           1.704e+01     
 105.000         315.000           -9.311e+00          -2.176e+01             162.718          -9.565e+00             198.288           1.725e+01     
 104.000         315.000           -9.281e+00          -2.206e+01             160.986          -9.516e+00             196.921           1.749e+01     
 103.000         315.000           -9.249e+00          -2.240e+01             159.287          -9.464e+00             195.604           1.778e+01     
 102.000         315.000           -9.216e+00          -2.279e+01             157.603          -9.411e+00             194.337           1.810e+01     
 101.000         315.000           -9.180e+00          -2.322e+01             155.911          -9.355e+00             193.118           1.846e+01     
 100.000         315.000           -9.144e+00          -2.371e+01             154.190          -9.299e+00             191.948           1.887e+01     
  99.000         315.000           -9.106e+00          -2.427e+01             152.401          -9.241e+00             190.825           1.932e+01     
  98.000         315.000           -9.067e+00          -2.489e+01             150.505          -9.183e+00             189.748           1.982e+01     
  97.000         315.000           -9.027e+00          -2.559e+01             148.445          -9.124e+00             188.717           2.037e+01     
  96.000         315.000           -8.986e+00          -2.640e+01             146.142          -9.066e+00             187.732           2.098e+01     
  95.000         315.000           -8.944e+00          -2.732e+01             143.475          -9.008e+00             186.790           2.166e+01     
  94.000         315.000           -8.901e+00          -2.839e+01             140.262          -8.950e+00             185.891           2.240e+01     
  93.000         315.000           -8.857e+00          -2.963e+01             136.203          -8.893e+00             185.034           2.323e+01     
  92.000         315.000           -8.811e+00          -3.108e+01             130.782          -8.837e+00             184.218           2.416e+01     
  91.000         315.000           -8.765e+00          -3.277e+01             123.068          -8.782e+00             183.443           2.521e+01     
  90.000         315.000           -8.718e+00          -3.467e+01             111.357          -8.729e+00             182.706           2.642e+01     
  89.000         315.000           -8.669e+00          -3.650e+01              93.054          -8.677e+00             182.008           2.782e+01     
  88.000         315.000           -8.620e+00          -3.733e+01              67.408          -8.626e+00             181.348           2.949e+01     
  87.000         315.000           -8.570e+00          -3.641e+01              41.461          -8.577e+00             180.724           3.155e+01     
  86.000         315.000           -8.518e+00          -3.443e+01              22.726          -8.530e+00             180.137           3.423e+01     
  85.000         315.000           -8.466e+00          -3.232e+01              10.820          -8.484e+00             179.585           3.808e+01     
  84.000         315.000           -8.413e+00          -3.042e+01               3.127          -8.441e+00             179.067           4.000e+01     
  83.000         315.000           -8.359e+00          -2.876e+01             357.880          -8.399e+00             178.584           4.000e+01     
  82.000         315.000           -8.305e+00          -2.731e+01             354.110          -8.360e+00             178.135           4.000e+01     
  81.000         315.000           -8.250e+00          -2.604e+01             351.283          -8.322e+00             177.719           3.687e+01     
  80.000         315.000           -8.194e+00          -2.491e+01             349.090          -8.287e+00             177.335           3.368e+01     
  79.000         315.000           -8.138e+00          -2.390e+01             347.350          -8.254e+00             176.985           3.140e+01     
  78.000         315.000           -8.081e+00          -2.299e+01             345.934          -8.223e+00             176.667           2.964e+01     
  77.000         315.000           -8.024e+00          -2.216e+01             344.768          -8.195e+00             176.381           2.822e+01     
  76.000         315.000           -7.967e+00          -2.140e+01             343.799          -8.169e+00             176.127           2.703e+01     
  75.000         315.000           -7.910e+00          -2.070e+01             342.989          -8.145e+00             175.905           2.602e+01     
  74.000         315.000           -7.853e+00          -2.006e+01             342.309          -8.123e+00             175.715           2.514e+01     
  73.000         315.000           -7.797e+00          -1.946e+01             341.739          -8.104e+00             175.557           2.438e+01     
  72.000         315.000           -7.741e+00          -1.890e+01             341.264          -8.087e+00             175.430           2.370e+01     
  71.000         315.000           -7.686e+00          -1.839e+01             340.873          -8.072e+00             175.336           2.309e+01     
  70.000         315.000           -7.631e+00          -1.790e+01             340.555          -8.059e+00             175.275           2.255e+01     
  69.000         315.000           -7.578e+00          -1.745e+01             340.305          -8.049e+00             175.246           2.207e+01     
  68.000         315.000           -7.525e+00          -1.703e+01             340.116          -8.041e+00             175.250           2.163e+01     
  67.000         315.000           -7.474e+00          -1.663e+01             339.985          -8.036e+00             175.288           2.123e+01     
  66.000         315.000           -7.424e+00          -1.626e+01             339.908          -8.032e+00             175.359           2.086e+01     
  65.000         315.000           -7.375e+00          -1.591e+01             339.883          -8.031e+00             175.464           2.053e+01     
  64.000         315.000           -7.328e+00          -1.558e+01             339.907          -8.032e+00             175.605           2.023e+01     
  63.000         315.000           -7.283e+00          -1.527e+01             339.980          -8.035e+00             175.780           1.995e+01     
  62.000         315.000           -7.240e+00          -1.498e+01             340.100          -8.039e+00             175.992           1.970e+01     
  61.000         315.000           -7.199e+00          -1.471e+01             340.267          -8.046e+00             176.240           1.947e+01     
  60.000         315.000           -7.160e+00          -1.446e+01             340.480          -8.055e+00             176.526           1.926e+01     
  59.000         315.000           -7.123e+00          -1.422e+01             340.740          -8.065e+00             176.850           1.907e+01     
  58.000         315.000           -7.088e+00          -1.400e+01             341.048          -8.077e+00             177.212           1.889e+01     
  57.000         315.000           -7.055e+00          -1.379e+01             341.403          -8.091e+00             177.615           1.873e+01     
  56.000         315.000           -7.024e+00          -1.359e+01             341.806          -8.105e+00             178.057           1.859e+01     
  55.000         315.000           -6.996e+00          -1.341e+01             342.259          -8.121e+00             178.541           1.846e+01     
  54.000         315.000           -6.969e+00          -1.324e+01             342.763          -8.138e+00             179.067           1.835e+01     
  53.000         315.000           -6.945e+00          -1.308e+01             343.318          -8.156e+00             179.636           1.825e+01     
  52.000         315.000           -6.923e+00          -1.294e+01             343.927          -8.175e+00             180.248           1.816e+01     
  51.000         315.000           -6.903e+00          -1.280e+01             344.592          -8.194e+00             180.905           1.808e+01     
  50.000         315.000           -6.885e+00          -1.268e+01             345.313          -8.213e+00             181.608           1.802e+01     
  49.000         315.000           -6.868e+00          -1.256e+01             346.094          -8.232e+00             182.356           1.798e+01     
  48.000         315.000           -6.852e+00          -1.245e+01             346.936          -8.251e+00             183.151           1.794e+01     
  47.000         315.000           -6.838e+00          -1.235e+01             347.840          -8.269e+00             183.992           1.792e+01     
  46.000         315.000           -6.825e+00          -1.226e+01             348.810          -8.287e+00             184.882           1.792e+01     
  45.000         315.000           -6.812e+00          -1.218e+01             349.847          -8.302e+00             185.819           1.793e+01     
  44.000         315.000           -6.799e+00          -1.210e+01             350.954          -8.316e+00             186.804           1.796e+01     
  43.000         315.000           -6.786e+00          -1.203e+01             352.133          -8.329e+00             187.836           1.800e+01     
  42.000         315.000           -6.773e+00          -1.196e+01             353.384          -8.338e+00             188.916           1.807e+01     
  41.000         315.000           -6.758e+00          -1.190e+01             354.711          -8.345e+00             190.044           1.815e+01     
  40.000         315.000           -6.742e+00          -1.184e+01             356.115          -8.348e+00             191.218           1.826e+01     
  39.000         315.000           -6.724e+00          -1.178e+01             357.596          -8.348e+00             192.437           1.839e+01     
  38.000         315.000           -6.703e+00          -1.173e+01             359.155          -8.343e+00             193.700           1.854e+01     
  37.000         315.000           -6.679e+00          -1.167e+01               0.793          -8.333e+00             195.006           1.873e+01     
  36.000         315.000           -6.650e+00          -1.161e+01               2.508          -8.319e+00             196.352           1.894e+01     
  35.000         315.000           -6.617e+00          -1.155e+01               4.300          -8.299e+00             197.737           1.919e+01     
  34.000         315.000           -6.579e+00          -1.149e+01               6.167          -8.273e+00             199.158           1.947e+01     
  33.000         315.000           -6.535e+00          -1.142e+01               8.105          -8.241e+00             200.612           1.979e+01     
  32.000         315.000           -6.485e+00          -1.134e+01              10.111          -8.202e+00             202.096           2.015e+01     
  31.000         315.000           -6.427e+00          -1.126e+01              12.180          -8.156e+00             203.607           2.055e+01     
  30.000         315.000           -6.362e+00          -1.117e+01              14.305          -8.103e+00             205.141           2.100e+01     
  29.000         315.000           -6.289e+00          -1.107e+01              16.480          -8.043e+00             206.693           2.150e+01     
  28.000         315.000           -6.207e+00          -1.097e+01              18.696          -7.975e+00             208.261           2.206e+01     
  27.000         315.000           -6.117e+00          -1.085e+01              20.947          -7.899e+00             209.839           2.268e+01     
  26.000         315.000           -6.017e+00          -1.072e+01              23.221          -7.815e+00             211.425           2.337e+01     
  25.000         315.000           -5.909e+00          -1.057e+01              25.510          -7.724e+00             213.012           2.413e+01     
  24.000         315.000           -5.791e+00          -1.042e+01              27.803          -7.625e+00             214.598           2.497e+01     
  23.000         315.000           -5.664e+00          -1.025e+01              30.091          -7.519e+00             216.178           2.591e+01     
  22.000         315.000           -5.529e+00          -1.008e+01              32.364          -7.406e+00             217.747           2.696e+01     
  21.000         315.000           -5.384e+00          -9.889e+00              34.613          -7.285e+00             219.304           2.814e+01     
  20.000         315.000           -5.232e+00          -9.691e+00              36.829          -7.158e+00             220.843           2.947e+01     
  19.000         315.000           -5.072e+00          -9.483e+00              39.005          -7.024e+00             222.361           3.101e+01     
  18.000         315.000           -4.904e+00          -9.266e+00              41.134          -6.885e+00             223.856           3.281e+01     
  17.000         315.000           -4.730e+00          -9.042e+00              43.209          -6.740e+00             225.325           3.497e+01     
  16.000         315.000           -4.549e+00          -8.811e+00              45.226          -6.590e+00             226.765           3.772e+01     
  15.000         315.000           -4.364e+00          -8.574e+00              47.181          -6.435e+00             228.174           4.000e+01     
  14.000         315.000           -4.173e+00          -8.332e+00              49.072          -6.276e+00             229.551           4.000e+01     
  13.000         315.000           -3.979e+00          -8.087e+00              50.895          -6.113e+00             230.894           4.000e+01     
  12.000         315.000           -3.781e+00          -7.839e+00              52.651          -5.947e+00             232.203           4.000e+01     
  11.000         315.000           -3.580e+00          -7.590e+00              54.338          -5.779e+00             233.475           4.000e+01     
  10.000         315.000           -3.378e+00          -7.340e+00              55.958          -5.608e+00             234.712           3.944e+01     
   9.000         315.000           -3.174e+00          -7.090e+00              57.510          -5.435e+00             235.911           3.727e+01     
   8.000         315.000           -2.969e+00          -6.841e+00              58.995          -5.260e+00             237.074           3.565e+01     
   7.000         315.000           -2.764e+00          -6.593e+00              60.417          -5.085e+00             238.200           3.440e+01     
   6.000         315.000           -2.559e+00          -6.348e+00              61.776          -4.909e+00             239.290           3.339e+01     
   5.000         315.000           -2.355e+00          -6.106e+00              63.074          -4.732e+00             240.344           3.257e+01     
   4.000         315.000           -2.152e+00          -5.867e+00              64.314          -4.556e+00             241.362           3.188e+01     
   3.000         315.000           -1.951e+00          -5.633e+00              65.499          -4.380e+00             242.345           3.130e+01     
   2.000         315.000           -1.752e+00          -5.403e+00              66.630          -4.204e+00             243.295           3.080e+01     
   1.000         315.000           -1.555e+00          -5.177e+00              67.710          -4.029e+00             244.211           3.038e+01     
