Theta [deg.]  Phi   [deg.]  Abs(Dir.)[dBi   ]   Abs(Theta)[dBi   ]  Phase(Theta)[deg.]  Abs(Phi  )[dBi   ]  Phase(Phi  )[deg.]  Ax.Ratio[dB    ]    
------------------------------------------------------------------------------------------------------------------------------------------------------
   0.000           0.000            3.100e+00          -1.997e+01             258.616           3.079e+00             183.126           2.333e+01     
   1.000           0.000            3.127e+00          -1.999e+01             258.326           3.106e+00             182.900           2.338e+01     
   2.000           0.000            3.153e+00          -2.001e+01             258.038           3.132e+00             182.675           2.343e+01     
   3.000           0.000            3.178e+00          -2.003e+01             257.752           3.158e+00             182.452           2.348e+01     
   4.000           0.000            3.203e+00          -2.006e+01             257.467           3.183e+00             182.230           2.354e+01     
   5.000           0.000            3.227e+00          -2.009e+01             257.183           3.207e+00             182.010           2.360e+01     
   6.000           0.000            3.250e+00          -2.013e+01             256.901           3.230e+00             181.791           2.366e+01     
   7.000           0.000            3.273e+00          -2.017e+01             256.620           3.253e+00             181.575           2.372e+01     
   8.000           0.000            3.294e+00          -2.021e+01             256.339           3.275e+00             181.360           2.379e+01     
   9.000           0.000            3.315e+00          -2.025e+01             256.060           3.296e+00             181.147           2.386e+01     
  10.000           0.000            3.336e+00          -2.030e+01             255.780           3.317e+00             180.936           2.393e+01     
  11.000           0.000            3.355e+00          -2.035e+01             255.502           3.337e+00             180.727           2.400e+01     
  12.000           0.000            3.374e+00          -2.041e+01             255.223           3.356e+00             180.519           2.408e+01     
  13.000           0.000            3.392e+00          -2.047e+01             254.944           3.374e+00             180.315           2.416e+01     
  14.000           0.000            3.409e+00          -2.053e+01             254.665           3.392e+00             180.112           2.424e+01     
  15.000           0.000            3.426e+00          -2.060e+01             254.385           3.409e+00             179.911           2.433e+01     
  16.000           0.000            3.442e+00          -2.067e+01             254.104           3.425e+00             179.713           2.442e+01     
  17.000           0.000            3.457e+00          -2.074e+01             253.823           3.441e+00             179.517           2.451e+01     
  18.000           0.000            3.472e+00          -2.082e+01             253.540           3.456e+00             179.324           2.461e+01     
  19.000           0.000            3.486e+00          -2.090e+01             253.255           3.470e+00             179.133           2.471e+01     
  20.000           0.000            3.500e+00          -2.098e+01             252.968           3.484e+00             178.944           2.481e+01     
  21.000           0.000            3.512e+00          -2.107e+01             252.679           3.497e+00             178.758           2.492e+01     
  22.000           0.000            3.524e+00          -2.117e+01             252.387           3.510e+00             178.575           2.503e+01     
  23.000           0.000            3.536e+00          -2.126e+01             252.092           3.521e+00             178.394           2.514e+01     
  24.000           0.000            3.547e+00          -2.137e+01             251.794           3.533e+00             178.217           2.526e+01     
  25.000           0.000            3.557e+00          -2.147e+01             251.491           3.543e+00             178.042           2.539e+01     
  26.000           0.000            3.567e+00          -2.158e+01             251.184           3.553e+00             177.870           2.551e+01     
  27.000           0.000            3.576e+00          -2.170e+01             250.872           3.563e+00             177.701           2.564e+01     
  28.000           0.000            3.584e+00          -2.182e+01             250.555           3.572e+00             177.534           2.578e+01     
  29.000           0.000            3.592e+00          -2.194e+01             250.231           3.580e+00             177.371           2.592e+01     
  30.000           0.000            3.599e+00          -2.207e+01             249.900           3.588e+00             177.211           2.607e+01     
  31.000           0.000            3.606e+00          -2.221e+01             249.562           3.595e+00             177.054           2.622e+01     
  32.000           0.000            3.613e+00          -2.235e+01             249.216           3.602e+00             176.901           2.637e+01     
  33.000           0.000            3.618e+00          -2.249e+01             248.860           3.608e+00             176.750           2.654e+01     
  34.000           0.000            3.624e+00          -2.265e+01             248.495           3.614e+00             176.603           2.670e+01     
  35.000           0.000            3.629e+00          -2.280e+01             248.118           3.619e+00             176.460           2.688e+01     
  36.000           0.000            3.633e+00          -2.296e+01             247.730           3.623e+00             176.319           2.706e+01     
  37.000           0.000            3.637e+00          -2.313e+01             247.328           3.628e+00             176.183           2.724e+01     
  38.000           0.000            3.640e+00          -2.331e+01             246.911           3.631e+00             176.049           2.744e+01     
  39.000           0.000            3.643e+00          -2.349e+01             246.479           3.635e+00             175.919           2.764e+01     
  40.000           0.000            3.646e+00          -2.368e+01             246.029           3.638e+00             175.793           2.784e+01     
  41.000           0.000            3.648e+00          -2.387e+01             245.559           3.640e+00             175.671           2.806e+01     
  42.000           0.000            3.650e+00          -2.407e+01             245.069           3.642e+00             175.552           2.828e+01     
  43.000           0.000            3.651e+00          -2.428e+01             244.555           3.644e+00             175.437           2.852e+01     
  44.000           0.000            3.652e+00          -2.450e+01             244.016           3.645e+00             175.325           2.876e+01     
  45.000           0.000            3.652e+00          -2.472e+01             243.448           3.646e+00             175.218           2.901e+01     
  46.000           0.000            3.653e+00          -2.496e+01             242.849           3.647e+00             175.114           2.928e+01     
  47.000           0.000            3.652e+00          -2.520e+01             242.215           3.647e+00             175.014           2.955e+01     
  48.000           0.000            3.652e+00          -2.545e+01             241.544           3.647e+00             174.918           2.984e+01     
  49.000           0.000            3.651e+00          -2.571e+01             240.830           3.646e+00             174.826           3.014e+01     
  50.000           0.000            3.650e+00          -2.598e+01             240.069           3.645e+00             174.739           3.045e+01     
  51.000           0.000            3.648e+00          -2.625e+01             239.257           3.644e+00             174.655           3.078e+01     
  52.000           0.000            3.647e+00          -2.654e+01             238.386           3.643e+00             174.575           3.113e+01     
  53.000           0.000            3.645e+00          -2.684e+01             237.451           3.641e+00             174.499           3.149e+01     
  54.000           0.000            3.642e+00          -2.716e+01             236.444           3.639e+00             174.428           3.188e+01     
  55.000           0.000            3.640e+00          -2.748e+01             235.355           3.636e+00             174.360           3.228e+01     
  56.000           0.000            3.637e+00          -2.781e+01             234.177           3.634e+00             174.297           3.271e+01     
  57.000           0.000            3.634e+00          -2.816e+01             232.896           3.631e+00             174.238           3.316e+01     
  58.000           0.000            3.631e+00          -2.852e+01             231.500           3.628e+00             174.183           3.364e+01     
  59.000           0.000            3.627e+00          -2.889e+01             229.974           3.625e+00             174.133           3.416e+01     
  60.000           0.000            3.623e+00          -2.927e+01             228.302           3.621e+00             174.086           3.471e+01     
  61.000           0.000            3.619e+00          -2.966e+01             226.465           3.617e+00             174.044           3.530e+01     
  62.000           0.000            3.615e+00          -3.007e+01             224.441           3.613e+00             174.007           3.594e+01     
  63.000           0.000            3.611e+00          -3.048e+01             222.207           3.609e+00             173.973           3.664e+01     
  64.000           0.000            3.606e+00          -3.091e+01             219.735           3.605e+00             173.944           3.740e+01     
  65.000           0.000            3.602e+00          -3.133e+01             216.997           3.600e+00             173.920           3.825e+01     
  66.000           0.000            3.597e+00          -3.176e+01             213.964           3.596e+00             173.899           3.918e+01     
  67.000           0.000            3.592e+00          -3.218e+01             210.605           3.591e+00             173.883           4.000e+01     
  68.000           0.000            3.587e+00          -3.259e+01             206.896           3.586e+00             173.872           4.000e+01     
  69.000           0.000            3.581e+00          -3.298e+01             202.815           3.580e+00             173.865           4.000e+01     
  70.000           0.000            3.576e+00          -3.333e+01             198.355           3.575e+00             173.862           4.000e+01     
  71.000           0.000            3.570e+00          -3.364e+01             193.524           3.569e+00             173.863           4.000e+01     
  72.000           0.000            3.564e+00          -3.390e+01             188.356           3.564e+00             173.869           4.000e+01     
  73.000           0.000            3.559e+00          -3.408e+01             182.908           3.558e+00             173.879           4.000e+01     
  74.000           0.000            3.553e+00          -3.419e+01             177.268           3.552e+00             173.894           4.000e+01     
  75.000           0.000            3.546e+00          -3.420e+01             171.543           3.546e+00             173.913           4.000e+01     
  76.000           0.000            3.540e+00          -3.413e+01             165.851           3.539e+00             173.936           4.000e+01     
  77.000           0.000            3.534e+00          -3.398e+01             160.305           3.533e+00             173.964           4.000e+01     
  78.000           0.000            3.527e+00          -3.375e+01             155.004           3.527e+00             173.996           4.000e+01     
  79.000           0.000            3.521e+00          -3.345e+01             150.020           3.520e+00             174.032           4.000e+01     
  80.000           0.000            3.514e+00          -3.311e+01             145.399           3.513e+00             174.073           4.000e+01     
  81.000           0.000            3.507e+00          -3.272e+01             141.161           3.506e+00             174.117           4.000e+01     
  82.000           0.000            3.500e+00          -3.232e+01             137.304           3.499e+00             174.166           4.000e+01     
  83.000           0.000            3.493e+00          -3.189e+01             133.814           3.492e+00             174.220           3.915e+01     
  84.000           0.000            3.486e+00          -3.146e+01             130.668           3.485e+00             174.277           3.817e+01     
  85.000           0.000            3.479e+00          -3.102e+01             127.837           3.477e+00             174.338           3.729e+01     
  86.000           0.000            3.472e+00          -3.058e+01             125.291           3.470e+00             174.404           3.649e+01     
  87.000           0.000            3.464e+00          -3.016e+01             123.000           3.462e+00             174.474           3.575e+01     
  88.000           0.000            3.457e+00          -2.974e+01             120.938           3.455e+00             174.548           3.508e+01     
  89.000           0.000            3.449e+00          -2.933e+01             119.079           3.447e+00             174.626           3.445e+01     
  90.000           0.000            3.441e+00          -2.893e+01             117.400           3.439e+00             174.707           3.387e+01     
  91.000           0.000            3.433e+00          -2.854e+01             115.881           3.431e+00             174.793           3.332e+01     
  92.000           0.000            3.425e+00          -2.817e+01             114.505           3.422e+00             174.883           3.281e+01     
  93.000           0.000            3.417e+00          -2.781e+01             113.255           3.414e+00             174.976           3.233e+01     
  94.000           0.000            3.409e+00          -2.746e+01             112.117           3.405e+00             175.074           3.187e+01     
  95.000           0.000            3.400e+00          -2.712e+01             111.080           3.396e+00             175.175           3.144e+01     
  96.000           0.000            3.392e+00          -2.679e+01             110.133           3.388e+00             175.280           3.103e+01     
  97.000           0.000            3.383e+00          -2.648e+01             109.267           3.379e+00             175.389           3.063e+01     
  98.000           0.000            3.374e+00          -2.617e+01             108.474           3.369e+00             175.501           3.026e+01     
  99.000           0.000            3.365e+00          -2.588e+01             107.746           3.360e+00             175.617           2.990e+01     
 100.000           0.000            3.356e+00          -2.559e+01             107.077           3.350e+00             175.736           2.956e+01     
 101.000           0.000            3.347e+00          -2.532e+01             106.461           3.341e+00             175.859           2.924e+01     
 102.000           0.000            3.337e+00          -2.505e+01             105.894           3.331e+00             175.985           2.892e+01     
 103.000           0.000            3.327e+00          -2.480e+01             105.372           3.321e+00             176.114           2.862e+01     
 104.000           0.000            3.317e+00          -2.455e+01             104.889           3.310e+00             176.247           2.833e+01     
 105.000           0.000            3.307e+00          -2.431e+01             104.443           3.300e+00             176.383           2.805e+01     
 106.000           0.000            3.297e+00          -2.408e+01             104.031           3.289e+00             176.523           2.778e+01     
 107.000           0.000            3.286e+00          -2.386e+01             103.650           3.278e+00             176.665           2.753e+01     
 108.000           0.000            3.276e+00          -2.364e+01             103.297           3.267e+00             176.811           2.728e+01     
 109.000           0.000            3.265e+00          -2.343e+01             102.970           3.255e+00             176.959           2.703e+01     
 110.000           0.000            3.253e+00          -2.323e+01             102.667           3.244e+00             177.110           2.680e+01     
 111.000           0.000            3.242e+00          -2.304e+01             102.386           3.232e+00             177.265           2.658e+01     
 112.000           0.000            3.230e+00          -2.285e+01             102.125           3.219e+00             177.422           2.636e+01     
 113.000           0.000            3.218e+00          -2.267e+01             101.883           3.207e+00             177.582           2.615e+01     
 114.000           0.000            3.206e+00          -2.249e+01             101.659           3.194e+00             177.744           2.594e+01     
 115.000           0.000            3.193e+00          -2.232e+01             101.450           3.181e+00             177.909           2.575e+01     
 116.000           0.000            3.180e+00          -2.215e+01             101.256           3.167e+00             178.077           2.556e+01     
 117.000           0.000            3.167e+00          -2.200e+01             101.076           3.154e+00             178.247           2.537e+01     
 118.000           0.000            3.153e+00          -2.184e+01             100.909           3.140e+00             178.419           2.519e+01     
 119.000           0.000            3.140e+00          -2.169e+01             100.754           3.125e+00             178.594           2.502e+01     
 120.000           0.000            3.125e+00          -2.155e+01             100.609           3.110e+00             178.771           2.485e+01     
 121.000           0.000            3.111e+00          -2.141e+01             100.475           3.095e+00             178.950           2.468e+01     
 122.000           0.000            3.096e+00          -2.128e+01             100.350           3.080e+00             179.132           2.452e+01     
 123.000           0.000            3.080e+00          -2.115e+01             100.234           3.064e+00             179.315           2.437e+01     
 124.000           0.000            3.065e+00          -2.102e+01             100.125           3.048e+00             179.501           2.422e+01     
 125.000           0.000            3.049e+00          -2.090e+01             100.025           3.031e+00             179.688           2.408e+01     
 126.000           0.000            3.032e+00          -2.079e+01              99.931           3.014e+00             179.877           2.394e+01     
 127.000           0.000            3.015e+00          -2.068e+01              99.843           2.997e+00             180.068           2.380e+01     
 128.000           0.000            2.998e+00          -2.057e+01              99.761           2.979e+00             180.261           2.367e+01     
 129.000           0.000            2.980e+00          -2.047e+01              99.684           2.960e+00             180.455           2.354e+01     
 130.000           0.000            2.962e+00          -2.037e+01              99.612           2.942e+00             180.651           2.342e+01     
 131.000           0.000            2.943e+00          -2.027e+01              99.545           2.922e+00             180.848           2.330e+01     
 132.000           0.000            2.924e+00          -2.018e+01              99.482           2.903e+00             181.047           2.318e+01     
 133.000           0.000            2.904e+00          -2.009e+01              99.422           2.883e+00             181.247           2.307e+01     
 134.000           0.000            2.884e+00          -2.001e+01              99.366           2.862e+00             181.448           2.296e+01     
 135.000           0.000            2.864e+00          -1.993e+01              99.312           2.841e+00             181.651           2.285e+01     
 136.000           0.000            2.843e+00          -1.985e+01              99.262           2.819e+00             181.855           2.275e+01     
 137.000           0.000            2.821e+00          -1.978e+01              99.213           2.797e+00             182.059           2.265e+01     
 138.000           0.000            2.799e+00          -1.971e+01              99.167           2.775e+00             182.265           2.255e+01     
 139.000           0.000            2.776e+00          -1.965e+01              99.122           2.751e+00             182.472           2.246e+01     
 140.000           0.000            2.753e+00          -1.959e+01              99.078           2.728e+00             182.680           2.237e+01     
 141.000           0.000            2.730e+00          -1.953e+01              99.036           2.704e+00             182.888           2.228e+01     
 142.000           0.000            2.705e+00          -1.947e+01              98.994           2.679e+00             183.098           2.220e+01     
 143.000           0.000            2.681e+00          -1.942e+01              98.954           2.654e+00             183.308           2.212e+01     
 144.000           0.000            2.655e+00          -1.937e+01              98.913           2.628e+00             183.518           2.204e+01     
 145.000           0.000            2.629e+00          -1.933e+01              98.873           2.601e+00             183.729           2.197e+01     
 146.000           0.000            2.603e+00          -1.929e+01              98.833           2.575e+00             183.941           2.190e+01     
 147.000           0.000            2.576e+00          -1.925e+01              98.792           2.547e+00             184.153           2.183e+01     
 148.000           0.000            2.548e+00          -1.922e+01              98.751           2.519e+00             184.366           2.176e+01     
 149.000           0.000            2.520e+00          -1.918e+01              98.709           2.490e+00             184.579           2.170e+01     
 150.000           0.000            2.491e+00          -1.916e+01              98.666           2.461e+00             184.792           2.164e+01     
 151.000           0.000            2.462e+00          -1.913e+01              98.622           2.431e+00             185.005           2.158e+01     
 152.000           0.000            2.432e+00          -1.911e+01              98.576           2.401e+00             185.219           2.152e+01     
 153.000           0.000            2.401e+00          -1.909e+01              98.530           2.370e+00             185.432           2.147e+01     
 154.000           0.000            2.370e+00          -1.907e+01              98.481           2.339e+00             185.646           2.142e+01     
 155.000           0.000            2.338e+00          -1.906e+01              98.430           2.307e+00             185.860           2.138e+01     
 156.000           0.000            2.306e+00          -1.905e+01              98.378           2.274e+00             186.073           2.133e+01     
 157.000           0.000            2.273e+00          -1.905e+01              98.323           2.241e+00             186.287           2.129e+01     
 158.000           0.000            2.239e+00          -1.904e+01              98.265           2.207e+00             186.500           2.125e+01     
 159.000           0.000            2.205e+00          -1.904e+01              98.205           2.172e+00             186.713           2.122e+01     
 160.000           0.000            2.170e+00          -1.905e+01              98.142           2.137e+00             186.926           2.118e+01     
 161.000           0.000            2.135e+00          -1.905e+01              98.076           2.102e+00             187.139           2.115e+01     
 162.000           0.000            2.099e+00          -1.906e+01              98.007           2.066e+00             187.351           2.113e+01     
 163.000           0.000            2.063e+00          -1.907e+01              97.934           2.029e+00             187.563           2.110e+01     
 164.000           0.000            2.025e+00          -1.909e+01              97.858           1.992e+00             187.774           2.108e+01     
 165.000           0.000            1.988e+00          -1.911e+01              97.778           1.954e+00             187.985           2.106e+01     
 166.000           0.000            1.950e+00          -1.913e+01              97.694           1.916e+00             188.195           2.104e+01     
 167.000           0.000            1.911e+00          -1.915e+01              97.607           1.877e+00             188.405           2.103e+01     
 168.000           0.000            1.871e+00          -1.918e+01              97.514           1.837e+00             188.614           2.102e+01     
 169.000           0.000            1.832e+00          -1.921e+01              97.418           1.797e+00             188.823           2.101e+01     
 170.000           0.000            1.791e+00          -1.924e+01              97.316           1.757e+00             189.030           2.100e+01     
 171.000           0.000            1.750e+00          -1.928e+01              97.210           1.716e+00             189.237           2.100e+01     
 172.000           0.000            1.709e+00          -1.932e+01              97.099           1.674e+00             189.444           2.100e+01     
 173.000           0.000            1.667e+00          -1.936e+01              96.983           1.632e+00             189.649           2.100e+01     
 174.000           0.000            1.624e+00          -1.940e+01              96.861           1.590e+00             189.853           2.100e+01     
 175.000           0.000            1.581e+00          -1.945e+01              96.733           1.547e+00             190.057           2.101e+01     
 176.000           0.000            1.538e+00          -1.950e+01              96.600           1.504e+00             190.260           2.102e+01     
 177.000           0.000            1.494e+00          -1.956e+01              96.461           1.460e+00             190.462           2.104e+01     
 178.000           0.000            1.450e+00          -1.961e+01              96.315           1.416e+00             190.662           2.105e+01     
 179.000           0.000            1.405e+00          -1.967e+01              96.163           1.371e+00             190.862           2.107e+01     
 180.000           0.000            1.360e+00          -1.974e+01              96.004           1.326e+00             191.061           2.110e+01     
 179.000         180.000            1.314e+00          -1.980e+01             275.839           1.281e+00              11.258           2.112e+01     
 178.000         180.000            1.268e+00          -1.987e+01             275.666           1.235e+00              11.455           2.115e+01     
 177.000         180.000            1.222e+00          -1.994e+01             275.486           1.189e+00              11.650           2.118e+01     
 176.000         180.000            1.176e+00          -2.002e+01             275.298           1.142e+00              11.844           2.122e+01     
 175.000         180.000            1.129e+00          -2.010e+01             275.103           1.096e+00              12.037           2.126e+01     
 174.000         180.000            1.081e+00          -2.018e+01             274.899           1.049e+00              12.229           2.130e+01     
 173.000         180.000            1.034e+00          -2.026e+01             274.687           1.002e+00              12.419           2.134e+01     
 172.000         180.000            9.862e-01          -2.035e+01             274.466           9.541e-01              12.608           2.139e+01     
 171.000         180.000            9.382e-01          -2.044e+01             274.236           9.065e-01              12.796           2.145e+01     
 170.000         180.000            8.900e-01          -2.053e+01             273.997           8.586e-01              12.982           2.150e+01     
 169.000         180.000            8.417e-01          -2.063e+01             273.748           8.106e-01              13.167           2.156e+01     
 168.000         180.000            7.932e-01          -2.073e+01             273.489           7.625e-01              13.351           2.163e+01     
 167.000         180.000            7.445e-01          -2.084e+01             273.220           7.143e-01              13.533           2.169e+01     
 166.000         180.000            6.958e-01          -2.094e+01             272.941           6.659e-01              13.714           2.176e+01     
 165.000         180.000            6.470e-01          -2.105e+01             272.650           6.176e-01              13.893           2.184e+01     
 164.000         180.000            5.982e-01          -2.116e+01             272.348           5.691e-01              14.071           2.192e+01     
 163.000         180.000            5.493e-01          -2.128e+01             272.034           5.207e-01              14.247           2.200e+01     
 162.000         180.000            5.005e-01          -2.140e+01             271.708           4.724e-01              14.421           2.209e+01     
 161.000         180.000            4.517e-01          -2.152e+01             271.369           4.241e-01              14.594           2.218e+01     
 160.000         180.000            4.030e-01          -2.165e+01             271.017           3.758e-01              14.766           2.228e+01     
 159.000         180.000            3.544e-01          -2.178e+01             270.652           3.278e-01              14.935           2.238e+01     
 158.000         180.000            3.060e-01          -2.191e+01             270.272           2.798e-01              15.103           2.249e+01     
 157.000         180.000            2.577e-01          -2.205e+01             269.878           2.321e-01              15.270           2.260e+01     
 156.000         180.000            2.096e-01          -2.219e+01             269.468           1.845e-01              15.434           2.272e+01     
 155.000         180.000            1.618e-01          -2.233e+01             269.042           1.372e-01              15.597           2.284e+01     
 154.000         180.000            1.142e-01          -2.248e+01             268.600           9.025e-02              15.758           2.297e+01     
 153.000         180.000            6.698e-02          -2.263e+01             268.140           4.358e-02              15.917           2.310e+01     
 152.000         180.000            2.009e-02          -2.278e+01             267.663          -2.740e-03              16.074           2.324e+01     
 151.000         180.000           -2.642e-02          -2.294e+01             267.166          -4.867e-02              16.230           2.339e+01     
 150.000         180.000           -7.251e-02          -2.310e+01             266.650          -9.417e-02              16.383           2.354e+01     
 149.000         180.000           -1.181e-01          -2.327e+01             266.114          -1.392e-01              16.534           2.370e+01     
 148.000         180.000           -1.633e-01          -2.344e+01             265.555          -1.838e-01              16.684           2.386e+01     
 147.000         180.000           -2.079e-01          -2.361e+01             264.975          -2.278e-01              16.831           2.404e+01     
 146.000         180.000           -2.519e-01          -2.379e+01             264.371          -2.712e-01              16.977           2.422e+01     
 145.000         180.000           -2.954e-01          -2.397e+01             263.742          -3.141e-01              17.120           2.440e+01     
 144.000         180.000           -3.382e-01          -2.415e+01             263.087          -3.563e-01              17.261           2.460e+01     
 143.000         180.000           -3.803e-01          -2.434e+01             262.405          -3.978e-01              17.400           2.480e+01     
 142.000         180.000           -4.217e-01          -2.453e+01             261.693          -4.386e-01              17.537           2.502e+01     
 141.000         180.000           -4.624e-01          -2.473e+01             260.952          -4.787e-01              17.671           2.524e+01     
 140.000         180.000           -5.023e-01          -2.493e+01             260.179          -5.180e-01              17.803           2.547e+01     
 139.000         180.000           -5.413e-01          -2.514e+01             259.372          -5.564e-01              17.933           2.572e+01     
 138.000         180.000           -5.795e-01          -2.535e+01             258.529          -5.941e-01              18.060           2.597e+01     
 137.000         180.000           -6.168e-01          -2.556e+01             257.648          -6.308e-01              18.185           2.623e+01     
 136.000         180.000           -6.532e-01          -2.578e+01             256.727          -6.666e-01              18.307           2.651e+01     
 135.000         180.000           -6.886e-01          -2.600e+01             255.764          -7.014e-01              18.427           2.680e+01     
 134.000         180.000           -7.230e-01          -2.623e+01             254.756          -7.353e-01              18.544           2.711e+01     
 133.000         180.000           -7.564e-01          -2.646e+01             253.700          -7.681e-01              18.658           2.743e+01     
 132.000         180.000           -7.887e-01          -2.669e+01             252.594          -7.998e-01              18.770           2.776e+01     
 131.000         180.000           -8.199e-01          -2.693e+01             251.433          -8.305e-01              18.879           2.811e+01     
 130.000         180.000           -8.499e-01          -2.717e+01             250.214          -8.601e-01              18.985           2.848e+01     
 129.000         180.000           -8.788e-01          -2.742e+01             248.934          -8.884e-01              19.088           2.888e+01     
 128.000         180.000           -9.065e-01          -2.767e+01             247.589          -9.157e-01              19.189           2.929e+01     
 127.000         180.000           -9.330e-01          -2.793e+01             246.174          -9.417e-01              19.286           2.972e+01     
 126.000         180.000           -9.582e-01          -2.818e+01             244.685          -9.664e-01              19.380           3.019e+01     
 125.000         180.000           -9.821e-01          -2.844e+01             243.117          -9.899e-01              19.471           3.068e+01     
 124.000         180.000           -1.005e+00          -2.870e+01             241.464          -1.012e+00              19.559           3.121e+01     
 123.000         180.000           -1.026e+00          -2.897e+01             239.722          -1.033e+00              19.643           3.177e+01     
 122.000         180.000           -1.046e+00          -2.923e+01             237.885          -1.053e+00              19.725           3.237e+01     
 121.000         180.000           -1.065e+00          -2.950e+01             235.947          -1.071e+00              19.802           3.302e+01     
 120.000         180.000           -1.082e+00          -2.976e+01             233.903          -1.088e+00              19.877           3.373e+01     
 119.000         180.000           -1.097e+00          -3.003e+01             231.747          -1.103e+00              19.948           3.450e+01     
 118.000         180.000           -1.112e+00          -3.029e+01             229.474          -1.117e+00              20.015           3.534e+01     
 117.000         180.000           -1.125e+00          -3.054e+01             227.080          -1.130e+00              20.079           3.628e+01     
 116.000         180.000           -1.136e+00          -3.079e+01             224.559          -1.141e+00              20.139           3.733e+01     
 115.000         180.000           -1.146e+00          -3.103e+01             221.911          -1.150e+00              20.195           3.853e+01     
 114.000         180.000           -1.154e+00          -3.127e+01             219.132          -1.158e+00              20.247           3.991e+01     
 113.000         180.000           -1.161e+00          -3.148e+01             216.223          -1.165e+00              20.296           4.000e+01     
 112.000         180.000           -1.166e+00          -3.169e+01             213.187          -1.170e+00              20.340           4.000e+01     
 111.000         180.000           -1.170e+00          -3.188e+01             210.029          -1.174e+00              20.381           4.000e+01     
 110.000         180.000           -1.172e+00          -3.204e+01             206.756          -1.176e+00              20.418           4.000e+01     
 109.000         180.000           -1.173e+00          -3.219e+01             203.380          -1.177e+00              20.450           4.000e+01     
 108.000         180.000           -1.172e+00          -3.231e+01             199.913          -1.176e+00              20.478           4.000e+01     
 107.000         180.000           -1.170e+00          -3.240e+01             196.374          -1.173e+00              20.502           4.000e+01     
 106.000         180.000           -1.166e+00          -3.247e+01             192.781          -1.169e+00              20.522           4.000e+01     
 105.000         180.000           -1.161e+00          -3.250e+01             189.156          -1.164e+00              20.538           4.000e+01     
 104.000         180.000           -1.154e+00          -3.251e+01             185.520          -1.157e+00              20.549           4.000e+01     
 103.000         180.000           -1.145e+00          -3.249e+01             181.898          -1.148e+00              20.556           4.000e+01     
 102.000         180.000           -1.135e+00          -3.244e+01             178.311          -1.138e+00              20.558           3.974e+01     
 101.000         180.000           -1.124e+00          -3.236e+01             174.780          -1.127e+00              20.556           3.847e+01     
 100.000         180.000           -1.111e+00          -3.225e+01             171.323          -1.114e+00              20.550           3.737e+01     
  99.000         180.000           -1.096e+00          -3.212e+01             167.956          -1.099e+00              20.539           3.641e+01     
  98.000         180.000           -1.080e+00          -3.197e+01             164.692          -1.083e+00              20.523           3.555e+01     
  97.000         180.000           -1.062e+00          -3.181e+01             161.541          -1.066e+00              20.503           3.477e+01     
  96.000         180.000           -1.043e+00          -3.162e+01             158.509          -1.047e+00              20.478           3.407e+01     
  95.000         180.000           -1.023e+00          -3.142e+01             155.600          -1.027e+00              20.449           3.343e+01     
  94.000         180.000           -1.001e+00          -3.121e+01             152.817          -1.005e+00              20.415           3.284e+01     
  93.000         180.000           -9.779e-01          -3.099e+01             150.158          -9.822e-01              20.376           3.230e+01     
  92.000         180.000           -9.533e-01          -3.076e+01             147.622          -9.578e-01              20.333           3.179e+01     
  91.000         180.000           -9.273e-01          -3.053e+01             145.205          -9.321e-01              20.285           3.132e+01     
  90.000         180.000           -9.000e-01          -3.029e+01             142.904          -9.050e-01              20.232           3.088e+01     
  89.000         180.000           -8.714e-01          -3.005e+01             140.712          -8.766e-01              20.175           3.047e+01     
  88.000         180.000           -8.415e-01          -2.980e+01             138.626          -8.470e-01              20.113           3.008e+01     
  87.000         180.000           -8.103e-01          -2.956e+01             136.639          -8.161e-01              20.047           2.972e+01     
  86.000         180.000           -7.780e-01          -2.932e+01             134.747          -7.841e-01              19.976           2.937e+01     
  85.000         180.000           -7.444e-01          -2.907e+01             132.942          -7.508e-01              19.900           2.905e+01     
  84.000         180.000           -7.097e-01          -2.883e+01             131.221          -7.163e-01              19.820           2.874e+01     
  83.000         180.000           -6.738e-01          -2.860e+01             129.577          -6.808e-01              19.736           2.845e+01     
  82.000         180.000           -6.368e-01          -2.836e+01             128.007          -6.441e-01              19.646           2.817e+01     
  81.000         180.000           -5.987e-01          -2.813e+01             126.504          -6.064e-01              19.553           2.791e+01     
  80.000         180.000           -5.596e-01          -2.790e+01             125.066          -5.676e-01              19.455           2.766e+01     
  79.000         180.000           -5.195e-01          -2.767e+01             123.687          -5.279e-01              19.352           2.742e+01     
  78.000         180.000           -4.784e-01          -2.745e+01             122.364          -4.872e-01              19.245           2.719e+01     
  77.000         180.000           -4.364e-01          -2.723e+01             121.093          -4.455e-01              19.134           2.698e+01     
  76.000         180.000           -3.935e-01          -2.702e+01             119.871          -4.030e-01              19.018           2.677e+01     
  75.000         180.000           -3.497e-01          -2.681e+01             118.695          -3.595e-01              18.899           2.657e+01     
  74.000         180.000           -3.051e-01          -2.660e+01             117.562          -3.153e-01              18.775           2.639e+01     
  73.000         180.000           -2.596e-01          -2.639e+01             116.469          -2.702e-01              18.647           2.621e+01     
  72.000         180.000           -2.135e-01          -2.619e+01             115.414          -2.244e-01              18.514           2.603e+01     
  71.000         180.000           -1.665e-01          -2.600e+01             114.395          -1.779e-01              18.378           2.587e+01     
  70.000         180.000           -1.189e-01          -2.581e+01             113.409          -1.307e-01              18.238           2.571e+01     
  69.000         180.000           -7.069e-02          -2.562e+01             112.454          -8.282e-02              18.094           2.556e+01     
  68.000         180.000           -2.182e-02          -2.543e+01             111.529          -3.433e-02              17.946           2.541e+01     
  67.000         180.000            2.763e-02          -2.525e+01             110.633           1.473e-02              17.795           2.528e+01     
  66.000         180.000            7.762e-02          -2.507e+01             109.762           6.433e-02              17.639           2.514e+01     
  65.000         180.000            1.281e-01          -2.490e+01             108.917           1.144e-01              17.480           2.502e+01     
  64.000         180.000            1.791e-01          -2.473e+01             108.096           1.650e-01              17.318           2.489e+01     
  63.000         180.000            2.305e-01          -2.456e+01             107.297           2.161e-01              17.152           2.478e+01     
  62.000         180.000            2.823e-01          -2.440e+01             106.519           2.675e-01              16.983           2.466e+01     
  61.000         180.000            3.345e-01          -2.424e+01             105.762           3.193e-01              16.810           2.456e+01     
  60.000         180.000            3.869e-01          -2.408e+01             105.024           3.714e-01              16.634           2.445e+01     
  59.000         180.000            4.397e-01          -2.393e+01             104.305           4.238e-01              16.455           2.436e+01     
  58.000         180.000            4.928e-01          -2.377e+01             103.603           4.765e-01              16.273           2.426e+01     
  57.000         180.000            5.460e-01          -2.363e+01             102.917           5.294e-01              16.087           2.417e+01     
  56.000         180.000            5.995e-01          -2.348e+01             102.248           5.825e-01              15.899           2.408e+01     
  55.000         180.000            6.531e-01          -2.334e+01             101.594           6.357e-01              15.708           2.400e+01     
  54.000         180.000            7.068e-01          -2.320e+01             100.955           6.891e-01              15.514           2.392e+01     
  53.000         180.000            7.606e-01          -2.307e+01             100.330           7.426e-01              15.317           2.385e+01     
  52.000         180.000            8.145e-01          -2.294e+01              99.718           7.962e-01              15.118           2.377e+01     
  51.000         180.000            8.684e-01          -2.281e+01              99.119           8.497e-01              14.917           2.370e+01     
  50.000         180.000            9.223e-01          -2.268e+01              98.532           9.033e-01              14.712           2.364e+01     
  49.000         180.000            9.761e-01          -2.256e+01              97.958           9.569e-01              14.506           2.357e+01     
  48.000         180.000            1.030e+00          -2.244e+01              97.394           1.010e+00              14.297           2.351e+01     
  47.000         180.000            1.084e+00          -2.232e+01              96.842           1.064e+00              14.086           2.346e+01     
  46.000         180.000            1.137e+00          -2.221e+01              96.301           1.117e+00              13.872           2.340e+01     
  45.000         180.000            1.191e+00          -2.210e+01              95.769           1.170e+00              13.657           2.335e+01     
  44.000         180.000            1.244e+00          -2.199e+01              95.248           1.223e+00              13.440           2.330e+01     
  43.000         180.000            1.297e+00          -2.188e+01              94.736           1.276e+00              13.221           2.326e+01     
  42.000         180.000            1.350e+00          -2.178e+01              94.234           1.328e+00              13.000           2.321e+01     
  41.000         180.000            1.402e+00          -2.168e+01              93.740           1.381e+00              12.777           2.317e+01     
  40.000         180.000            1.454e+00          -2.158e+01              93.255           1.433e+00              12.553           2.313e+01     
  39.000         180.000            1.506e+00          -2.149e+01              92.778           1.484e+00              12.327           2.310e+01     
  38.000         180.000            1.558e+00          -2.140e+01              92.309           1.536e+00              12.100           2.306e+01     
  37.000         180.000            1.609e+00          -2.131e+01              91.848           1.587e+00              11.871           2.303e+01     
  36.000         180.000            1.660e+00          -2.122e+01              91.395           1.637e+00              11.641           2.300e+01     
  35.000         180.000            1.710e+00          -2.114e+01              90.949           1.688e+00              11.410           2.297e+01     
  34.000         180.000            1.760e+00          -2.106e+01              90.510           1.738e+00              11.177           2.295e+01     
  33.000         180.000            1.810e+00          -2.098e+01              90.078           1.787e+00              10.944           2.293e+01     
  32.000         180.000            1.859e+00          -2.091e+01              89.653           1.836e+00              10.709           2.291e+01     
  31.000         180.000            1.908e+00          -2.083e+01              89.234           1.884e+00              10.474           2.289e+01     
  30.000         180.000            1.956e+00          -2.076e+01              88.822           1.932e+00              10.238           2.287e+01     
  29.000         180.000            2.003e+00          -2.070e+01              88.415           1.980e+00              10.001           2.286e+01     
  28.000         180.000            2.050e+00          -2.063e+01              88.015           2.027e+00               9.763           2.284e+01     
  27.000         180.000            2.097e+00          -2.057e+01              87.620           2.073e+00               9.524           2.283e+01     
  26.000         180.000            2.143e+00          -2.051e+01              87.231           2.119e+00               9.286           2.283e+01     
  25.000         180.000            2.188e+00          -2.046e+01              86.848           2.164e+00               9.046           2.282e+01     
  24.000         180.000            2.233e+00          -2.040e+01              86.469           2.209e+00               8.807           2.282e+01     
  23.000         180.000            2.277e+00          -2.035e+01              86.096           2.253e+00               8.567           2.281e+01     
  22.000         180.000            2.320e+00          -2.030e+01              85.728           2.297e+00               8.326           2.281e+01     
  21.000         180.000            2.363e+00          -2.026e+01              85.364           2.339e+00               8.086           2.282e+01     
  20.000         180.000            2.405e+00          -2.022e+01              85.006           2.382e+00               7.845           2.282e+01     
  19.000         180.000            2.447e+00          -2.018e+01              84.652           2.423e+00               7.605           2.283e+01     
  18.000         180.000            2.488e+00          -2.014e+01              84.302           2.464e+00               7.364           2.283e+01     
  17.000         180.000            2.528e+00          -2.011e+01              83.956           2.504e+00               7.124           2.284e+01     
  16.000         180.000            2.568e+00          -2.007e+01              83.615           2.544e+00               6.884           2.286e+01     
  15.000         180.000            2.606e+00          -2.005e+01              83.278           2.583e+00               6.644           2.287e+01     
  14.000         180.000            2.644e+00          -2.002e+01              82.944           2.621e+00               6.405           2.289e+01     
  13.000         180.000            2.682e+00          -2.000e+01              82.615           2.658e+00               6.165           2.290e+01     
  12.000         180.000            2.718e+00          -1.998e+01              82.289           2.695e+00               5.927           2.292e+01     
  11.000         180.000            2.754e+00          -1.996e+01              81.966           2.731e+00               5.689           2.295e+01     
  10.000         180.000            2.789e+00          -1.995e+01              81.647           2.766e+00               5.451           2.297e+01     
   9.000         180.000            2.824e+00          -1.994e+01              81.332           2.801e+00               5.215           2.300e+01     
   8.000         180.000            2.858e+00          -1.993e+01              81.019           2.835e+00               4.979           2.302e+01     
   7.000         180.000            2.891e+00          -1.992e+01              80.709           2.868e+00               4.743           2.306e+01     
   6.000         180.000            2.923e+00          -1.992e+01              80.403           2.900e+00               4.509           2.309e+01     
   5.000         180.000            2.954e+00          -1.992e+01              80.099           2.932e+00               4.276           2.312e+01     
   4.000         180.000            2.985e+00          -1.992e+01              79.798           2.963e+00               4.043           2.316e+01     
   3.000         180.000            3.015e+00          -1.993e+01              79.499           2.993e+00               3.812           2.320e+01     
   2.000         180.000            3.044e+00          -1.994e+01              79.202           3.022e+00               3.582           2.324e+01     
   1.000         180.000            3.072e+00          -1.995e+01              78.908           3.051e+00               3.353           2.328e+01     
