Theta [deg.]  Phi   [deg.]  Abs(Dir.)[dBi   ]   Abs(Theta)[dBi   ]  Phase(Theta)[deg.]  Abs(Phi  )[dBi   ]  Phase(Phi  )[deg.]  Ax.Ratio[dB    ]    
------------------------------------------------------------------------------------------------------------------------------------------------------
   0.000         135.000           -4.778e-01          -4.038e+00             291.748          -3.000e+00             105.687           2.559e+01     
   1.000         135.000           -4.023e-01          -3.989e+00             291.944          -2.904e+00             106.304           2.622e+01     
   2.000         135.000           -3.286e-01          -3.943e+00             292.139          -2.808e+00             106.912           2.689e+01     
   3.000         135.000           -2.569e-01          -3.901e+00             292.333          -2.714e+00             107.511           2.760e+01     
   4.000         135.000           -1.871e-01          -3.862e+00             292.525          -2.621e+00             108.101           2.835e+01     
   5.000         135.000           -1.192e-01          -3.827e+00             292.717          -2.529e+00             108.683           2.916e+01     
   6.000         135.000           -5.323e-02          -3.795e+00             292.908          -2.437e+00             109.255           3.003e+01     
   7.000         135.000            1.077e-02          -3.767e+00             293.098          -2.347e+00             109.818           3.098e+01     
   8.000         135.000            7.280e-02          -3.743e+00             293.287          -2.259e+00             110.373           3.202e+01     
   9.000         135.000            1.329e-01          -3.722e+00             293.475          -2.171e+00             110.920           3.317e+01     
  10.000         135.000            1.910e-01          -3.704e+00             293.663          -2.085e+00             111.458           3.446e+01     
  11.000         135.000            2.471e-01          -3.690e+00             293.850          -2.000e+00             111.988           3.594e+01     
  12.000         135.000            3.013e-01          -3.680e+00             294.037          -1.916e+00             112.509           3.768e+01     
  13.000         135.000            3.535e-01          -3.674e+00             294.223          -1.833e+00             113.023           3.980e+01     
  14.000         135.000            4.038e-01          -3.671e+00             294.408          -1.752e+00             113.530           4.000e+01     
  15.000         135.000            4.521e-01          -3.672e+00             294.593          -1.673e+00             114.028           4.000e+01     
  16.000         135.000            4.985e-01          -3.677e+00             294.777          -1.594e+00             114.520           4.000e+01     
  17.000         135.000            5.429e-01          -3.685e+00             294.961          -1.517e+00             115.004           4.000e+01     
  18.000         135.000            5.855e-01          -3.697e+00             295.144          -1.442e+00             115.480           4.000e+01     
  19.000         135.000            6.262e-01          -3.714e+00             295.327          -1.368e+00             115.950           4.000e+01     
  20.000         135.000            6.650e-01          -3.734e+00             295.509          -1.295e+00             116.413           4.000e+01     
  21.000         135.000            7.019e-01          -3.757e+00             295.691          -1.224e+00             116.869           4.000e+01     
  22.000         135.000            7.370e-01          -3.785e+00             295.872          -1.154e+00             117.319           3.837e+01     
  23.000         135.000            7.703e-01          -3.817e+00             296.052          -1.086e+00             117.762           3.695e+01     
  24.000         135.000            8.019e-01          -3.853e+00             296.232          -1.019e+00             118.199           3.576e+01     
  25.000         135.000            8.317e-01          -3.892e+00             296.412          -9.531e-01             118.629           3.475e+01     
  26.000         135.000            8.597e-01          -3.936e+00             296.590          -8.890e-01             119.054           3.387e+01     
  27.000         135.000            8.861e-01          -3.984e+00             296.768          -8.262e-01             119.473           3.310e+01     
  28.000         135.000            9.108e-01          -4.036e+00             296.945          -7.649e-01             119.886           3.241e+01     
  29.000         135.000            9.339e-01          -4.092e+00             297.121          -7.050e-01             120.293           3.180e+01     
  30.000         135.000            9.554e-01          -4.153e+00             297.296          -6.464e-01             120.694           3.125e+01     
  31.000         135.000            9.754e-01          -4.217e+00             297.470          -5.892e-01             121.090           3.074e+01     
  32.000         135.000            9.938e-01          -4.286e+00             297.642          -5.333e-01             121.481           3.028e+01     
  33.000         135.000            1.011e+00          -4.360e+00             297.814          -4.788e-01             121.866           2.987e+01     
  34.000         135.000            1.026e+00          -4.438e+00             297.984          -4.255e-01             122.246           2.948e+01     
  35.000         135.000            1.040e+00          -4.521e+00             298.152          -3.736e-01             122.622           2.913e+01     
  36.000         135.000            1.053e+00          -4.608e+00             298.319          -3.229e-01             122.992           2.881e+01     
  37.000         135.000            1.065e+00          -4.700e+00             298.484          -2.734e-01             123.357           2.851e+01     
  38.000         135.000            1.075e+00          -4.797e+00             298.647          -2.252e-01             123.717           2.823e+01     
  39.000         135.000            1.084e+00          -4.898e+00             298.808          -1.782e-01             124.073           2.798e+01     
  40.000         135.000            1.092e+00          -5.005e+00             298.967          -1.323e-01             124.424           2.774e+01     
  41.000         135.000            1.099e+00          -5.117e+00             299.122          -8.761e-02             124.770           2.753e+01     
  42.000         135.000            1.104e+00          -5.234e+00             299.275          -4.403e-02             125.111           2.733e+01     
  43.000         135.000            1.109e+00          -5.356e+00             299.425          -1.545e-03             125.448           2.714e+01     
  44.000         135.000            1.113e+00          -5.484e+00             299.572           3.987e-02             125.781           2.697e+01     
  45.000         135.000            1.116e+00          -5.618e+00             299.715           8.024e-02             126.109           2.682e+01     
  46.000         135.000            1.118e+00          -5.757e+00             299.854           1.196e-01             126.433           2.667e+01     
  47.000         135.000            1.119e+00          -5.902e+00             299.988           1.580e-01             126.753           2.654e+01     
  48.000         135.000            1.120e+00          -6.054e+00             300.118           1.954e-01             127.068           2.642e+01     
  49.000         135.000            1.120e+00          -6.212e+00             300.243           2.318e-01             127.379           2.631e+01     
  50.000         135.000            1.119e+00          -6.377e+00             300.362           2.674e-01             127.686           2.622e+01     
  51.000         135.000            1.118e+00          -6.548e+00             300.476           3.021e-01             127.988           2.613e+01     
  52.000         135.000            1.116e+00          -6.727e+00             300.582           3.360e-01             128.287           2.605e+01     
  53.000         135.000            1.114e+00          -6.913e+00             300.682           3.690e-01             128.581           2.599e+01     
  54.000         135.000            1.111e+00          -7.106e+00             300.774           4.013e-01             128.871           2.593e+01     
  55.000         135.000            1.108e+00          -7.308e+00             300.857           4.328e-01             129.158           2.588e+01     
  56.000         135.000            1.105e+00          -7.519e+00             300.931           4.636e-01             129.440           2.584e+01     
  57.000         135.000            1.102e+00          -7.738e+00             300.995           4.937e-01             129.717           2.581e+01     
  58.000         135.000            1.098e+00          -7.967e+00             301.047           5.232e-01             129.991           2.578e+01     
  59.000         135.000            1.095e+00          -8.205e+00             301.088           5.520e-01             130.261           2.577e+01     
  60.000         135.000            1.091e+00          -8.454e+00             301.115           5.802e-01             130.527           2.576e+01     
  61.000         135.000            1.088e+00          -8.714e+00             301.127           6.078e-01             130.788           2.576e+01     
  62.000         135.000            1.085e+00          -8.986e+00             301.122           6.349e-01             131.046           2.577e+01     
  63.000         135.000            1.082e+00          -9.270e+00             301.099           6.615e-01             131.299           2.579e+01     
  64.000         135.000            1.079e+00          -9.567e+00             301.056           6.875e-01             131.549           2.581e+01     
  65.000         135.000            1.076e+00          -9.879e+00             300.990           7.131e-01             131.794           2.584e+01     
  66.000         135.000            1.074e+00          -1.021e+01             300.898           7.383e-01             132.035           2.588e+01     
  67.000         135.000            1.073e+00          -1.055e+01             300.778           7.630e-01             132.272           2.592e+01     
  68.000         135.000            1.072e+00          -1.091e+01             300.625           7.874e-01             132.505           2.597e+01     
  69.000         135.000            1.071e+00          -1.129e+01             300.434           8.114e-01             132.733           2.603e+01     
  70.000         135.000            1.071e+00          -1.170e+01             300.200           8.350e-01             132.958           2.610e+01     
  71.000         135.000            1.072e+00          -1.212e+01             299.916           8.583e-01             133.178           2.617e+01     
  72.000         135.000            1.073e+00          -1.257e+01             299.575           8.814e-01             133.394           2.626e+01     
  73.000         135.000            1.075e+00          -1.305e+01             299.165           9.041e-01             133.605           2.634e+01     
  74.000         135.000            1.078e+00          -1.357e+01             298.675           9.266e-01             133.813           2.644e+01     
  75.000         135.000            1.082e+00          -1.412e+01             298.087           9.489e-01             134.015           2.654e+01     
  76.000         135.000            1.087e+00          -1.470e+01             297.382           9.710e-01             134.214           2.665e+01     
  77.000         135.000            1.093e+00          -1.534e+01             296.532           9.928e-01             134.408           2.677e+01     
  78.000         135.000            1.100e+00          -1.602e+01             295.500           1.014e+00             134.598           2.689e+01     
  79.000         135.000            1.107e+00          -1.677e+01             294.239           1.036e+00             134.783           2.703e+01     
  80.000         135.000            1.116e+00          -1.759e+01             292.678           1.057e+00             134.964           2.717e+01     
  81.000         135.000            1.126e+00          -1.848e+01             290.724           1.079e+00             135.140           2.731e+01     
  82.000         135.000            1.138e+00          -1.947e+01             288.233           1.100e+00             135.311           2.747e+01     
  83.000         135.000            1.150e+00          -2.057e+01             284.993           1.121e+00             135.478           2.763e+01     
  84.000         135.000            1.164e+00          -2.179e+01             280.679           1.142e+00             135.640           2.780e+01     
  85.000         135.000            1.179e+00          -2.314e+01             274.781           1.162e+00             135.798           2.798e+01     
  86.000         135.000            1.195e+00          -2.458e+01             266.521           1.183e+00             135.950           2.816e+01     
  87.000         135.000            1.212e+00          -2.600e+01             254.858           1.204e+00             136.098           2.836e+01     
  88.000         135.000            1.231e+00          -2.712e+01             239.005           1.224e+00             136.241           2.856e+01     
  89.000         135.000            1.251e+00          -2.747e+01             220.000           1.245e+00             136.380           2.877e+01     
  90.000         135.000            1.272e+00          -2.686e+01             201.463           1.265e+00             136.513           2.898e+01     
  91.000         135.000            1.295e+00          -2.559e+01             186.561           1.286e+00             136.641           2.921e+01     
  92.000         135.000            1.319e+00          -2.410e+01             175.750           1.306e+00             136.765           2.945e+01     
  93.000         135.000            1.344e+00          -2.262e+01             168.085           1.327e+00             136.883           2.969e+01     
  94.000         135.000            1.371e+00          -2.126e+01             162.569           1.347e+00             136.996           2.994e+01     
  95.000         135.000            1.398e+00          -2.002e+01             158.492           1.367e+00             137.104           3.020e+01     
  96.000         135.000            1.428e+00          -1.890e+01             155.395           1.387e+00             137.207           3.047e+01     
  97.000         135.000            1.458e+00          -1.788e+01             152.981           1.407e+00             137.305           3.075e+01     
  98.000         135.000            1.490e+00          -1.696e+01             151.058           1.427e+00             137.398           3.104e+01     
  99.000         135.000            1.523e+00          -1.611e+01             149.497           1.447e+00             137.485           3.134e+01     
 100.000         135.000            1.557e+00          -1.533e+01             148.209           1.467e+00             137.567           3.165e+01     
 101.000         135.000            1.592e+00          -1.461e+01             147.130           1.487e+00             137.644           3.197e+01     
 102.000         135.000            1.628e+00          -1.394e+01             146.216           1.506e+00             137.715           3.229e+01     
 103.000         135.000            1.666e+00          -1.332e+01             145.432           1.526e+00             137.781           3.263e+01     
 104.000         135.000            1.705e+00          -1.273e+01             144.754           1.545e+00             137.842           3.298e+01     
 105.000         135.000            1.744e+00          -1.218e+01             144.160           1.564e+00             137.897           3.334e+01     
 106.000         135.000            1.785e+00          -1.166e+01             143.637           1.584e+00             137.947           3.371e+01     
 107.000         135.000            1.826e+00          -1.116e+01             143.173           1.602e+00             137.991           3.410e+01     
 108.000         135.000            1.869e+00          -1.069e+01             142.757           1.621e+00             138.030           3.449e+01     
 109.000         135.000            1.912e+00          -1.025e+01             142.382           1.640e+00             138.063           3.490e+01     
 110.000         135.000            1.956e+00          -9.826e+00             142.041           1.658e+00             138.091           3.531e+01     
 111.000         135.000            2.001e+00          -9.421e+00             141.730           1.676e+00             138.113           3.575e+01     
 112.000         135.000            2.046e+00          -9.034e+00             141.444           1.694e+00             138.129           3.619e+01     
 113.000         135.000            2.093e+00          -8.663e+00             141.179           1.711e+00             138.140           3.665e+01     
 114.000         135.000            2.139e+00          -8.307e+00             140.932           1.729e+00             138.145           3.712e+01     
 115.000         135.000            2.187e+00          -7.965e+00             140.701           1.746e+00             138.145           3.760e+01     
 116.000         135.000            2.234e+00          -7.637e+00             140.484           1.762e+00             138.138           3.810e+01     
 117.000         135.000            2.282e+00          -7.321e+00             140.278           1.778e+00             138.126           3.862e+01     
 118.000         135.000            2.331e+00          -7.017e+00             140.082           1.794e+00             138.109           3.914e+01     
 119.000         135.000            2.379e+00          -6.723e+00             139.894           1.809e+00             138.085           3.969e+01     
 120.000         135.000            2.428e+00          -6.440e+00             139.713           1.824e+00             138.056           4.000e+01     
 121.000         135.000            2.477e+00          -6.166e+00             139.539           1.839e+00             138.021           4.000e+01     
 122.000         135.000            2.526e+00          -5.902e+00             139.369           1.852e+00             137.980           4.000e+01     
 123.000         135.000            2.575e+00          -5.647e+00             139.204           1.866e+00             137.934           4.000e+01     
 124.000         135.000            2.624e+00          -5.400e+00             139.043           1.879e+00             137.881           4.000e+01     
 125.000         135.000            2.672e+00          -5.161e+00             138.884           1.891e+00             137.823           4.000e+01     
 126.000         135.000            2.721e+00          -4.930e+00             138.728           1.902e+00             137.759           4.000e+01     
 127.000         135.000            2.769e+00          -4.707e+00             138.573           1.913e+00             137.689           4.000e+01     
 128.000         135.000            2.817e+00          -4.490e+00             138.420           1.924e+00             137.614           4.000e+01     
 129.000         135.000            2.864e+00          -4.280e+00             138.267           1.933e+00             137.532           4.000e+01     
 130.000         135.000            2.911e+00          -4.077e+00             138.116           1.942e+00             137.445           4.000e+01     
 131.000         135.000            2.958e+00          -3.881e+00             137.964           1.950e+00             137.351           4.000e+01     
 132.000         135.000            3.004e+00          -3.690e+00             137.813           1.957e+00             137.252           4.000e+01     
 133.000         135.000            3.049e+00          -3.506e+00             137.661           1.964e+00             137.147           4.000e+01     
 134.000         135.000            3.093e+00          -3.328e+00             137.509           1.969e+00             137.036           4.000e+01     
 135.000         135.000            3.137e+00          -3.155e+00             137.356           1.974e+00             136.919           4.000e+01     
 136.000         135.000            3.179e+00          -2.988e+00             137.203           1.978e+00             136.797           4.000e+01     
 137.000         135.000            3.221e+00          -2.826e+00             137.048           1.980e+00             136.668           4.000e+01     
 138.000         135.000            3.262e+00          -2.669e+00             136.892           1.982e+00             136.534           4.000e+01     
 139.000         135.000            3.301e+00          -2.518e+00             136.735           1.983e+00             136.393           4.000e+01     
 140.000         135.000            3.340e+00          -2.372e+00             136.577           1.983e+00             136.247           4.000e+01     
 141.000         135.000            3.377e+00          -2.231e+00             136.417           1.981e+00             136.095           4.000e+01     
 142.000         135.000            3.413e+00          -2.094e+00             136.256           1.979e+00             135.937           4.000e+01     
 143.000         135.000            3.448e+00          -1.963e+00             136.093           1.975e+00             135.772           4.000e+01     
 144.000         135.000            3.482e+00          -1.836e+00             135.928           1.970e+00             135.602           4.000e+01     
 145.000         135.000            3.514e+00          -1.714e+00             135.762           1.964e+00             135.426           4.000e+01     
 146.000         135.000            3.544e+00          -1.597e+00             135.594           1.957e+00             135.244           4.000e+01     
 147.000         135.000            3.573e+00          -1.484e+00             135.424           1.949e+00             135.056           4.000e+01     
 148.000         135.000            3.601e+00          -1.376e+00             135.253           1.939e+00             134.862           4.000e+01     
 149.000         135.000            3.626e+00          -1.272e+00             135.079           1.928e+00             134.662           4.000e+01     
 150.000         135.000            3.650e+00          -1.172e+00             134.904           1.915e+00             134.457           4.000e+01     
 151.000         135.000            3.673e+00          -1.077e+00             134.727           1.901e+00             134.245           4.000e+01     
 152.000         135.000            3.693e+00          -9.867e-01             134.548           1.886e+00             134.027           4.000e+01     
 153.000         135.000            3.712e+00          -9.004e-01             134.368           1.870e+00             133.803           4.000e+01     
 154.000         135.000            3.729e+00          -8.183e-01             134.186           1.851e+00             133.572           4.000e+01     
 155.000         135.000            3.744e+00          -7.404e-01             134.001           1.832e+00             133.336           4.000e+01     
 156.000         135.000            3.757e+00          -6.668e-01             133.816           1.811e+00             133.094           4.000e+01     
 157.000         135.000            3.767e+00          -5.974e-01             133.628           1.788e+00             132.845           4.000e+01     
 158.000         135.000            3.776e+00          -5.322e-01             133.439           1.764e+00             132.591           4.000e+01     
 159.000         135.000            3.783e+00          -4.711e-01             133.248           1.738e+00             132.330           4.000e+01     
 160.000         135.000            3.787e+00          -4.142e-01             133.055           1.711e+00             132.063           4.000e+01     
 161.000         135.000            3.790e+00          -3.614e-01             132.861           1.682e+00             131.790           4.000e+01     
 162.000         135.000            3.790e+00          -3.127e-01             132.665           1.651e+00             131.511           4.000e+01     
 163.000         135.000            3.787e+00          -2.682e-01             132.468           1.619e+00             131.225           3.950e+01     
 164.000         135.000            3.783e+00          -2.277e-01             132.269           1.585e+00             130.933           3.885e+01     
 165.000         135.000            3.776e+00          -1.914e-01             132.069           1.550e+00             130.635           3.822e+01     
 166.000         135.000            3.767e+00          -1.591e-01             131.867           1.512e+00             130.330           3.761e+01     
 167.000         135.000            3.755e+00          -1.309e-01             131.664           1.473e+00             130.019           3.700e+01     
 168.000         135.000            3.741e+00          -1.067e-01             131.460           1.433e+00             129.701           3.641e+01     
 169.000         135.000            3.724e+00          -8.664e-02             131.254           1.390e+00             129.377           3.584e+01     
 170.000         135.000            3.705e+00          -7.064e-02             131.048           1.346e+00             129.047           3.527e+01     
 171.000         135.000            3.684e+00          -5.869e-02             130.840           1.300e+00             128.710           3.472e+01     
 172.000         135.000            3.660e+00          -5.080e-02             130.631           1.252e+00             128.366           3.418e+01     
 173.000         135.000            3.633e+00          -4.698e-02             130.420           1.202e+00             128.016           3.365e+01     
 174.000         135.000            3.603e+00          -4.722e-02             130.209           1.151e+00             127.658           3.313e+01     
 175.000         135.000            3.571e+00          -5.151e-02             129.997           1.098e+00             127.294           3.262e+01     
 176.000         135.000            3.537e+00          -5.988e-02             129.784           1.043e+00             126.924           3.212e+01     
 177.000         135.000            3.499e+00          -7.230e-02             129.570           9.859e-01             126.546           3.163e+01     
 178.000         135.000            3.459e+00          -8.879e-02             129.355           9.273e-01             126.161           3.115e+01     
 179.000         135.000            3.416e+00          -1.094e-01             129.140           8.669e-01             125.770           3.068e+01     
 180.000         135.000            3.371e+00          -1.340e-01             128.924           8.047e-01             125.371           3.022e+01     
 179.000         315.000            3.323e+00          -1.627e-01             308.708           7.407e-01             304.966           2.976e+01     
 178.000         315.000            3.272e+00          -1.955e-01             308.491           6.748e-01             304.553           2.932e+01     
 177.000         315.000            3.218e+00          -2.323e-01             308.273           6.072e-01             304.133           2.888e+01     
 176.000         315.000            3.161e+00          -2.733e-01             308.055           5.378e-01             303.705           2.845e+01     
 175.000         315.000            3.102e+00          -3.184e-01             307.837           4.665e-01             303.270           2.802e+01     
 174.000         315.000            3.040e+00          -3.676e-01             307.619           3.936e-01             302.827           2.760e+01     
 173.000         315.000            2.975e+00          -4.209e-01             307.400           3.188e-01             302.377           2.719e+01     
 172.000         315.000            2.907e+00          -4.783e-01             307.181           2.423e-01             301.920           2.678e+01     
 171.000         315.000            2.837e+00          -5.399e-01             306.962           1.641e-01             301.454           2.638e+01     
 170.000         315.000            2.763e+00          -6.055e-01             306.744           8.419e-02             300.981           2.599e+01     
 169.000         315.000            2.687e+00          -6.754e-01             306.525           2.575e-03             300.500           2.560e+01     
 168.000         315.000            2.608e+00          -7.494e-01             306.307          -8.071e-02             300.011           2.522e+01     
 167.000         315.000            2.526e+00          -8.275e-01             306.089          -1.656e-01             299.513           2.484e+01     
 166.000         315.000            2.442e+00          -9.098e-01             305.872          -2.522e-01             299.008           2.447e+01     
 165.000         315.000            2.354e+00          -9.963e-01             305.655          -3.403e-01             298.495           2.410e+01     
 164.000         315.000            2.264e+00          -1.087e+00             305.438          -4.300e-01             297.973           2.374e+01     
 163.000         315.000            2.171e+00          -1.182e+00             305.223          -5.213e-01             297.443           2.338e+01     
 162.000         315.000            2.076e+00          -1.281e+00             305.008          -6.140e-01             296.905           2.302e+01     
 161.000         315.000            1.977e+00          -1.384e+00             304.794          -7.082e-01             296.358           2.267e+01     
 160.000         315.000            1.876e+00          -1.492e+00             304.581          -8.038e-01             295.802           2.232e+01     
 159.000         315.000            1.772e+00          -1.604e+00             304.370          -9.008e-01             295.238           2.198e+01     
 158.000         315.000            1.666e+00          -1.720e+00             304.160          -9.991e-01             294.665           2.164e+01     
 157.000         315.000            1.556e+00          -1.841e+00             303.951          -1.099e+00             294.083           2.131e+01     
 156.000         315.000            1.445e+00          -1.966e+00             303.744          -1.200e+00             293.493           2.098e+01     
 155.000         315.000            1.330e+00          -2.095e+00             303.539          -1.302e+00             292.894           2.065e+01     
 154.000         315.000            1.213e+00          -2.228e+00             303.335          -1.405e+00             292.285           2.033e+01     
 153.000         315.000            1.094e+00          -2.366e+00             303.134          -1.509e+00             291.668           2.001e+01     
 152.000         315.000            9.718e-01          -2.509e+00             302.935          -1.614e+00             291.042           1.969e+01     
 151.000         315.000            8.473e-01          -2.655e+00             302.738          -1.721e+00             290.407           1.938e+01     
 150.000         315.000            7.205e-01          -2.807e+00             302.544          -1.828e+00             289.763           1.907e+01     
 149.000         315.000            5.913e-01          -2.962e+00             302.353          -1.936e+00             289.109           1.877e+01     
 148.000         315.000            4.599e-01          -3.123e+00             302.165          -2.045e+00             288.447           1.846e+01     
 147.000         315.000            3.261e-01          -3.288e+00             301.980          -2.154e+00             287.776           1.817e+01     
 146.000         315.000            1.902e-01          -3.457e+00             301.799          -2.264e+00             287.095           1.787e+01     
 145.000         315.000            5.220e-02          -3.632e+00             301.621          -2.375e+00             286.406           1.758e+01     
 144.000         315.000           -8.789e-02          -3.811e+00             301.448          -2.486e+00             285.708           1.729e+01     
 143.000         315.000           -2.300e-01          -3.994e+00             301.278          -2.598e+00             285.001           1.701e+01     
 142.000         315.000           -3.739e-01          -4.183e+00             301.114          -2.710e+00             284.285           1.673e+01     
 141.000         315.000           -5.198e-01          -4.377e+00             300.954          -2.822e+00             283.561           1.645e+01     
 140.000         315.000           -6.673e-01          -4.575e+00             300.800          -2.934e+00             282.829           1.618e+01     
 139.000         315.000           -8.165e-01          -4.779e+00             300.651          -3.046e+00             282.088           1.591e+01     
 138.000         315.000           -9.673e-01          -4.987e+00             300.508          -3.159e+00             281.339           1.565e+01     
 137.000         315.000           -1.119e+00          -5.201e+00             300.372          -3.271e+00             280.582           1.539e+01     
 136.000         315.000           -1.273e+00          -5.421e+00             300.242          -3.383e+00             279.817           1.514e+01     
 135.000         315.000           -1.428e+00          -5.645e+00             300.120          -3.495e+00             279.045           1.489e+01     
 134.000         315.000           -1.584e+00          -5.875e+00             300.006          -3.606e+00             278.265           1.465e+01     
 133.000         315.000           -1.741e+00          -6.111e+00             299.900          -3.717e+00             277.479           1.441e+01     
 132.000         315.000           -1.898e+00          -6.353e+00             299.804          -3.827e+00             276.686           1.418e+01     
 131.000         315.000           -2.057e+00          -6.600e+00             299.717          -3.937e+00             275.887           1.395e+01     
 130.000         315.000           -2.216e+00          -6.854e+00             299.640          -4.045e+00             275.082           1.373e+01     
 129.000         315.000           -2.376e+00          -7.113e+00             299.575          -4.153e+00             274.271           1.352e+01     
 128.000         315.000           -2.535e+00          -7.380e+00             299.522          -4.260e+00             273.456           1.332e+01     
 127.000         315.000           -2.695e+00          -7.652e+00             299.481          -4.366e+00             272.636           1.312e+01     
 126.000         315.000           -2.855e+00          -7.932e+00             299.455          -4.471e+00             271.812           1.293e+01     
 125.000         315.000           -3.015e+00          -8.219e+00             299.443          -4.575e+00             270.985           1.275e+01     
 124.000         315.000           -3.174e+00          -8.513e+00             299.448          -4.677e+00             270.155           1.258e+01     
 123.000         315.000           -3.333e+00          -8.814e+00             299.470          -4.778e+00             269.322           1.243e+01     
 122.000         315.000           -3.490e+00          -9.124e+00             299.512          -4.877e+00             268.488           1.228e+01     
 121.000         315.000           -3.647e+00          -9.442e+00             299.574          -4.975e+00             267.653           1.214e+01     
 120.000         315.000           -3.803e+00          -9.768e+00             299.658          -5.071e+00             266.817           1.202e+01     
 119.000         315.000           -3.957e+00          -1.010e+01             299.767          -5.165e+00             265.982           1.191e+01     
 118.000         315.000           -4.110e+00          -1.045e+01             299.902          -5.258e+00             265.148           1.181e+01     
 117.000         315.000           -4.260e+00          -1.080e+01             300.067          -5.349e+00             264.315           1.174e+01     
 116.000         315.000           -4.409e+00          -1.117e+01             300.263          -5.438e+00             263.486           1.167e+01     
 115.000         315.000           -4.555e+00          -1.154e+01             300.496          -5.525e+00             262.659           1.163e+01     
 114.000         315.000           -4.699e+00          -1.193e+01             300.767          -5.610e+00             261.837           1.160e+01     
 113.000         315.000           -4.841e+00          -1.233e+01             301.082          -5.692e+00             261.020           1.159e+01     
 112.000         315.000           -4.979e+00          -1.275e+01             301.445          -5.773e+00             260.209           1.160e+01     
 111.000         315.000           -5.114e+00          -1.318e+01             301.863          -5.852e+00             259.404           1.164e+01     
 110.000         315.000           -5.246e+00          -1.362e+01             302.341          -5.928e+00             258.608           1.169e+01     
 109.000         315.000           -5.374e+00          -1.408e+01             302.889          -6.002e+00             257.819           1.177e+01     
 108.000         315.000           -5.498e+00          -1.456e+01             303.514          -6.074e+00             257.040           1.188e+01     
 107.000         315.000           -5.619e+00          -1.505e+01             304.229          -6.144e+00             256.271           1.201e+01     
 106.000         315.000           -5.735e+00          -1.557e+01             305.046          -6.212e+00             255.513           1.217e+01     
 105.000         315.000           -5.847e+00          -1.611e+01             305.982          -6.277e+00             254.767           1.236e+01     
 104.000         315.000           -5.955e+00          -1.667e+01             307.056          -6.340e+00             254.034           1.258e+01     
 103.000         315.000           -6.058e+00          -1.726e+01             308.292          -6.401e+00             253.314           1.283e+01     
 102.000         315.000           -6.156e+00          -1.787e+01             309.719          -6.460e+00             252.609           1.312e+01     
 101.000         315.000           -6.250e+00          -1.851e+01             311.374          -6.516e+00             251.919           1.344e+01     
 100.000         315.000           -6.339e+00          -1.919e+01             313.303          -6.570e+00             251.246           1.380e+01     
  99.000         315.000           -6.422e+00          -1.989e+01             315.563          -6.622e+00             250.589           1.420e+01     
  98.000         315.000           -6.501e+00          -2.063e+01             318.224          -6.672e+00             249.949           1.465e+01     
  97.000         315.000           -6.574e+00          -2.140e+01             321.378          -6.720e+00             249.328           1.514e+01     
  96.000         315.000           -6.643e+00          -2.220e+01             325.135          -6.766e+00             248.726           1.569e+01     
  95.000         315.000           -6.706e+00          -2.301e+01             329.626          -6.809e+00             248.143           1.630e+01     
  94.000         315.000           -6.764e+00          -2.382e+01             334.997          -6.851e+00             247.581           1.697e+01     
  93.000         315.000           -6.817e+00          -2.459e+01             341.390          -6.890e+00             247.040           1.773e+01     
  92.000         315.000           -6.865e+00          -2.529e+01             348.899          -6.928e+00             246.521           1.857e+01     
  91.000         315.000           -6.908e+00          -2.585e+01             357.496          -6.964e+00             246.024           1.952e+01     
  90.000         315.000           -6.946e+00          -2.621e+01               6.954          -6.998e+00             245.550           2.061e+01     
  89.000         315.000           -6.979e+00          -2.631e+01              16.823          -7.030e+00             245.099           2.187e+01     
  88.000         315.000           -7.007e+00          -2.616e+01              26.536          -7.060e+00             244.673           2.336e+01     
  87.000         315.000           -7.030e+00          -2.579e+01              35.567          -7.089e+00             244.270           2.516e+01     
  86.000         315.000           -7.049e+00          -2.525e+01              43.595          -7.116e+00             243.893           2.744e+01     
  85.000         315.000           -7.063e+00          -2.460e+01              50.514          -7.141e+00             243.540           3.055e+01     
  84.000         315.000           -7.073e+00          -2.390e+01              56.377          -7.164e+00             243.214           3.541e+01     
  83.000         315.000           -7.079e+00          -2.320e+01              61.312          -7.186e+00             242.913           4.000e+01     
  82.000         315.000           -7.080e+00          -2.249e+01              65.467          -7.207e+00             242.639           4.000e+01     
  81.000         315.000           -7.077e+00          -2.182e+01              68.980          -7.225e+00             242.392           3.369e+01     
  80.000         315.000           -7.070e+00          -2.117e+01              71.973          -7.243e+00             242.172           2.964e+01     
  79.000         315.000           -7.059e+00          -2.055e+01              74.543          -7.259e+00             241.978           2.692e+01     
  78.000         315.000           -7.045e+00          -1.996e+01              76.766          -7.273e+00             241.813           2.488e+01     
  77.000         315.000           -7.027e+00          -1.940e+01              78.707          -7.286e+00             241.675           2.326e+01     
  76.000         315.000           -7.005e+00          -1.887e+01              80.417          -7.297e+00             241.565           2.192e+01     
  75.000         315.000           -6.980e+00          -1.837e+01              81.934          -7.307e+00             241.484           2.078e+01     
  74.000         315.000           -6.952e+00          -1.789e+01              83.290          -7.316e+00             241.430           1.980e+01     
  73.000         315.000           -6.920e+00          -1.744e+01              84.513          -7.323e+00             241.405           1.894e+01     
  72.000         315.000           -6.885e+00          -1.701e+01              85.621          -7.329e+00             241.409           1.818e+01     
  71.000         315.000           -6.847e+00          -1.659e+01              86.634          -7.333e+00             241.440           1.750e+01     
  70.000         315.000           -6.806e+00          -1.620e+01              87.563          -7.336e+00             241.501           1.689e+01     
  69.000         315.000           -6.762e+00          -1.582e+01              88.422          -7.338e+00             241.590           1.635e+01     
  68.000         315.000           -6.715e+00          -1.546e+01              89.220          -7.338e+00             241.707           1.585e+01     
  67.000         315.000           -6.665e+00          -1.511e+01              89.965          -7.336e+00             241.853           1.540e+01     
  66.000         315.000           -6.613e+00          -1.477e+01              90.664          -7.333e+00             242.027           1.500e+01     
  65.000         315.000           -6.558e+00          -1.445e+01              91.323          -7.329e+00             242.229           1.463e+01     
  64.000         315.000           -6.501e+00          -1.414e+01              91.946          -7.322e+00             242.460           1.430e+01     
  63.000         315.000           -6.441e+00          -1.383e+01              92.537          -7.315e+00             242.718           1.399e+01     
  62.000         315.000           -6.378e+00          -1.354e+01              93.101          -7.305e+00             243.003           1.372e+01     
  61.000         315.000           -6.313e+00          -1.325e+01              93.641          -7.294e+00             243.316           1.348e+01     
  60.000         315.000           -6.245e+00          -1.298e+01              94.158          -7.281e+00             243.656           1.326e+01     
  59.000         315.000           -6.176e+00          -1.271e+01              94.656          -7.267e+00             244.023           1.306e+01     
  58.000         315.000           -6.104e+00          -1.245e+01              95.136          -7.250e+00             244.416           1.289e+01     
  57.000         315.000           -6.029e+00          -1.219e+01              95.600          -7.232e+00             244.834           1.274e+01     
  56.000         315.000           -5.953e+00          -1.195e+01              96.050          -7.212e+00             245.278           1.261e+01     
  55.000         315.000           -5.874e+00          -1.170e+01              96.486          -7.189e+00             245.747           1.250e+01     
  54.000         315.000           -5.794e+00          -1.147e+01              96.911          -7.165e+00             246.240           1.241e+01     
  53.000         315.000           -5.711e+00          -1.124e+01              97.324          -7.139e+00             246.757           1.233e+01     
  52.000         315.000           -5.626e+00          -1.101e+01              97.727          -7.110e+00             247.297           1.228e+01     
  51.000         315.000           -5.540e+00          -1.079e+01              98.121          -7.080e+00             247.859           1.224e+01     
  50.000         315.000           -5.451e+00          -1.057e+01              98.506          -7.047e+00             248.443           1.222e+01     
  49.000         315.000           -5.361e+00          -1.036e+01              98.882          -7.011e+00             249.047           1.221e+01     
  48.000         315.000           -5.269e+00          -1.015e+01              99.251          -6.974e+00             249.672           1.222e+01     
  47.000         315.000           -5.175e+00          -9.951e+00              99.613          -6.934e+00             250.316           1.224e+01     
  46.000         315.000           -5.080e+00          -9.751e+00              99.968          -6.892e+00             250.978           1.227e+01     
  45.000         315.000           -4.983e+00          -9.555e+00             100.317          -6.847e+00             251.657           1.232e+01     
  44.000         315.000           -4.885e+00          -9.363e+00             100.659          -6.800e+00             252.353           1.239e+01     
  43.000         315.000           -4.786e+00          -9.175e+00             100.995          -6.751e+00             253.065           1.246e+01     
  42.000         315.000           -4.685e+00          -8.990e+00             101.326          -6.699e+00             253.791           1.255e+01     
  41.000         315.000           -4.583e+00          -8.809e+00             101.651          -6.644e+00             254.531           1.265e+01     
  40.000         315.000           -4.480e+00          -8.631e+00             101.971          -6.588e+00             255.283           1.276e+01     
  39.000         315.000           -4.376e+00          -8.456e+00             102.286          -6.528e+00             256.047           1.289e+01     
  38.000         315.000           -4.271e+00          -8.284e+00             102.596          -6.466e+00             256.821           1.302e+01     
  37.000         315.000           -4.165e+00          -8.116e+00             102.901          -6.402e+00             257.604           1.316e+01     
  36.000         315.000           -4.058e+00          -7.950e+00             103.201          -6.336e+00             258.396           1.332e+01     
  35.000         315.000           -3.951e+00          -7.788e+00             103.497          -6.267e+00             259.195           1.348e+01     
  34.000         315.000           -3.843e+00          -7.629e+00             103.789          -6.195e+00             260.001           1.366e+01     
  33.000         315.000           -3.735e+00          -7.473e+00             104.076          -6.122e+00             260.812           1.384e+01     
  32.000         315.000           -3.626e+00          -7.320e+00             104.359          -6.046e+00             261.627           1.404e+01     
  31.000         315.000           -3.517e+00          -7.170e+00             104.638          -5.968e+00             262.445           1.424e+01     
  30.000         315.000           -3.408e+00          -7.022e+00             104.913          -5.888e+00             263.265           1.445e+01     
  29.000         315.000           -3.299e+00          -6.878e+00             105.184          -5.806e+00             264.087           1.467e+01     
  28.000         315.000           -3.190e+00          -6.737e+00             105.451          -5.722e+00             264.909           1.490e+01     
  27.000         315.000           -3.081e+00          -6.599e+00             105.714          -5.636e+00             265.731           1.514e+01     
  26.000         315.000           -2.972e+00          -6.464e+00             105.974          -5.549e+00             266.552           1.538e+01     
  25.000         315.000           -2.863e+00          -6.332e+00             106.230          -5.460e+00             267.371           1.564e+01     
  24.000         315.000           -2.755e+00          -6.202e+00             106.483          -5.369e+00             268.186           1.590e+01     
  23.000         315.000           -2.648e+00          -6.076e+00             106.732          -5.277e+00             268.999           1.618e+01     
  22.000         315.000           -2.541e+00          -5.953e+00             106.978          -5.183e+00             269.807           1.646e+01     
  21.000         315.000           -2.434e+00          -5.833e+00             107.221          -5.088e+00             270.610           1.675e+01     
  20.000         315.000           -2.329e+00          -5.716e+00             107.461          -4.993e+00             271.408           1.705e+01     
  19.000         315.000           -2.224e+00          -5.602e+00             107.698          -4.896e+00             272.200           1.735e+01     
  18.000         315.000           -2.120e+00          -5.491e+00             107.931          -4.798e+00             272.986           1.767e+01     
  17.000         315.000           -2.017e+00          -5.383e+00             108.162          -4.699e+00             273.765           1.800e+01     
  16.000         315.000           -1.915e+00          -5.278e+00             108.391          -4.600e+00             274.536           1.834e+01     
  15.000         315.000           -1.815e+00          -5.176e+00             108.616          -4.500e+00             275.300           1.868e+01     
  14.000         315.000           -1.715e+00          -5.078e+00             108.840          -4.400e+00             276.055           1.904e+01     
  13.000         315.000           -1.617e+00          -4.982e+00             109.060          -4.299e+00             276.803           1.941e+01     
  12.000         315.000           -1.520e+00          -4.890e+00             109.279          -4.198e+00             277.541           1.979e+01     
  11.000         315.000           -1.424e+00          -4.801e+00             109.495          -4.097e+00             278.271           2.018e+01     
  10.000         315.000           -1.330e+00          -4.715e+00             109.709          -3.995e+00             278.992           2.059e+01     
   9.000         315.000           -1.237e+00          -4.633e+00             109.920          -3.894e+00             279.704           2.101e+01     
   8.000         315.000           -1.146e+00          -4.553e+00             110.130          -3.793e+00             280.407           2.144e+01     
   7.000         315.000           -1.057e+00          -4.477e+00             110.338          -3.692e+00             281.100           2.189e+01     
   6.000         315.000           -9.688e-01          -4.405e+00             110.544          -3.592e+00             281.784           2.235e+01     
   5.000         315.000           -8.826e-01          -4.335e+00             110.749          -3.492e+00             282.458           2.284e+01     
   4.000         315.000           -7.981e-01          -4.269e+00             110.952          -3.392e+00             283.123           2.334e+01     
   3.000         315.000           -7.153e-01          -4.206e+00             111.153          -3.293e+00             283.778           2.386e+01     
   2.000         315.000           -6.342e-01          -4.147e+00             111.353          -3.194e+00             284.424           2.441e+01     
   1.000         315.000           -5.550e-01          -4.091e+00             111.551          -3.097e+00             285.060           2.498e+01     
