Theta [deg.]  Phi   [deg.]  Abs(Dir.)[dBi   ]   Abs(Theta)[dBi   ]  Phase(Theta)[deg.]  Abs(Phi  )[dBi   ]  Phase(Phi  )[deg.]  Ax.Ratio[dB    ]    
------------------------------------------------------------------------------------------------------------------------------------------------------
   0.000          45.000            2.823e+00           7.384e-01             228.760          -1.366e+00             219.768           2.234e+01     
   1.000          45.000            2.830e+00           7.328e-01             228.690          -1.337e+00             219.572           2.221e+01     
   2.000          45.000            2.835e+00           7.237e-01             228.621          -1.310e+00             219.379           2.209e+01     
   3.000          45.000            2.837e+00           7.110e-01             228.554          -1.284e+00             219.190           2.196e+01     
   4.000          45.000            2.837e+00           6.949e-01             228.489          -1.258e+00             219.004           2.184e+01     
   5.000          45.000            2.835e+00           6.751e-01             228.426          -1.234e+00             218.823           2.173e+01     
   6.000          45.000            2.830e+00           6.519e-01             228.364          -1.211e+00             218.645           2.161e+01     
   7.000          45.000            2.823e+00           6.252e-01             228.304          -1.189e+00             218.472           2.150e+01     
   8.000          45.000            2.813e+00           5.949e-01             228.247          -1.168e+00             218.302           2.139e+01     
   9.000          45.000            2.801e+00           5.611e-01             228.190          -1.147e+00             218.136           2.128e+01     
  10.000          45.000            2.786e+00           5.237e-01             228.136          -1.128e+00             217.974           2.118e+01     
  11.000          45.000            2.769e+00           4.828e-01             228.083          -1.110e+00             217.816           2.108e+01     
  12.000          45.000            2.750e+00           4.384e-01             228.032          -1.093e+00             217.662           2.098e+01     
  13.000          45.000            2.729e+00           3.904e-01             227.983          -1.077e+00             217.511           2.088e+01     
  14.000          45.000            2.705e+00           3.389e-01             227.935          -1.062e+00             217.365           2.079e+01     
  15.000          45.000            2.679e+00           2.838e-01             227.889          -1.048e+00             217.223           2.070e+01     
  16.000          45.000            2.651e+00           2.251e-01             227.844          -1.035e+00             217.084           2.061e+01     
  17.000          45.000            2.621e+00           1.628e-01             227.801          -1.023e+00             216.950           2.053e+01     
  18.000          45.000            2.588e+00           9.700e-02             227.760          -1.012e+00             216.819           2.045e+01     
  19.000          45.000            2.554e+00           2.755e-02             227.719          -1.002e+00             216.692           2.037e+01     
  20.000          45.000            2.517e+00          -4.551e-02             227.681          -9.923e-01             216.569           2.029e+01     
  21.000          45.000            2.479e+00          -1.222e-01             227.644          -9.839e-01             216.450           2.022e+01     
  22.000          45.000            2.438e+00          -2.026e-01             227.608          -9.765e-01             216.335           2.015e+01     
  23.000          45.000            2.395e+00          -2.866e-01             227.573          -9.699e-01             216.224           2.008e+01     
  24.000          45.000            2.351e+00          -3.743e-01             227.539          -9.643e-01             216.117           2.002e+01     
  25.000          45.000            2.305e+00          -4.657e-01             227.507          -9.595e-01             216.014           1.996e+01     
  26.000          45.000            2.257e+00          -5.609e-01             227.476          -9.555e-01             215.914           1.990e+01     
  27.000          45.000            2.207e+00          -6.598e-01             227.446          -9.523e-01             215.818           1.985e+01     
  28.000          45.000            2.155e+00          -7.625e-01             227.417          -9.500e-01             215.727           1.980e+01     
  29.000          45.000            2.102e+00          -8.691e-01             227.389          -9.484e-01             215.639           1.975e+01     
  30.000          45.000            2.047e+00          -9.795e-01             227.362          -9.477e-01             215.554           1.971e+01     
  31.000          45.000            1.990e+00          -1.094e+00             227.335          -9.476e-01             215.474           1.967e+01     
  32.000          45.000            1.932e+00          -1.212e+00             227.309          -9.483e-01             215.398           1.964e+01     
  33.000          45.000            1.872e+00          -1.334e+00             227.284          -9.497e-01             215.325           1.961e+01     
  34.000          45.000            1.811e+00          -1.461e+00             227.259          -9.518e-01             215.256           1.958e+01     
  35.000          45.000            1.749e+00          -1.591e+00             227.235          -9.545e-01             215.190           1.956e+01     
  36.000          45.000            1.685e+00          -1.726e+00             227.211          -9.579e-01             215.129           1.954e+01     
  37.000          45.000            1.620e+00          -1.865e+00             227.188          -9.619e-01             215.071           1.953e+01     
  38.000          45.000            1.554e+00          -2.008e+00             227.164          -9.664e-01             215.017           1.952e+01     
  39.000          45.000            1.487e+00          -2.156e+00             227.140          -9.716e-01             214.967           1.952e+01     
  40.000          45.000            1.419e+00          -2.308e+00             227.116          -9.773e-01             214.920           1.953e+01     
  41.000          45.000            1.349e+00          -2.464e+00             227.092          -9.835e-01             214.877           1.954e+01     
  42.000          45.000            1.279e+00          -2.625e+00             227.067          -9.902e-01             214.837           1.956e+01     
  43.000          45.000            1.208e+00          -2.792e+00             227.042          -9.974e-01             214.801           1.958e+01     
  44.000          45.000            1.136e+00          -2.962e+00             227.015          -1.005e+00             214.769           1.961e+01     
  45.000          45.000            1.063e+00          -3.138e+00             226.988          -1.013e+00             214.740           1.965e+01     
  46.000          45.000            9.900e-01          -3.320e+00             226.959          -1.022e+00             214.715           1.970e+01     
  47.000          45.000            9.162e-01          -3.506e+00             226.929          -1.030e+00             214.693           1.975e+01     
  48.000          45.000            8.418e-01          -3.698e+00             226.897          -1.040e+00             214.674           1.982e+01     
  49.000          45.000            7.671e-01          -3.896e+00             226.863          -1.049e+00             214.660           1.989e+01     
  50.000          45.000            6.921e-01          -4.099e+00             226.826          -1.059e+00             214.648           1.997e+01     
  51.000          45.000            6.168e-01          -4.309e+00             226.787          -1.069e+00             214.640           2.006e+01     
  52.000          45.000            5.414e-01          -4.525e+00             226.744          -1.079e+00             214.635           2.017e+01     
  53.000          45.000            4.660e-01          -4.747e+00             226.698          -1.090e+00             214.634           2.028e+01     
  54.000          45.000            3.906e-01          -4.977e+00             226.648          -1.100e+00             214.636           2.041e+01     
  55.000          45.000            3.153e-01          -5.213e+00             226.594          -1.111e+00             214.641           2.056e+01     
  56.000          45.000            2.402e-01          -5.457e+00             226.534          -1.123e+00             214.650           2.071e+01     
  57.000          45.000            1.655e-01          -5.709e+00             226.469          -1.134e+00             214.661           2.088e+01     
  58.000          45.000            9.120e-02          -5.969e+00             226.397          -1.145e+00             214.676           2.107e+01     
  59.000          45.000            1.742e-02          -6.238e+00             226.318          -1.156e+00             214.694           2.128e+01     
  60.000          45.000           -5.573e-02          -6.516e+00             226.231          -1.168e+00             214.715           2.151e+01     
  61.000          45.000           -1.282e-01          -6.804e+00             226.134          -1.179e+00             214.739           2.175e+01     
  62.000          45.000           -1.997e-01          -7.102e+00             226.028          -1.191e+00             214.767           2.203e+01     
  63.000          45.000           -2.704e-01          -7.411e+00             225.910          -1.203e+00             214.797           2.232e+01     
  64.000          45.000           -3.400e-01          -7.732e+00             225.779          -1.214e+00             214.830           2.265e+01     
  65.000          45.000           -4.085e-01          -8.065e+00             225.633          -1.226e+00             214.866           2.300e+01     
  66.000          45.000           -4.756e-01          -8.412e+00             225.470          -1.237e+00             214.905           2.339e+01     
  67.000          45.000           -5.415e-01          -8.774e+00             225.289          -1.248e+00             214.947           2.382e+01     
  68.000          45.000           -6.058e-01          -9.151e+00             225.085          -1.260e+00             214.992           2.429e+01     
  69.000          45.000           -6.686e-01          -9.546e+00             224.856          -1.271e+00             215.039           2.482e+01     
  70.000          45.000           -7.296e-01          -9.959e+00             224.598          -1.282e+00             215.089           2.540e+01     
  71.000          45.000           -7.889e-01          -1.039e+01             224.307          -1.293e+00             215.142           2.604e+01     
  72.000          45.000           -8.462e-01          -1.085e+01             223.976          -1.304e+00             215.198           2.677e+01     
  73.000          45.000           -9.015e-01          -1.133e+01             223.600          -1.314e+00             215.256           2.759e+01     
  74.000          45.000           -9.547e-01          -1.184e+01             223.168          -1.325e+00             215.317           2.853e+01     
  75.000          45.000           -1.006e+00          -1.238e+01             222.672          -1.335e+00             215.380           2.962e+01     
  76.000          45.000           -1.054e+00          -1.295e+01             222.097          -1.345e+00             215.446           3.090e+01     
  77.000          45.000           -1.101e+00          -1.356e+01             221.426          -1.354e+00             215.515           3.245e+01     
  78.000          45.000           -1.144e+00          -1.422e+01             220.637          -1.364e+00             215.586           3.439e+01     
  79.000          45.000           -1.186e+00          -1.492e+01             219.699          -1.373e+00             215.659           3.697e+01     
  80.000          45.000           -1.224e+00          -1.569e+01             218.572          -1.382e+00             215.734           4.000e+01     
  81.000          45.000           -1.260e+00          -1.653e+01             217.201          -1.391e+00             215.812           4.000e+01     
  82.000          45.000           -1.293e+00          -1.744e+01             215.504          -1.400e+00             215.892           4.000e+01     
  83.000          45.000           -1.323e+00          -1.845e+01             213.364          -1.408e+00             215.975           4.000e+01     
  84.000          45.000           -1.350e+00          -1.958e+01             210.603          -1.416e+00             216.060           3.873e+01     
  85.000          45.000           -1.374e+00          -2.083e+01             206.942          -1.423e+00             216.146           3.543e+01     
  86.000          45.000           -1.395e+00          -2.224e+01             201.930          -1.431e+00             216.235           3.302e+01     
  87.000          45.000           -1.413e+00          -2.381e+01             194.825          -1.438e+00             216.326           3.113e+01     
  88.000          45.000           -1.428e+00          -2.547e+01             184.450          -1.445e+00             216.419           2.958e+01     
  89.000          45.000           -1.439e+00          -2.700e+01             169.338          -1.451e+00             216.515           2.826e+01     
  90.000          45.000           -1.448e+00          -2.787e+01             149.224          -1.457e+00             216.612           2.711e+01     
  91.000          45.000           -1.453e+00          -2.756e+01             127.710          -1.463e+00             216.711           2.610e+01     
  92.000          45.000           -1.455e+00          -2.629e+01             109.943          -1.469e+00             216.812           2.520e+01     
  93.000          45.000           -1.454e+00          -2.465e+01              97.381          -1.475e+00             216.914           2.439e+01     
  94.000          45.000           -1.449e+00          -2.302e+01              88.827          -1.480e+00             217.019           2.366e+01     
  95.000          45.000           -1.442e+00          -2.154e+01              82.892          -1.484e+00             217.125           2.299e+01     
  96.000          45.000           -1.431e+00          -2.021e+01              78.632          -1.489e+00             217.234           2.238e+01     
  97.000          45.000           -1.417e+00          -1.903e+01              75.470          -1.493e+00             217.344           2.182e+01     
  98.000          45.000           -1.401e+00          -1.797e+01              73.053          -1.497e+00             217.455           2.130e+01     
  99.000          45.000           -1.381e+00          -1.701e+01              71.158          -1.501e+00             217.569           2.082e+01     
 100.000          45.000           -1.358e+00          -1.615e+01              69.642          -1.505e+00             217.684           2.038e+01     
 101.000          45.000           -1.332e+00          -1.535e+01              68.407          -1.508e+00             217.801           1.997e+01     
 102.000          45.000           -1.304e+00          -1.462e+01              67.388          -1.511e+00             217.919           1.959e+01     
 103.000          45.000           -1.273e+00          -1.395e+01              66.536          -1.514e+00             218.039           1.924e+01     
 104.000          45.000           -1.239e+00          -1.332e+01              65.817          -1.517e+00             218.160           1.891e+01     
 105.000          45.000           -1.203e+00          -1.273e+01              65.205          -1.519e+00             218.283           1.861e+01     
 106.000          45.000           -1.164e+00          -1.218e+01              64.681          -1.522e+00             218.407           1.833e+01     
 107.000          45.000           -1.123e+00          -1.167e+01              64.228          -1.524e+00             218.533           1.807e+01     
 108.000          45.000           -1.079e+00          -1.118e+01              63.835          -1.526e+00             218.660           1.783e+01     
 109.000          45.000           -1.034e+00          -1.072e+01              63.493          -1.528e+00             218.789           1.760e+01     
 110.000          45.000           -9.858e-01          -1.028e+01              63.194          -1.530e+00             218.919           1.740e+01     
 111.000          45.000           -9.362e-01          -9.861e+00              62.932          -1.532e+00             219.051           1.721e+01     
 112.000          45.000           -8.847e-01          -9.464e+00              62.702          -1.533e+00             219.184           1.704e+01     
 113.000          45.000           -8.315e-01          -9.085e+00              62.499          -1.535e+00             219.318           1.688e+01     
 114.000          45.000           -7.767e-01          -8.722e+00              62.320          -1.536e+00             219.453           1.673e+01     
 115.000          45.000           -7.204e-01          -8.375e+00              62.162          -1.538e+00             219.590           1.660e+01     
 116.000          45.000           -6.627e-01          -8.042e+00              62.022          -1.540e+00             219.728           1.648e+01     
 117.000          45.000           -6.038e-01          -7.723e+00              61.899          -1.541e+00             219.868           1.638e+01     
 118.000          45.000           -5.437e-01          -7.415e+00              61.790          -1.543e+00             220.008           1.628e+01     
 119.000          45.000           -4.826e-01          -7.119e+00              61.694          -1.545e+00             220.150           1.619e+01     
 120.000          45.000           -4.206e-01          -6.834e+00              61.609          -1.546e+00             220.293           1.612e+01     
 121.000          45.000           -3.578e-01          -6.560e+00              61.535          -1.548e+00             220.438           1.606e+01     
 122.000          45.000           -2.943e-01          -6.295e+00              61.469          -1.550e+00             220.583           1.600e+01     
 123.000          45.000           -2.302e-01          -6.039e+00              61.412          -1.553e+00             220.730           1.595e+01     
 124.000          45.000           -1.656e-01          -5.792e+00              61.362          -1.555e+00             220.878           1.592e+01     
 125.000          45.000           -1.007e-01          -5.553e+00              61.318          -1.557e+00             221.027           1.589e+01     
 126.000          45.000           -3.558e-02          -5.322e+00              61.281          -1.560e+00             221.177           1.586e+01     
 127.000          45.000            2.972e-02          -5.098e+00              61.249          -1.563e+00             221.329           1.585e+01     
 128.000          45.000            9.506e-02          -4.882e+00              61.221          -1.567e+00             221.481           1.584e+01     
 129.000          45.000            1.603e-01          -4.672e+00              61.198          -1.570e+00             221.635           1.584e+01     
 130.000          45.000            2.255e-01          -4.469e+00              61.178          -1.574e+00             221.790           1.585e+01     
 131.000          45.000            2.903e-01          -4.273e+00              61.162          -1.578e+00             221.946           1.586e+01     
 132.000          45.000            3.549e-01          -4.083e+00              61.149          -1.583e+00             222.103           1.588e+01     
 133.000          45.000            4.190e-01          -3.899e+00              61.139          -1.588e+00             222.262           1.591e+01     
 134.000          45.000            4.825e-01          -3.720e+00              61.131          -1.593e+00             222.421           1.594e+01     
 135.000          45.000            5.455e-01          -3.547e+00              61.126          -1.599e+00             222.582           1.597e+01     
 136.000          45.000            6.077e-01          -3.380e+00              61.122          -1.605e+00             222.744           1.601e+01     
 137.000          45.000            6.692e-01          -3.218e+00              61.120          -1.612e+00             222.906           1.606e+01     
 138.000          45.000            7.299e-01          -3.061e+00              61.119          -1.619e+00             223.070           1.611e+01     
 139.000          45.000            7.896e-01          -2.909e+00              61.120          -1.627e+00             223.236           1.616e+01     
 140.000          45.000            8.483e-01          -2.762e+00              61.121          -1.635e+00             223.402           1.622e+01     
 141.000          45.000            9.059e-01          -2.619e+00              61.124          -1.644e+00             223.570           1.628e+01     
 142.000          45.000            9.623e-01          -2.482e+00              61.127          -1.654e+00             223.738           1.635e+01     
 143.000          45.000            1.018e+00          -2.349e+00              61.131          -1.664e+00             223.908           1.642e+01     
 144.000          45.000            1.072e+00          -2.221e+00              61.135          -1.674e+00             224.079           1.650e+01     
 145.000          45.000            1.124e+00          -2.097e+00              61.140          -1.685e+00             224.251           1.658e+01     
 146.000          45.000            1.175e+00          -1.977e+00              61.145          -1.697e+00             224.425           1.666e+01     
 147.000          45.000            1.225e+00          -1.862e+00              61.150          -1.710e+00             224.599           1.675e+01     
 148.000          45.000            1.273e+00          -1.751e+00              61.155          -1.723e+00             224.775           1.684e+01     
 149.000          45.000            1.320e+00          -1.644e+00              61.160          -1.737e+00             224.952           1.693e+01     
 150.000          45.000            1.365e+00          -1.541e+00              61.165          -1.752e+00             225.130           1.703e+01     
 151.000          45.000            1.409e+00          -1.442e+00              61.169          -1.767e+00             225.309           1.713e+01     
 152.000          45.000            1.450e+00          -1.348e+00              61.173          -1.783e+00             225.490           1.723e+01     
 153.000          45.000            1.490e+00          -1.257e+00              61.177          -1.800e+00             225.671           1.734e+01     
 154.000          45.000            1.528e+00          -1.170e+00              61.180          -1.818e+00             225.854           1.745e+01     
 155.000          45.000            1.564e+00          -1.088e+00              61.183          -1.837e+00             226.039           1.756e+01     
 156.000          45.000            1.599e+00          -1.009e+00              61.185          -1.856e+00             226.224           1.768e+01     
 157.000          45.000            1.631e+00          -9.335e-01              61.186          -1.876e+00             226.411           1.780e+01     
 158.000          45.000            1.661e+00          -8.622e-01              61.186          -1.897e+00             226.599           1.792e+01     
 159.000          45.000            1.690e+00          -7.947e-01              61.186          -1.919e+00             226.788           1.805e+01     
 160.000          45.000            1.716e+00          -7.310e-01              61.185          -1.942e+00             226.979           1.818e+01     
 161.000          45.000            1.740e+00          -6.710e-01              61.183          -1.965e+00             227.171           1.831e+01     
 162.000          45.000            1.762e+00          -6.147e-01              61.180          -1.990e+00             227.364           1.844e+01     
 163.000          45.000            1.782e+00          -5.620e-01              61.177          -2.015e+00             227.559           1.858e+01     
 164.000          45.000            1.800e+00          -5.131e-01              61.172          -2.041e+00             227.754           1.873e+01     
 165.000          45.000            1.816e+00          -4.678e-01              61.166          -2.068e+00             227.952           1.887e+01     
 166.000          45.000            1.829e+00          -4.261e-01              61.159          -2.096e+00             228.150           1.902e+01     
 167.000          45.000            1.840e+00          -3.880e-01              61.151          -2.124e+00             228.350           1.918e+01     
 168.000          45.000            1.849e+00          -3.536e-01              61.142          -2.154e+00             228.551           1.934e+01     
 169.000          45.000            1.856e+00          -3.227e-01              61.132          -2.184e+00             228.753           1.950e+01     
 170.000          45.000            1.860e+00          -2.954e-01              61.120          -2.215e+00             228.957           1.966e+01     
 171.000          45.000            1.862e+00          -2.717e-01              61.107          -2.248e+00             229.162           1.984e+01     
 172.000          45.000            1.862e+00          -2.515e-01              61.093          -2.280e+00             229.369           2.001e+01     
 173.000          45.000            1.859e+00          -2.348e-01              61.078          -2.314e+00             229.577           2.019e+01     
 174.000          45.000            1.854e+00          -2.217e-01              61.061          -2.349e+00             229.786           2.037e+01     
 175.000          45.000            1.846e+00          -2.122e-01              61.043          -2.384e+00             229.996           2.056e+01     
 176.000          45.000            1.837e+00          -2.061e-01              61.024          -2.421e+00             230.208           2.076e+01     
 177.000          45.000            1.824e+00          -2.036e-01              61.004          -2.458e+00             230.421           2.096e+01     
 178.000          45.000            1.810e+00          -2.045e-01              60.981          -2.496e+00             230.635           2.117e+01     
 179.000          45.000            1.792e+00          -2.090e-01              60.958          -2.534e+00             230.851           2.138e+01     
 180.000          45.000            1.773e+00          -2.169e-01              60.933          -2.574e+00             231.067           2.160e+01     
 179.000         225.000            1.751e+00          -2.283e-01             240.907          -2.614e+00              51.286           2.183e+01     
 178.000         225.000            1.727e+00          -2.433e-01             240.879          -2.655e+00              51.505           2.206e+01     
 177.000         225.000            1.700e+00          -2.617e-01             240.849          -2.696e+00              51.725           2.230e+01     
 176.000         225.000            1.670e+00          -2.836e-01             240.818          -2.738e+00              51.947           2.255e+01     
 175.000         225.000            1.639e+00          -3.090e-01             240.786          -2.781e+00              52.170           2.281e+01     
 174.000         225.000            1.605e+00          -3.379e-01             240.752          -2.825e+00              52.394           2.308e+01     
 173.000         225.000            1.568e+00          -3.703e-01             240.716          -2.869e+00              52.619           2.336e+01     
 172.000         225.000            1.529e+00          -4.061e-01             240.679          -2.914e+00              52.845           2.365e+01     
 171.000         225.000            1.487e+00          -4.455e-01             240.640          -2.959e+00              53.072           2.395e+01     
 170.000         225.000            1.443e+00          -4.883e-01             240.600          -3.005e+00              53.300           2.427e+01     
 169.000         225.000            1.397e+00          -5.347e-01             240.558          -3.051e+00              53.529           2.460e+01     
 168.000         225.000            1.348e+00          -5.845e-01             240.514          -3.098e+00              53.758           2.494e+01     
 167.000         225.000            1.297e+00          -6.379e-01             240.468          -3.146e+00              53.989           2.530e+01     
 166.000         225.000            1.244e+00          -6.947e-01             240.421          -3.193e+00              54.220           2.568e+01     
 165.000         225.000            1.188e+00          -7.551e-01             240.372          -3.242e+00              54.451           2.608e+01     
 164.000         225.000            1.129e+00          -8.191e-01             240.321          -3.290e+00              54.683           2.650e+01     
 163.000         225.000            1.068e+00          -8.865e-01             240.268          -3.339e+00              54.916           2.695e+01     
 162.000         225.000            1.005e+00          -9.576e-01             240.213          -3.388e+00              55.149           2.742e+01     
 161.000         225.000            9.400e-01          -1.032e+00             240.157          -3.437e+00              55.383           2.793e+01     
 160.000         225.000            8.723e-01          -1.110e+00             240.098          -3.487e+00              55.616           2.847e+01     
 159.000         225.000            8.023e-01          -1.192e+00             240.038          -3.536e+00              55.850           2.905e+01     
 158.000         225.000            7.300e-01          -1.278e+00             239.975          -3.586e+00              56.083           2.968e+01     
 157.000         225.000            6.554e-01          -1.367e+00             239.911          -3.636e+00              56.317           3.036e+01     
 156.000         225.000            5.786e-01          -1.460e+00             239.844          -3.686e+00              56.550           3.111e+01     
 155.000         225.000            4.996e-01          -1.556e+00             239.775          -3.736e+00              56.783           3.193e+01     
 154.000         225.000            4.184e-01          -1.656e+00             239.704          -3.786e+00              57.016           3.285e+01     
 153.000         225.000            3.350e-01          -1.761e+00             239.631          -3.836e+00              57.247           3.388e+01     
 152.000         225.000            2.494e-01          -1.868e+00             239.555          -3.885e+00              57.478           3.507e+01     
 151.000         225.000            1.618e-01          -1.980e+00             239.478          -3.935e+00              57.709           3.645e+01     
 150.000         225.000            7.208e-02          -2.096e+00             239.397          -3.984e+00              57.938           3.810e+01     
 149.000         225.000           -1.969e-02          -2.215e+00             239.315          -4.033e+00              58.166           4.000e+01     
 148.000         225.000           -1.135e-01          -2.339e+00             239.229          -4.082e+00              58.392           4.000e+01     
 147.000         225.000           -2.093e-01          -2.467e+00             239.141          -4.131e+00              58.618           4.000e+01     
 146.000         225.000           -3.070e-01          -2.598e+00             239.051          -4.179e+00              58.841           4.000e+01     
 145.000         225.000           -4.066e-01          -2.734e+00             238.957          -4.227e+00              59.063           4.000e+01     
 144.000         225.000           -5.080e-01          -2.875e+00             238.861          -4.274e+00              59.282           4.000e+01     
 143.000         225.000           -6.113e-01          -3.019e+00             238.762          -4.321e+00              59.500           4.000e+01     
 142.000         225.000           -7.164e-01          -3.169e+00             238.659          -4.367e+00              59.715           4.000e+01     
 141.000         225.000           -8.231e-01          -3.322e+00             238.554          -4.413e+00              59.927           3.849e+01     
 140.000         225.000           -9.315e-01          -3.481e+00             238.445          -4.458e+00              60.137           3.667e+01     
 139.000         225.000           -1.042e+00          -3.644e+00             238.332          -4.502e+00              60.344           3.515e+01     
 138.000         225.000           -1.153e+00          -3.812e+00             238.216          -4.546e+00              60.548           3.386e+01     
 137.000         225.000           -1.266e+00          -3.985e+00             238.096          -4.589e+00              60.748           3.273e+01     
 136.000         225.000           -1.380e+00          -4.163e+00             237.973          -4.631e+00              60.945           3.173e+01     
 135.000         225.000           -1.496e+00          -4.346e+00             237.845          -4.673e+00              61.138           3.083e+01     
 134.000         225.000           -1.613e+00          -4.535e+00             237.712          -4.713e+00              61.327           3.002e+01     
 133.000         225.000           -1.731e+00          -4.730e+00             237.575          -4.753e+00              61.512           2.928e+01     
 132.000         225.000           -1.850e+00          -4.931e+00             237.433          -4.792e+00              61.693           2.859e+01     
 131.000         225.000           -1.971e+00          -5.138e+00             237.286          -4.830e+00              61.869           2.796e+01     
 130.000         225.000           -2.092e+00          -5.351e+00             237.134          -4.867e+00              62.041           2.737e+01     
 129.000         225.000           -2.213e+00          -5.571e+00             236.976          -4.902e+00              62.208           2.683e+01     
 128.000         225.000           -2.336e+00          -5.798e+00             236.811          -4.937e+00              62.369           2.632e+01     
 127.000         225.000           -2.459e+00          -6.032e+00             236.640          -4.971e+00              62.525           2.584e+01     
 126.000         225.000           -2.582e+00          -6.274e+00             236.462          -5.003e+00              62.676           2.540e+01     
 125.000         225.000           -2.705e+00          -6.523e+00             236.276          -5.035e+00              62.821           2.498e+01     
 124.000         225.000           -2.829e+00          -6.782e+00             236.082          -5.065e+00              62.960           2.459e+01     
 123.000         225.000           -2.952e+00          -7.049e+00             235.879          -5.094e+00              63.093           2.423e+01     
 122.000         225.000           -3.075e+00          -7.326e+00             235.666          -5.122e+00              63.220           2.389e+01     
 121.000         225.000           -3.198e+00          -7.613e+00             235.443          -5.149e+00              63.341           2.357e+01     
 120.000         225.000           -3.320e+00          -7.910e+00             235.208          -5.174e+00              63.455           2.327e+01     
 119.000         225.000           -3.441e+00          -8.219e+00             234.960          -5.199e+00              63.562           2.300e+01     
 118.000         225.000           -3.561e+00          -8.540e+00             234.698          -5.221e+00              63.662           2.274e+01     
 117.000         225.000           -3.680e+00          -8.875e+00             234.421          -5.243e+00              63.755           2.251e+01     
 116.000         225.000           -3.797e+00          -9.223e+00             234.126          -5.263e+00              63.841           2.230e+01     
 115.000         225.000           -3.912e+00          -9.587e+00             233.811          -5.282e+00              63.920           2.211e+01     
 114.000         225.000           -4.024e+00          -9.968e+00             233.475          -5.300e+00              63.991           2.194e+01     
 113.000         225.000           -4.135e+00          -1.037e+01             233.113          -5.316e+00              64.055           2.179e+01     
 112.000         225.000           -4.242e+00          -1.079e+01             232.722          -5.331e+00              64.110           2.166e+01     
 111.000         225.000           -4.347e+00          -1.123e+01             232.299          -5.344e+00              64.159           2.156e+01     
 110.000         225.000           -4.448e+00          -1.169e+01             231.837          -5.356e+00              64.199           2.148e+01     
 109.000         225.000           -4.545e+00          -1.218e+01             231.330          -5.367e+00              64.231           2.142e+01     
 108.000         225.000           -4.639e+00          -1.270e+01             230.769          -5.376e+00              64.255           2.138e+01     
 107.000         225.000           -4.727e+00          -1.326e+01             230.145          -5.384e+00              64.271           2.137e+01     
 106.000         225.000           -4.811e+00          -1.385e+01             229.445          -5.390e+00              64.279           2.139e+01     
 105.000         225.000           -4.890e+00          -1.449e+01             228.649          -5.395e+00              64.278           2.143e+01     
 104.000         225.000           -4.964e+00          -1.517e+01             227.737          -5.398e+00              64.269           2.150e+01     
 103.000         225.000           -5.031e+00          -1.592e+01             226.675          -5.400e+00              64.252           2.160e+01     
 102.000         225.000           -5.092e+00          -1.673e+01             225.422          -5.401e+00              64.227           2.172e+01     
 101.000         225.000           -5.147e+00          -1.762e+01             223.915          -5.400e+00              64.193           2.188e+01     
 100.000         225.000           -5.196e+00          -1.861e+01             222.063          -5.398e+00              64.150           2.206e+01     
  99.000         225.000           -5.237e+00          -1.972e+01             219.727          -5.394e+00              64.100           2.228e+01     
  98.000         225.000           -5.271e+00          -2.098e+01             216.686          -5.389e+00              64.040           2.253e+01     
  97.000         225.000           -5.297e+00          -2.241e+01             212.572          -5.382e+00              63.973           2.281e+01     
  96.000         225.000           -5.316e+00          -2.405e+01             206.738          -5.374e+00              63.897           2.313e+01     
  95.000         225.000           -5.327e+00          -2.592e+01             198.013          -5.365e+00              63.813           2.348e+01     
  94.000         225.000           -5.330e+00          -2.790e+01             184.373          -5.354e+00              63.721           2.387e+01     
  93.000         225.000           -5.325e+00          -2.951e+01             163.509          -5.342e+00              63.620           2.430e+01     
  92.000         225.000           -5.313e+00          -2.974e+01             137.394          -5.328e+00              63.511           2.476e+01     
  91.000         225.000           -5.292e+00          -2.839e+01             114.561          -5.313e+00              63.395           2.526e+01     
  90.000         225.000           -5.263e+00          -2.641e+01              99.142          -5.297e+00              63.270           2.580e+01     
  89.000         225.000           -5.227e+00          -2.448e+01              89.326          -5.279e+00              63.137           2.638e+01     
  88.000         225.000           -5.183e+00          -2.275e+01              82.849          -5.260e+00              62.997           2.701e+01     
  87.000         225.000           -5.132e+00          -2.125e+01              78.341          -5.240e+00              62.849           2.768e+01     
  86.000         225.000           -5.074e+00          -1.993e+01              75.045          -5.218e+00              62.694           2.839e+01     
  85.000         225.000           -5.008e+00          -1.877e+01              72.533          -5.195e+00              62.531           2.914e+01     
  84.000         225.000           -4.936e+00          -1.774e+01              70.553          -5.170e+00              62.360           2.995e+01     
  83.000         225.000           -4.858e+00          -1.680e+01              68.948          -5.145e+00              62.183           3.080e+01     
  82.000         225.000           -4.773e+00          -1.595e+01              67.617          -5.118e+00              61.998           3.170e+01     
  81.000         225.000           -4.683e+00          -1.517e+01              66.491          -5.089e+00              61.807           3.265e+01     
  80.000         225.000           -4.587e+00          -1.445e+01              65.522          -5.060e+00              61.609           3.365e+01     
  79.000         225.000           -4.487e+00          -1.379e+01              64.677          -5.029e+00              61.404           3.471e+01     
  78.000         225.000           -4.381e+00          -1.317e+01              63.930          -4.998e+00              61.193           3.582e+01     
  77.000         225.000           -4.272e+00          -1.258e+01              63.263          -4.965e+00              60.976           3.698e+01     
  76.000         225.000           -4.158e+00          -1.204e+01              62.661          -4.931e+00              60.753           3.820e+01     
  75.000         225.000           -4.041e+00          -1.152e+01              62.114          -4.895e+00              60.524           3.947e+01     
  74.000         225.000           -3.921e+00          -1.104e+01              61.612          -4.859e+00              60.289           4.000e+01     
  73.000         225.000           -3.797e+00          -1.057e+01              61.148          -4.822e+00              60.048           4.000e+01     
  72.000         225.000           -3.671e+00          -1.013e+01              60.718          -4.783e+00              59.803           4.000e+01     
  71.000         225.000           -3.543e+00          -9.713e+00              60.316          -4.744e+00              59.552           4.000e+01     
  70.000         225.000           -3.412e+00          -9.312e+00              59.939          -4.703e+00              59.296           4.000e+01     
  69.000         225.000           -3.280e+00          -8.928e+00              59.583          -4.662e+00              59.036           4.000e+01     
  68.000         225.000           -3.147e+00          -8.560e+00              59.246          -4.619e+00              58.771           4.000e+01     
  67.000         225.000           -3.012e+00          -8.207e+00              58.927          -4.576e+00              58.502           4.000e+01     
  66.000         225.000           -2.877e+00          -7.867e+00              58.621          -4.532e+00              58.228           4.000e+01     
  65.000         225.000           -2.740e+00          -7.541e+00              58.330          -4.487e+00              57.951           4.000e+01     
  64.000         225.000           -2.603e+00          -7.226e+00              58.050          -4.441e+00              57.670           4.000e+01     
  63.000         225.000           -2.466e+00          -6.922e+00              57.781          -4.394e+00              57.385           4.000e+01     
  62.000         225.000           -2.329e+00          -6.628e+00              57.521          -4.346e+00              57.097           4.000e+01     
  61.000         225.000           -2.192e+00          -6.345e+00              57.271          -4.298e+00              56.807           4.000e+01     
  60.000         225.000           -2.055e+00          -6.071e+00              57.028          -4.249e+00              56.513           4.000e+01     
  59.000         225.000           -1.918e+00          -5.805e+00              56.793          -4.200e+00              56.216           4.000e+01     
  58.000         225.000           -1.783e+00          -5.548e+00              56.565          -4.150e+00              55.917           4.000e+01     
  57.000         225.000           -1.647e+00          -5.299e+00              56.343          -4.099e+00              55.616           4.000e+01     
  56.000         225.000           -1.513e+00          -5.058e+00              56.127          -4.047e+00              55.313           4.000e+01     
  55.000         225.000           -1.380e+00          -4.824e+00              55.916          -3.996e+00              55.007           4.000e+01     
  54.000         225.000           -1.247e+00          -4.597e+00              55.711          -3.943e+00              54.701           4.000e+01     
  53.000         225.000           -1.116e+00          -4.376e+00              55.510          -3.890e+00              54.392           4.000e+01     
  52.000         225.000           -9.863e-01          -4.162e+00              55.313          -3.837e+00              54.083           3.939e+01     
  51.000         225.000           -8.578e-01          -3.954e+00              55.121          -3.784e+00              53.772           3.858e+01     
  50.000         225.000           -7.308e-01          -3.753e+00              54.933          -3.730e+00              53.460           3.782e+01     
  49.000         225.000           -6.053e-01          -3.557e+00              54.748          -3.675e+00              53.148           3.710e+01     
  48.000         225.000           -4.814e-01          -3.366e+00              54.567          -3.621e+00              52.835           3.641e+01     
  47.000         225.000           -3.592e-01          -3.181e+00              54.390          -3.566e+00              52.522           3.576e+01     
  46.000         225.000           -2.387e-01          -3.002e+00              54.216          -3.511e+00              52.208           3.514e+01     
  45.000         225.000           -1.201e-01          -2.827e+00              54.045          -3.456e+00              51.895           3.456e+01     
  44.000         225.000           -3.300e-03          -2.658e+00              53.877          -3.401e+00              51.581           3.400e+01     
  43.000         225.000            1.116e-01          -2.494e+00              53.712          -3.345e+00              51.268           3.346e+01     
  42.000         225.000            2.244e-01          -2.334e+00              53.549          -3.290e+00              50.956           3.296e+01     
  41.000         225.000            3.353e-01          -2.179e+00              53.390          -3.235e+00              50.644           3.247e+01     
  40.000         225.000            4.441e-01          -2.029e+00              53.233          -3.179e+00              50.332           3.201e+01     
  39.000         225.000            5.508e-01          -1.883e+00              53.079          -3.124e+00              50.022           3.156e+01     
  38.000         225.000            6.553e-01          -1.742e+00              52.927          -3.069e+00              49.713           3.114e+01     
  37.000         225.000            7.577e-01          -1.605e+00              52.778          -3.014e+00              49.405           3.074e+01     
  36.000         225.000            8.578e-01          -1.472e+00              52.631          -2.959e+00              49.098           3.035e+01     
  35.000         225.000            9.557e-01          -1.344e+00              52.486          -2.905e+00              48.793           2.997e+01     
  34.000         225.000            1.051e+00          -1.220e+00              52.344          -2.850e+00              48.489           2.961e+01     
  33.000         225.000            1.145e+00          -1.100e+00              52.204          -2.796e+00              48.188           2.927e+01     
  32.000         225.000            1.236e+00          -9.838e-01              52.066          -2.743e+00              47.888           2.894e+01     
  31.000         225.000            1.324e+00          -8.718e-01              51.931          -2.689e+00              47.589           2.862e+01     
  30.000         225.000            1.410e+00          -7.639e-01              51.798          -2.636e+00              47.293           2.831e+01     
  29.000         225.000            1.494e+00          -6.599e-01              51.667          -2.584e+00              47.000           2.801e+01     
  28.000         225.000            1.576e+00          -5.598e-01              51.538          -2.532e+00              46.708           2.772e+01     
  27.000         225.000            1.654e+00          -4.637e-01              51.411          -2.480e+00              46.419           2.744e+01     
  26.000         225.000            1.731e+00          -3.713e-01              51.287          -2.429e+00              46.132           2.718e+01     
  25.000         225.000            1.805e+00          -2.828e-01              51.164          -2.378e+00              45.848           2.692e+01     
  24.000         225.000            1.876e+00          -1.981e-01              51.044          -2.328e+00              45.566           2.666e+01     
  23.000         225.000            1.945e+00          -1.172e-01              50.925          -2.279e+00              45.288           2.642e+01     
  22.000         225.000            2.012e+00          -4.002e-02              50.809          -2.230e+00              45.012           2.619e+01     
  21.000         225.000            2.076e+00           3.343e-02              50.695          -2.182e+00              44.738           2.596e+01     
  20.000         225.000            2.137e+00           1.032e-01              50.583          -2.135e+00              44.468           2.573e+01     
  19.000         225.000            2.196e+00           1.692e-01              50.473          -2.088e+00              44.201           2.552e+01     
  18.000         225.000            2.252e+00           2.316e-01              50.365          -2.042e+00              43.937           2.531e+01     
  17.000         225.000            2.306e+00           2.903e-01              50.259          -1.997e+00              43.676           2.511e+01     
  16.000         225.000            2.357e+00           3.454e-01              50.155          -1.953e+00              43.418           2.491e+01     
  15.000         225.000            2.405e+00           3.968e-01              50.053          -1.909e+00              43.164           2.471e+01     
  14.000         225.000            2.451e+00           4.446e-01              49.953          -1.867e+00              42.913           2.453e+01     
  13.000         225.000            2.495e+00           4.888e-01              49.855          -1.825e+00              42.665           2.434e+01     
  12.000         225.000            2.535e+00           5.294e-01              49.759          -1.784e+00              42.421           2.417e+01     
  11.000         225.000            2.573e+00           5.664e-01              49.665          -1.744e+00              42.180           2.399e+01     
  10.000         225.000            2.609e+00           5.998e-01              49.573          -1.705e+00              41.942           2.382e+01     
   9.000         225.000            2.642e+00           6.297e-01              49.483          -1.666e+00              41.709           2.366e+01     
   8.000         225.000            2.672e+00           6.559e-01              49.395          -1.629e+00              41.478           2.350e+01     
   7.000         225.000            2.700e+00           6.787e-01              49.309          -1.593e+00              41.252           2.334e+01     
   6.000         225.000            2.725e+00           6.978e-01              49.225          -1.557e+00              41.029           2.319e+01     
   5.000         225.000            2.748e+00           7.134e-01              49.142          -1.523e+00              40.809           2.304e+01     
   4.000         225.000            2.768e+00           7.255e-01              49.062          -1.489e+00              40.593           2.289e+01     
   3.000         225.000            2.786e+00           7.340e-01              48.984          -1.457e+00              40.382           2.275e+01     
   2.000         225.000            2.801e+00           7.390e-01              48.907          -1.426e+00              40.173           2.261e+01     
   1.000         225.000            2.813e+00           7.405e-01              48.833          -1.395e+00              39.969           2.248e+01     
