Theta [deg.]  Phi   [deg.]  Abs(Dir.)[dBi   ]   Abs(Theta)[dBi   ]  Phase(Theta)[deg.]  Abs(Phi  )[dBi   ]  Phase(Phi  )[deg.]  Ax.Ratio[dB    ]    
------------------------------------------------------------------------------------------------------------------------------------------------------
   0.000          90.000           -3.764e+00          -3.898e+00             200.407          -1.893e+01             301.289           1.520e+01     
   1.000          90.000           -3.507e+00          -3.637e+00             202.363          -1.882e+01             300.120           1.527e+01     
   2.000          90.000           -3.250e+00          -3.375e+00             204.193          -1.870e+01             299.124           1.536e+01     
   3.000          90.000           -2.993e+00          -3.115e+00             205.901          -1.857e+01             298.297           1.546e+01     
   4.000          90.000           -2.739e+00          -2.858e+00             207.493          -1.842e+01             297.637           1.556e+01     
   5.000          90.000           -2.489e+00          -2.606e+00             208.976          -1.827e+01             297.137           1.567e+01     
   6.000          90.000           -2.244e+00          -2.358e+00             210.356          -1.811e+01             296.790           1.577e+01     
   7.000          90.000           -2.004e+00          -2.116e+00             211.640          -1.794e+01             296.590           1.586e+01     
   8.000          90.000           -1.771e+00          -1.881e+00             212.835          -1.776e+01             296.526           1.594e+01     
   9.000          90.000           -1.544e+00          -1.654e+00             213.945          -1.759e+01             296.591           1.601e+01     
  10.000          90.000           -1.325e+00          -1.434e+00             214.978          -1.740e+01             296.775           1.606e+01     
  11.000          90.000           -1.114e+00          -1.222e+00             215.938          -1.721e+01             297.068           1.610e+01     
  12.000          90.000           -9.115e-01          -1.019e+00             216.832          -1.702e+01             297.462           1.612e+01     
  13.000          90.000           -7.168e-01          -8.247e-01             217.663          -1.682e+01             297.946           1.613e+01     
  14.000          90.000           -5.307e-01          -6.389e-01             218.437          -1.662e+01             298.512           1.612e+01     
  15.000          90.000           -3.531e-01          -4.620e-01             219.157          -1.641e+01             299.150           1.609e+01     
  16.000          90.000           -1.841e-01          -2.941e-01             219.829          -1.621e+01             299.852           1.605e+01     
  17.000          90.000           -2.389e-02          -1.351e-01             220.454          -1.600e+01             300.608           1.600e+01     
  18.000          90.000            1.277e-01           1.481e-02             221.038          -1.578e+01             301.412           1.593e+01     
  19.000          90.000            2.706e-01           1.557e-01             221.582          -1.556e+01             302.254           1.584e+01     
  20.000          90.000            4.049e-01           2.877e-01             222.091          -1.534e+01             303.128           1.574e+01     
  21.000          90.000            5.306e-01           4.107e-01             222.566          -1.512e+01             304.026           1.563e+01     
  22.000          90.000            6.478e-01           5.249e-01             223.010          -1.490e+01             304.943           1.551e+01     
  23.000          90.000            7.565e-01           6.302e-01             223.425          -1.467e+01             305.872           1.538e+01     
  24.000          90.000            8.568e-01           7.267e-01             223.815          -1.444e+01             306.808           1.524e+01     
  25.000          90.000            9.489e-01           8.145e-01             224.180          -1.421e+01             307.746           1.509e+01     
  26.000          90.000            1.033e+00           8.937e-01             224.522          -1.398e+01             308.682           1.493e+01     
  27.000          90.000            1.108e+00           9.643e-01             224.844          -1.375e+01             309.612           1.476e+01     
  28.000          90.000            1.176e+00           1.026e+00             225.147          -1.352e+01             310.532           1.458e+01     
  29.000          90.000            1.236e+00           1.080e+00             225.433          -1.330e+01             311.439           1.440e+01     
  30.000          90.000            1.287e+00           1.125e+00             225.702          -1.307e+01             312.331           1.421e+01     
  31.000          90.000            1.331e+00           1.162e+00             225.957          -1.284e+01             313.206           1.401e+01     
  32.000          90.000            1.368e+00           1.190e+00             226.199          -1.261e+01             314.061           1.381e+01     
  33.000          90.000            1.396e+00           1.211e+00             226.429          -1.239e+01             314.896           1.360e+01     
  34.000          90.000            1.417e+00           1.223e+00             226.647          -1.217e+01             315.709           1.339e+01     
  35.000          90.000            1.430e+00           1.226e+00             226.856          -1.195e+01             316.500           1.318e+01     
  36.000          90.000            1.436e+00           1.222e+00             227.057          -1.173e+01             317.267           1.295e+01     
  37.000          90.000            1.435e+00           1.209e+00             227.249          -1.152e+01             318.010           1.273e+01     
  38.000          90.000            1.426e+00           1.188e+00             227.435          -1.131e+01             318.730           1.250e+01     
  39.000          90.000            1.410e+00           1.159e+00             227.615          -1.110e+01             319.425           1.226e+01     
  40.000          90.000            1.386e+00           1.122e+00             227.790          -1.090e+01             320.096           1.203e+01     
  41.000          90.000            1.356e+00           1.076e+00             227.962          -1.070e+01             320.744           1.178e+01     
  42.000          90.000            1.318e+00           1.022e+00             228.130          -1.050e+01             321.368           1.154e+01     
  43.000          90.000            1.273e+00           9.603e-01             228.297          -1.031e+01             321.969           1.129e+01     
  44.000          90.000            1.221e+00           8.898e-01             228.462          -1.012e+01             322.547           1.104e+01     
  45.000          90.000            1.162e+00           8.107e-01             228.626          -9.936e+00             323.103           1.078e+01     
  46.000          90.000            1.096e+00           7.231e-01             228.792          -9.757e+00             323.638           1.052e+01     
  47.000          90.000            1.022e+00           6.269e-01             228.958          -9.582e+00             324.151           1.025e+01     
  48.000          90.000            9.419e-01           5.218e-01             229.127          -9.411e+00             324.643           9.982e+00     
  49.000          90.000            8.544e-01           4.077e-01             229.300          -9.244e+00             325.116           9.708e+00     
  50.000          90.000            7.600e-01           2.845e-01             229.476          -9.082e+00             325.569           9.429e+00     
  51.000          90.000            6.584e-01           1.520e-01             229.658          -8.925e+00             326.003           9.145e+00     
  52.000          90.000            5.499e-01           9.994e-03             229.846          -8.772e+00             326.419           8.857e+00     
  53.000          90.000            4.342e-01          -1.418e-01             230.042          -8.624e+00             326.817           8.563e+00     
  54.000          90.000            3.115e-01          -3.037e-01             230.247          -8.480e+00             327.199           8.263e+00     
  55.000          90.000            1.817e-01          -4.760e-01             230.461          -8.341e+00             327.563           7.957e+00     
  56.000          90.000            4.485e-02          -6.589e-01             230.686          -8.206e+00             327.912           7.645e+00     
  57.000          90.000           -9.910e-02          -8.530e-01             230.925          -8.075e+00             328.246           7.326e+00     
  58.000          90.000           -2.501e-01          -1.059e+00             231.179          -7.949e+00             328.565           7.000e+00     
  59.000          90.000           -4.083e-01          -1.276e+00             231.448          -7.828e+00             328.869           6.666e+00     
  60.000          90.000           -5.734e-01          -1.506e+00             231.737          -7.711e+00             329.159           6.323e+00     
  61.000          90.000           -7.456e-01          -1.750e+00             232.046          -7.598e+00             329.437           5.971e+00     
  62.000          90.000           -9.248e-01          -2.007e+00             232.379          -7.489e+00             329.701           5.609e+00     
  63.000          90.000           -1.111e+00          -2.279e+00             232.738          -7.385e+00             329.952           5.236e+00     
  64.000          90.000           -1.304e+00          -2.566e+00             233.127          -7.285e+00             330.192           4.851e+00     
  65.000          90.000           -1.503e+00          -2.870e+00             233.549          -7.190e+00             330.420           4.454e+00     
  66.000          90.000           -1.709e+00          -3.191e+00             234.010          -7.098e+00             330.636           4.042e+00     
  67.000          90.000           -1.921e+00          -3.532e+00             234.515          -7.010e+00             330.842           3.616e+00     
  68.000          90.000           -2.139e+00          -3.892e+00             235.070          -6.927e+00             331.036           3.172e+00     
  69.000          90.000           -2.363e+00          -4.274e+00             235.682          -6.848e+00             331.221           2.711e+00     
  70.000          90.000           -2.591e+00          -4.680e+00             236.362          -6.772e+00             331.395           2.229e+00     
  71.000          90.000           -2.824e+00          -5.112e+00             237.119          -6.701e+00             331.560           1.727e+00     
  72.000          90.000           -3.060e+00          -5.572e+00             237.968          -6.633e+00             331.715           1.204e+00     
  73.000          90.000           -3.298e+00          -6.063e+00             238.926          -6.569e+00             331.861           6.745e-01     
  74.000          90.000           -3.538e+00          -6.588e+00             240.013          -6.510e+00             331.998           3.110e-01     
  75.000          90.000           -3.778e+00          -7.150e+00             241.257          -6.453e+00             332.126           7.094e-01     
  76.000          90.000           -4.015e+00          -7.755e+00             242.693          -6.401e+00             332.245           1.356e+00     
  77.000          90.000           -4.249e+00          -8.406e+00             244.367          -6.353e+00             332.356           2.077e+00     
  78.000          90.000           -4.476e+00          -9.109e+00             246.338          -6.308e+00             332.458           2.865e+00     
  79.000          90.000           -4.694e+00          -9.869e+00             248.688          -6.266e+00             332.552           3.728e+00     
  80.000          90.000           -4.900e+00          -1.069e+01             251.527          -6.229e+00             332.639           4.681e+00     
  81.000          90.000           -5.092e+00          -1.158e+01             255.008          -6.195e+00             332.717           5.744e+00     
  82.000          90.000           -5.264e+00          -1.254e+01             259.342          -6.164e+00             332.788           6.945e+00     
  83.000          90.000           -5.414e+00          -1.355e+01             264.814          -6.138e+00             332.851           8.327e+00     
  84.000          90.000           -5.539e+00          -1.460e+01             271.798          -6.114e+00             332.906           9.956e+00     
  85.000          90.000           -5.634e+00          -1.561e+01             280.711          -6.094e+00             332.954           1.194e+01     
  86.000          90.000           -5.698e+00          -1.647e+01             291.849          -6.078e+00             332.994           1.448e+01     
  87.000          90.000           -5.729e+00          -1.700e+01             305.023          -6.065e+00             333.027           1.804e+01     
  88.000          90.000           -5.724e+00          -1.705e+01             319.205          -6.056e+00             333.052           2.405e+01     
  89.000          90.000           -5.683e+00          -1.659e+01             332.802          -6.050e+00             333.070           4.000e+01     
  90.000          90.000           -5.607e+00          -1.576e+01             344.564          -6.048e+00             333.080           2.458e+01     
  91.000          90.000           -5.497e+00          -1.473e+01             354.091          -6.049e+00             333.083           1.858e+01     
  92.000          90.000           -5.355e+00          -1.364e+01               1.589          -6.053e+00             333.078           1.514e+01     
  93.000          90.000           -5.185e+00          -1.256e+01               7.469          -6.061e+00             333.066           1.277e+01     
  94.000          90.000           -4.988e+00          -1.154e+01              12.121          -6.073e+00             333.046           1.098e+01     
  95.000          90.000           -4.769e+00          -1.059e+01              15.857          -6.088e+00             333.019           9.581e+00     
  96.000          90.000           -4.531e+00          -9.700e+00              18.906          -6.106e+00             332.983           8.459e+00     
  97.000          90.000           -4.278e+00          -8.876e+00              21.434          -6.128e+00             332.940           7.555e+00     
  98.000          90.000           -4.012e+00          -8.111e+00              23.563          -6.153e+00             332.889           6.833e+00     
  99.000          90.000           -3.737e+00          -7.398e+00              25.379          -6.182e+00             332.830           6.270e+00     
 100.000          90.000           -3.456e+00          -6.734e+00              26.950          -6.214e+00             332.763           5.848e+00     
 101.000          90.000           -3.170e+00          -6.112e+00              28.322          -6.250e+00             332.687           5.555e+00     
 102.000          90.000           -2.883e+00          -5.529e+00              29.535          -6.290e+00             332.603           5.378e+00     
 103.000          90.000           -2.594e+00          -4.981e+00              30.616          -6.333e+00             332.509           5.301e+00     
 104.000          90.000           -2.307e+00          -4.465e+00              31.589          -6.379e+00             332.407           5.311e+00     
 105.000          90.000           -2.022e+00          -3.977e+00              32.471          -6.429e+00             332.296           5.392e+00     
 106.000          90.000           -1.740e+00          -3.515e+00              33.276          -6.483e+00             332.176           5.530e+00     
 107.000          90.000           -1.462e+00          -3.077e+00              34.017          -6.541e+00             332.046           5.712e+00     
 108.000          90.000           -1.188e+00          -2.661e+00              34.702          -6.602e+00             331.906           5.929e+00     
 109.000          90.000           -9.203e-01          -2.265e+00              35.339          -6.667e+00             331.756           6.170e+00     
 110.000          90.000           -6.576e-01          -1.888e+00              35.935          -6.736e+00             331.595           6.430e+00     
 111.000          90.000           -4.008e-01          -1.529e+00              36.495          -6.808e+00             331.424           6.703e+00     
 112.000          90.000           -1.502e-01          -1.186e+00              37.023          -6.885e+00             331.241           6.985e+00     
 113.000          90.000            9.418e-02          -8.578e-01              37.525          -6.965e+00             331.047           7.273e+00     
 114.000          90.000            3.321e-01          -5.444e-01              38.002          -7.049e+00             330.841           7.564e+00     
 115.000          90.000            5.635e-01          -2.447e-01              38.457          -7.137e+00             330.623           7.858e+00     
 116.000          90.000            7.884e-01           4.225e-02              38.894          -7.229e+00             330.392           8.153e+00     
 117.000          90.000            1.007e+00           3.170e-01              39.314          -7.325e+00             330.149           8.448e+00     
 118.000          90.000            1.218e+00           5.800e-01              39.718          -7.425e+00             329.891           8.742e+00     
 119.000          90.000            1.423e+00           8.320e-01              40.110          -7.529e+00             329.620           9.035e+00     
 120.000          90.000            1.622e+00           1.073e+00              40.489          -7.637e+00             329.334           9.327e+00     
 121.000          90.000            1.814e+00           1.305e+00              40.857          -7.750e+00             329.033           9.616e+00     
 122.000          90.000            1.999e+00           1.526e+00              41.216          -7.866e+00             328.716           9.904e+00     
 123.000          90.000            2.178e+00           1.738e+00              41.565          -7.987e+00             328.383           1.019e+01     
 124.000          90.000            2.350e+00           1.941e+00              41.907          -8.111e+00             328.034           1.047e+01     
 125.000          90.000            2.516e+00           2.135e+00              42.242          -8.240e+00             327.667           1.075e+01     
 126.000          90.000            2.675e+00           2.320e+00              42.569          -8.373e+00             327.283           1.103e+01     
 127.000          90.000            2.828e+00           2.497e+00              42.891          -8.511e+00             326.879           1.131e+01     
 128.000          90.000            2.975e+00           2.666e+00              43.208          -8.652e+00             326.457           1.159e+01     
 129.000          90.000            3.115e+00           2.826e+00              43.519          -8.798e+00             326.014           1.186e+01     
 130.000          90.000            3.249e+00           2.979e+00              43.825          -8.948e+00             325.551           1.213e+01     
 131.000          90.000            3.377e+00           3.124e+00              44.128          -9.102e+00             325.066           1.241e+01     
 132.000          90.000            3.499e+00           3.262e+00              44.426          -9.260e+00             324.560           1.267e+01     
 133.000          90.000            3.614e+00           3.392e+00              44.721          -9.422e+00             324.030           1.294e+01     
 134.000          90.000            3.723e+00           3.515e+00              45.012          -9.588e+00             323.478           1.321e+01     
 135.000          90.000            3.826e+00           3.631e+00              45.300          -9.758e+00             322.901           1.347e+01     
 136.000          90.000            3.922e+00           3.740e+00              45.586          -9.932e+00             322.300           1.374e+01     
 137.000          90.000            4.013e+00           3.841e+00              45.868          -1.011e+01             321.673           1.400e+01     
 138.000          90.000            4.097e+00           3.936e+00              46.148          -1.029e+01             321.021           1.426e+01     
 139.000          90.000            4.175e+00           4.023e+00              46.425          -1.047e+01             320.342           1.452e+01     
 140.000          90.000            4.246e+00           4.104e+00              46.700          -1.066e+01             319.636           1.478e+01     
 141.000          90.000            4.312e+00           4.177e+00              46.973          -1.085e+01             318.903           1.504e+01     
 142.000          90.000            4.371e+00           4.244e+00              47.244          -1.105e+01             318.143           1.529e+01     
 143.000          90.000            4.424e+00           4.304e+00              47.512          -1.124e+01             317.355           1.555e+01     
 144.000          90.000            4.470e+00           4.357e+00              47.779          -1.144e+01             316.539           1.580e+01     
 145.000          90.000            4.510e+00           4.404e+00              48.044          -1.164e+01             315.697           1.606e+01     
 146.000          90.000            4.544e+00           4.443e+00              48.307          -1.185e+01             314.827           1.631e+01     
 147.000          90.000            4.572e+00           4.476e+00              48.568          -1.205e+01             313.931           1.656e+01     
 148.000          90.000            4.593e+00           4.502e+00              48.827          -1.226e+01             313.009           1.681e+01     
 149.000          90.000            4.607e+00           4.521e+00              49.084          -1.247e+01             312.063           1.705e+01     
 150.000          90.000            4.615e+00           4.533e+00              49.340          -1.267e+01             311.094           1.730e+01     
 151.000          90.000            4.616e+00           4.539e+00              49.593          -1.288e+01             310.104           1.754e+01     
 152.000          90.000            4.611e+00           4.537e+00              49.845          -1.309e+01             309.095           1.779e+01     
 153.000          90.000            4.599e+00           4.528e+00              50.095          -1.330e+01             308.069           1.802e+01     
 154.000          90.000            4.581e+00           4.513e+00              50.343          -1.350e+01             307.029           1.826e+01     
 155.000          90.000            4.555e+00           4.490e+00              50.590          -1.371e+01             305.980           1.849e+01     
 156.000          90.000            4.523e+00           4.460e+00              50.834          -1.391e+01             304.923           1.872e+01     
 157.000          90.000            4.483e+00           4.423e+00              51.076          -1.412e+01             303.865           1.895e+01     
 158.000          90.000            4.437e+00           4.379e+00              51.316          -1.432e+01             302.809           1.917e+01     
 159.000          90.000            4.384e+00           4.327e+00              51.554          -1.451e+01             301.760           1.938e+01     
 160.000          90.000            4.323e+00           4.268e+00              51.790          -1.471e+01             300.725           1.959e+01     
 161.000          90.000            4.255e+00           4.202e+00              52.023          -1.490e+01             299.709           1.980e+01     
 162.000          90.000            4.180e+00           4.128e+00              52.254          -1.509e+01             298.718           1.999e+01     
 163.000          90.000            4.097e+00           4.047e+00              52.482          -1.528e+01             297.760           2.018e+01     
 164.000          90.000            4.007e+00           3.958e+00              52.708          -1.546e+01             296.840           2.035e+01     
 165.000          90.000            3.909e+00           3.861e+00              52.931          -1.564e+01             295.968           2.052e+01     
 166.000          90.000            3.803e+00           3.756e+00              53.151          -1.582e+01             295.150           2.068e+01     
 167.000          90.000            3.690e+00           3.643e+00              53.368          -1.599e+01             294.393           2.082e+01     
 168.000          90.000            3.568e+00           3.522e+00              53.581          -1.616e+01             293.707           2.095e+01     
 169.000          90.000            3.439e+00           3.393e+00              53.791          -1.633e+01             293.099           2.106e+01     
 170.000          90.000            3.301e+00           3.255e+00              53.997          -1.649e+01             292.577           2.115e+01     
 171.000          90.000            3.154e+00           3.108e+00              54.199          -1.666e+01             292.150           2.123e+01     
 172.000          90.000            2.999e+00           2.953e+00              54.397          -1.681e+01             291.825           2.128e+01     
 173.000          90.000            2.835e+00           2.790e+00              54.591          -1.697e+01             291.611           2.131e+01     
 174.000          90.000            2.662e+00           2.617e+00              54.780          -1.712e+01             291.517           2.132e+01     
 175.000          90.000            2.481e+00           2.434e+00              54.963          -1.727e+01             291.549           2.130e+01     
 176.000          90.000            2.289e+00           2.243e+00              55.141          -1.742e+01             291.716           2.126e+01     
 177.000          90.000            2.089e+00           2.041e+00              55.314          -1.756e+01             292.026           2.119e+01     
 178.000          90.000            1.878e+00           1.830e+00              55.480          -1.770e+01             292.486           2.108e+01     
 179.000          90.000            1.658e+00           1.609e+00              55.639          -1.783e+01             293.101           2.095e+01     
 180.000          90.000            1.427e+00           1.377e+00              55.792          -1.795e+01             293.877           2.078e+01     
 179.000         270.000            1.186e+00           1.134e+00             235.936          -1.807e+01             114.820           2.058e+01     
 178.000         270.000            9.345e-01           8.809e-01             236.072          -1.818e+01             115.931           2.035e+01     
 177.000         270.000            6.717e-01           6.160e-01             236.199          -1.827e+01             117.213           2.008e+01     
 176.000         270.000            3.975e-01           3.393e-01             236.316          -1.836e+01             118.665           1.977e+01     
 175.000         270.000            1.117e-01           5.043e-02             236.423          -1.842e+01             120.283           1.944e+01     
 174.000         270.000           -1.861e-01          -2.510e-01             236.518          -1.847e+01             122.062           1.906e+01     
 173.000         270.000           -4.962e-01          -5.655e-01             236.600          -1.850e+01             123.992           1.865e+01     
 172.000         270.000           -8.191e-01          -8.937e-01             236.669          -1.851e+01             126.061           1.821e+01     
 171.000         270.000           -1.155e+00          -1.236e+00             236.722          -1.849e+01             128.252           1.773e+01     
 170.000         270.000           -1.504e+00          -1.593e+00             236.759          -1.845e+01             130.547           1.722e+01     
 169.000         270.000           -1.868e+00          -1.966e+00             236.777          -1.838e+01             132.924           1.668e+01     
 168.000         270.000           -2.245e+00          -2.355e+00             236.775          -1.828e+01             135.359           1.611e+01     
 167.000         270.000           -2.637e+00          -2.761e+00             236.751          -1.816e+01             137.828           1.551e+01     
 166.000         270.000           -3.044e+00          -3.185e+00             236.701          -1.800e+01             140.307           1.487e+01     
 165.000         270.000           -3.467e+00          -3.629e+00             236.624          -1.782e+01             142.771           1.421e+01     
 164.000         270.000           -3.904e+00          -4.093e+00             236.514          -1.762e+01             145.199           1.353e+01     
 163.000         270.000           -4.357e+00          -4.579e+00             236.369          -1.739e+01             147.572           1.281e+01     
 162.000         270.000           -4.825e+00          -5.088e+00             236.183          -1.714e+01             149.872           1.207e+01     
 161.000         270.000           -5.309e+00          -5.623e+00             235.951          -1.687e+01             152.087           1.131e+01     
 160.000         270.000           -5.806e+00          -6.184e+00             235.665          -1.659e+01             154.207           1.052e+01     
 159.000         270.000           -6.316e+00          -6.776e+00             235.316          -1.630e+01             156.225           9.718e+00     
 158.000         270.000           -6.837e+00          -7.400e+00             234.894          -1.599e+01             158.137           8.899e+00     
 157.000         270.000           -7.366e+00          -8.059e+00             234.386          -1.568e+01             159.942           8.073e+00     
 156.000         270.000           -7.899e+00          -8.758e+00             233.774          -1.536e+01             161.640           7.254e+00     
 155.000         270.000           -8.431e+00          -9.500e+00             233.037          -1.504e+01             163.232           6.464e+00     
 154.000         270.000           -8.954e+00          -1.029e+01             232.147          -1.472e+01             164.722           5.746e+00     
 153.000         270.000           -9.459e+00          -1.114e+01             231.066          -1.440e+01             166.115           5.172e+00     
 152.000         270.000           -9.934e+00          -1.205e+01             229.744          -1.408e+01             167.414           4.853e+00     
 151.000         270.000           -1.037e+01          -1.303e+01             228.111          -1.376e+01             168.625           4.922e+00     
 150.000         270.000           -1.075e+01          -1.409e+01             226.069          -1.345e+01             169.753           5.472e+00     
 149.000         270.000           -1.105e+01          -1.524e+01             223.476          -1.314e+01             170.803           6.516e+00     
 148.000         270.000           -1.128e+01          -1.651e+01             220.122          -1.283e+01             171.781           8.042e+00     
 147.000         270.000           -1.142e+01          -1.788e+01             215.688          -1.253e+01             172.690           1.009e+01     
 146.000         270.000           -1.147e+01          -1.938e+01             209.691          -1.224e+01             173.537           1.281e+01     
 145.000         270.000           -1.144e+01          -2.095e+01             201.418          -1.195e+01             174.325           1.668e+01     
 144.000         270.000           -1.133e+01          -2.249e+01             189.970          -1.167e+01             175.060           2.326e+01     
 143.000         270.000           -1.115e+01          -2.372e+01             174.752          -1.140e+01             175.744           4.000e+01     
 142.000         270.000           -1.093e+01          -2.427e+01             156.748          -1.113e+01             176.381           2.298e+01     
 141.000         270.000           -1.066e+01          -2.396e+01             139.051          -1.087e+01             176.976           1.758e+01     
 140.000         270.000           -1.038e+01          -2.303e+01             124.472          -1.062e+01             177.530           1.455e+01     
 139.000         270.000           -1.008e+01          -2.187e+01             113.606          -1.037e+01             178.048           1.251e+01     
 138.000         270.000           -9.770e+00          -2.069e+01             105.727          -1.014e+01             178.531           1.103e+01     
 137.000         270.000           -9.463e+00          -1.961e+01              99.955          -9.904e+00             178.983           9.904e+00     
 136.000         270.000           -9.161e+00          -1.865e+01              95.620          -9.680e+00             179.406           9.032e+00     
 135.000         270.000           -8.868e+00          -1.780e+01              92.273          -9.463e+00             179.801           8.344e+00     
 134.000         270.000           -8.585e+00          -1.705e+01              89.618          -9.252e+00             180.171           7.800e+00     
 133.000         270.000           -8.314e+00          -1.640e+01              87.460          -9.048e+00             180.518           7.369e+00     
 132.000         270.000           -8.056e+00          -1.583e+01              85.664          -8.850e+00             180.842           7.030e+00     
 131.000         270.000           -7.812e+00          -1.533e+01              84.138          -8.660e+00             181.147           6.768e+00     
 130.000         270.000           -7.582e+00          -1.489e+01              82.815          -8.475e+00             181.432           6.570e+00     
 129.000         270.000           -7.365e+00          -1.451e+01              81.646          -8.297e+00             181.700           6.427e+00     
 128.000         270.000           -7.162e+00          -1.418e+01              80.594          -8.125e+00             181.951           6.332e+00     
 127.000         270.000           -6.971e+00          -1.389e+01              79.631          -7.959e+00             182.187           6.277e+00     
 126.000         270.000           -6.794e+00          -1.364e+01              78.735          -7.799e+00             182.409           6.259e+00     
 125.000         270.000           -6.628e+00          -1.344e+01              77.888          -7.644e+00             182.617           6.274e+00     
 124.000         270.000           -6.475e+00          -1.326e+01              77.073          -7.496e+00             182.813           6.318e+00     
 123.000         270.000           -6.332e+00          -1.312e+01              76.279          -7.353e+00             182.996           6.389e+00     
 122.000         270.000           -6.200e+00          -1.301e+01              75.494          -7.215e+00             183.169           6.484e+00     
 121.000         270.000           -6.078e+00          -1.293e+01              74.709          -7.083e+00             183.331           6.604e+00     
 120.000         270.000           -5.966e+00          -1.287e+01              73.914          -6.956e+00             183.483           6.746e+00     
 119.000         270.000           -5.863e+00          -1.284e+01              73.100          -6.834e+00             183.626           6.910e+00     
 118.000         270.000           -5.768e+00          -1.284e+01              72.259          -6.718e+00             183.760           7.096e+00     
 117.000         270.000           -5.682e+00          -1.286e+01              71.383          -6.606e+00             183.886           7.304e+00     
 116.000         270.000           -5.603e+00          -1.290e+01              70.463          -6.499e+00             184.004           7.534e+00     
 115.000         270.000           -5.531e+00          -1.296e+01              69.490          -6.397e+00             184.115           7.787e+00     
 114.000         270.000           -5.467e+00          -1.305e+01              68.454          -6.300e+00             184.218           8.063e+00     
 113.000         270.000           -5.408e+00          -1.316e+01              67.346          -6.207e+00             184.316           8.365e+00     
 112.000         270.000           -5.355e+00          -1.328e+01              66.154          -6.118e+00             184.406           8.693e+00     
 111.000         270.000           -5.308e+00          -1.343e+01              64.866          -6.034e+00             184.491           9.049e+00     
 110.000         270.000           -5.266e+00          -1.360e+01              63.468          -5.955e+00             184.570           9.436e+00     
 109.000         270.000           -5.228e+00          -1.379e+01              61.946          -5.880e+00             184.644           9.857e+00     
 108.000         270.000           -5.195e+00          -1.400e+01              60.283          -5.808e+00             184.712           1.032e+01     
 107.000         270.000           -5.165e+00          -1.422e+01              58.460          -5.742e+00             184.775           1.082e+01     
 106.000         270.000           -5.139e+00          -1.446e+01              56.458          -5.679e+00             184.834           1.136e+01     
 105.000         270.000           -5.115e+00          -1.471e+01              54.253          -5.620e+00             184.888           1.196e+01     
 104.000         270.000           -5.094e+00          -1.498e+01              51.821          -5.565e+00             184.937           1.263e+01     
 103.000         270.000           -5.076e+00          -1.525e+01              49.137          -5.514e+00             184.983           1.336e+01     
 102.000         270.000           -5.059e+00          -1.553e+01              46.175          -5.467e+00             185.024           1.419e+01     
 101.000         270.000           -5.043e+00          -1.581e+01              42.910          -5.423e+00             185.061           1.512e+01     
 100.000         270.000           -5.028e+00          -1.608e+01              39.321          -5.384e+00             185.095           1.619e+01     
  99.000         270.000           -5.015e+00          -1.633e+01              35.392          -5.348e+00             185.125           1.744e+01     
  98.000         270.000           -5.001e+00          -1.655e+01              31.120          -5.316e+00             185.151           1.893e+01     
  97.000         270.000           -4.987e+00          -1.674e+01              26.515          -5.287e+00             185.174           2.076e+01     
  96.000         270.000           -4.973e+00          -1.688e+01              21.607          -5.262e+00             185.193           2.313e+01     
  95.000         270.000           -4.958e+00          -1.696e+01              16.450          -5.241e+00             185.209           2.647e+01     
  94.000         270.000           -4.942e+00          -1.697e+01              11.117          -5.223e+00             185.222           3.207e+01     
  93.000         270.000           -4.925e+00          -1.691e+01               5.702          -5.209e+00             185.231           4.000e+01     
  92.000         270.000           -4.906e+00          -1.677e+01               0.303          -5.198e+00             185.238           3.346e+01     
  91.000         270.000           -4.886e+00          -1.656e+01             355.021          -5.191e+00             185.241           2.698e+01     
  90.000         270.000           -4.863e+00          -1.628e+01             349.941          -5.188e+00             185.242           2.328e+01     
  89.000         270.000           -4.838e+00          -1.595e+01             345.131          -5.188e+00             185.239           2.066e+01     
  88.000         270.000           -4.810e+00          -1.557e+01             340.638          -5.191e+00             185.234           1.864e+01     
  87.000         270.000           -4.780e+00          -1.515e+01             336.484          -5.198e+00             185.225           1.698e+01     
  86.000         270.000           -4.747e+00          -1.471e+01             332.675          -5.208e+00             185.214           1.558e+01     
  85.000         270.000           -4.712e+00          -1.426e+01             329.202          -5.222e+00             185.199           1.436e+01     
  84.000         270.000           -4.673e+00          -1.380e+01             326.049          -5.240e+00             185.182           1.329e+01     
  83.000         270.000           -4.632e+00          -1.333e+01             323.193          -5.261e+00             185.162           1.233e+01     
  82.000         270.000           -4.588e+00          -1.287e+01             320.608          -5.285e+00             185.138           1.147e+01     
  81.000         270.000           -4.541e+00          -1.242e+01             318.271          -5.313e+00             185.112           1.068e+01     
  80.000         270.000           -4.491e+00          -1.197e+01             316.156          -5.345e+00             185.083           9.955e+00     
  79.000         270.000           -4.439e+00          -1.154e+01             314.240          -5.381e+00             185.050           9.289e+00     
  78.000         270.000           -4.384e+00          -1.112e+01             312.503          -5.420e+00             185.015           8.674e+00     
  77.000         270.000           -4.327e+00          -1.071e+01             310.925          -5.462e+00             184.976           8.104e+00     
  76.000         270.000           -4.268e+00          -1.032e+01             309.491          -5.509e+00             184.934           7.575e+00     
  75.000         270.000           -4.208e+00          -9.936e+00             308.185          -5.559e+00             184.889           7.085e+00     
  74.000         270.000           -4.145e+00          -9.569e+00             306.994          -5.613e+00             184.840           6.631e+00     
  73.000         270.000           -4.081e+00          -9.217e+00             305.907          -5.671e+00             184.788           6.211e+00     
  72.000         270.000           -4.016e+00          -8.878e+00             304.913          -5.733e+00             184.732           5.826e+00     
  71.000         270.000           -3.951e+00          -8.553e+00             304.004          -5.798e+00             184.673           5.474e+00     
  70.000         270.000           -3.885e+00          -8.242e+00             303.173          -5.868e+00             184.609           5.155e+00     
  69.000         270.000           -3.818e+00          -7.943e+00             302.412          -5.942e+00             184.542           4.870e+00     
  68.000         270.000           -3.752e+00          -7.658e+00             301.716          -6.020e+00             184.470           4.620e+00     
  67.000         270.000           -3.686e+00          -7.385e+00             301.079          -6.103e+00             184.394           4.406e+00     
  66.000         270.000           -3.621e+00          -7.124e+00             300.498          -6.189e+00             184.313           4.228e+00     
  65.000         270.000           -3.557e+00          -6.876e+00             299.968          -6.280e+00             184.227           4.087e+00     
  64.000         270.000           -3.495e+00          -6.639e+00             299.485          -6.375e+00             184.137           3.984e+00     
  63.000         270.000           -3.434e+00          -6.413e+00             299.048          -6.475e+00             184.041           3.918e+00     
  62.000         270.000           -3.375e+00          -6.200e+00             298.653          -6.580e+00             183.939           3.888e+00     
  61.000         270.000           -3.319e+00          -5.997e+00             298.299          -6.689e+00             183.832           3.893e+00     
  60.000         270.000           -3.265e+00          -5.805e+00             297.983          -6.803e+00             183.718           3.931e+00     
  59.000         270.000           -3.214e+00          -5.624e+00             297.705          -6.922e+00             183.598           3.998e+00     
  58.000         270.000           -3.167e+00          -5.453e+00             297.462          -7.046e+00             183.470           4.091e+00     
  57.000         270.000           -3.123e+00          -5.293e+00             297.254          -7.175e+00             183.336           4.209e+00     
  56.000         270.000           -3.083e+00          -5.144e+00             297.080          -7.309e+00             183.193           4.346e+00     
  55.000         270.000           -3.046e+00          -5.005e+00             296.939          -7.448e+00             183.042           4.502e+00     
  54.000         270.000           -3.015e+00          -4.875e+00             296.832          -7.593e+00             182.881           4.673e+00     
  53.000         270.000           -2.988e+00          -4.756e+00             296.758          -7.744e+00             182.712           4.857e+00     
  52.000         270.000           -2.965e+00          -4.647e+00             296.717          -7.899e+00             182.532           5.052e+00     
  51.000         270.000           -2.948e+00          -4.548e+00             296.709          -8.061e+00             182.341           5.257e+00     
  50.000         270.000           -2.937e+00          -4.459e+00             296.735          -8.229e+00             182.139           5.471e+00     
  49.000         270.000           -2.931e+00          -4.380e+00             296.796          -8.402e+00             181.924           5.693e+00     
  48.000         270.000           -2.930e+00          -4.310e+00             296.892          -8.582e+00             181.696           5.921e+00     
  47.000         270.000           -2.936e+00          -4.251e+00             297.024          -8.768e+00             181.453           6.157e+00     
  46.000         270.000           -2.948e+00          -4.201e+00             297.194          -8.960e+00             181.194           6.398e+00     
  45.000         270.000           -2.967e+00          -4.161e+00             297.402          -9.158e+00             180.919           6.646e+00     
  44.000         270.000           -2.992e+00          -4.130e+00             297.650          -9.364e+00             180.626           6.901e+00     
  43.000         270.000           -3.024e+00          -4.110e+00             297.941          -9.575e+00             180.314           7.162e+00     
  42.000         270.000           -3.063e+00          -4.099e+00             298.276          -9.794e+00             179.980           7.429e+00     
  41.000         270.000           -3.109e+00          -4.098e+00             298.658          -1.002e+01             179.624           7.705e+00     
  40.000         270.000           -3.162e+00          -4.107e+00             299.088          -1.025e+01             179.243           7.989e+00     
  39.000         270.000           -3.223e+00          -4.125e+00             299.571          -1.049e+01             178.836           8.282e+00     
  38.000         270.000           -3.291e+00          -4.153e+00             300.108          -1.074e+01             178.400           8.586e+00     
  37.000         270.000           -3.367e+00          -4.191e+00             300.703          -1.099e+01             177.933           8.902e+00     
  36.000         270.000           -3.450e+00          -4.237e+00             301.361          -1.125e+01             177.432           9.232e+00     
  35.000         270.000           -3.540e+00          -4.293e+00             302.084          -1.152e+01             176.895           9.578e+00     
  34.000         270.000           -3.638e+00          -4.359e+00             302.878          -1.180e+01             176.318           9.942e+00     
  33.000         270.000           -3.743e+00          -4.432e+00             303.747          -1.208e+01             175.699           1.033e+01     
  32.000         270.000           -3.855e+00          -4.515e+00             304.696          -1.237e+01             175.033           1.074e+01     
  31.000         270.000           -3.974e+00          -4.605e+00             305.731          -1.266e+01             174.316           1.118e+01     
  30.000         270.000           -4.098e+00          -4.702e+00             306.857          -1.296e+01             173.545           1.166e+01     
  29.000         270.000           -4.229e+00          -4.807e+00             308.081          -1.327e+01             172.716           1.218e+01     
  28.000         270.000           -4.365e+00          -4.918e+00             309.408          -1.359e+01             171.822           1.275e+01     
  27.000         270.000           -4.504e+00          -5.034e+00             310.845          -1.391e+01             170.860           1.338e+01     
  26.000         270.000           -4.647e+00          -5.153e+00             312.398          -1.423e+01             169.825           1.408e+01     
  25.000         270.000           -4.792e+00          -5.276e+00             314.074          -1.456e+01             168.711           1.488e+01     
  24.000         270.000           -4.937e+00          -5.400e+00             315.879          -1.489e+01             167.512           1.580e+01     
  23.000         270.000           -5.081e+00          -5.523e+00             317.816          -1.522e+01             166.225           1.686e+01     
  22.000         270.000           -5.222e+00          -5.644e+00             319.892          -1.556e+01             164.843           1.812e+01     
  21.000         270.000           -5.358e+00          -5.760e+00             322.107          -1.589e+01             163.363           1.965e+01     
  20.000         270.000           -5.485e+00          -5.869e+00             324.464          -1.622e+01             161.781           2.158e+01     
  19.000         270.000           -5.603e+00          -5.968e+00             326.960          -1.654e+01             160.094           2.414e+01     
  18.000         270.000           -5.707e+00          -6.054e+00             329.591          -1.686e+01             158.301           2.788e+01     
  17.000         270.000           -5.795e+00          -6.124e+00             332.349          -1.716e+01             156.404           3.470e+01     
  16.000         270.000           -5.864e+00          -6.176e+00             335.223          -1.746e+01             154.406           4.000e+01     
  15.000         270.000           -5.911e+00          -6.206e+00             338.199          -1.774e+01             152.312           3.190e+01     
  14.000         270.000           -5.935e+00          -6.214e+00             341.258          -1.800e+01             150.133           2.662e+01     
  13.000         270.000           -5.932e+00          -6.196e+00             344.377          -1.824e+01             147.879           2.347e+01     
  12.000         270.000           -5.903e+00          -6.151e+00             347.534          -1.846e+01             145.567           2.128e+01     
  11.000         270.000           -5.845e+00          -6.079e+00             350.703          -1.865e+01             143.216           1.966e+01     
  10.000         270.000           -5.759e+00          -5.980e+00             353.858          -1.881e+01             140.848           1.843e+01     
   9.000         270.000           -5.646e+00          -5.854e+00             356.973          -1.895e+01             138.487           1.748e+01     
   8.000         270.000           -5.508e+00          -5.704e+00               0.025          -1.905e+01             136.157           1.675e+01     
   7.000         270.000           -5.345e+00          -5.531e+00               2.993          -1.913e+01             133.883           1.619e+01     
   6.000         270.000           -5.161e+00          -5.337e+00               5.861          -1.918e+01             131.691           1.579e+01     
   5.000         270.000           -4.958e+00          -5.125e+00               8.613          -1.920e+01             129.602           1.550e+01     
   4.000         270.000           -4.740e+00          -4.899e+00              11.240          -1.919e+01             127.637           1.531e+01     
   3.000         270.000           -4.508e+00          -4.660e+00              13.735          -1.915e+01             125.811           1.520e+01     
   2.000         270.000           -4.267e+00          -4.412e+00              16.095          -1.910e+01             124.139           1.516e+01     
   1.000         270.000           -4.018e+00          -4.157e+00              18.318          -1.902e+01             122.629           1.516e+01     
