Theta [deg.]  Phi   [deg.]  Abs(Dir.)[dBi   ]   Abs(Theta)[dBi   ]  Phase(Theta)[deg.]  Abs(Phi  )[dBi   ]  Phase(Phi  )[deg.]  Ax.Ratio[dB    ]    
------------------------------------------------------------------------------------------------------------------------------------------------------
   0.000          45.000           -2.519e+00          -9.100e+00             276.512          -3.597e+00             237.962           1.112e+01     
   1.000          45.000           -2.616e+00          -9.295e+00             275.816          -3.667e+00             237.085           1.116e+01     
   2.000          45.000           -2.714e+00          -9.494e+00             275.090          -3.738e+00             236.205           1.121e+01     
   3.000          45.000           -2.813e+00          -9.696e+00             274.332          -3.809e+00             235.324           1.128e+01     
   4.000          45.000           -2.911e+00          -9.901e+00             273.543          -3.880e+00             234.441           1.135e+01     
   5.000          45.000           -3.010e+00          -1.011e+01             272.720          -3.952e+00             233.558           1.143e+01     
   6.000          45.000           -3.109e+00          -1.032e+01             271.862          -4.024e+00             232.675           1.152e+01     
   7.000          45.000           -3.207e+00          -1.053e+01             270.969          -4.096e+00             231.791           1.163e+01     
   8.000          45.000           -3.305e+00          -1.074e+01             270.038          -4.169e+00             230.908           1.174e+01     
   9.000          45.000           -3.403e+00          -1.096e+01             269.070          -4.242e+00             230.025           1.186e+01     
  10.000          45.000           -3.501e+00          -1.118e+01             268.063          -4.314e+00             229.143           1.199e+01     
  11.000          45.000           -3.598e+00          -1.139e+01             267.018          -4.387e+00             228.262           1.214e+01     
  12.000          45.000           -3.694e+00          -1.161e+01             265.933          -4.460e+00             227.384           1.229e+01     
  13.000          45.000           -3.789e+00          -1.182e+01             264.809          -4.533e+00             226.507           1.245e+01     
  14.000          45.000           -3.884e+00          -1.203e+01             263.645          -4.606e+00             225.633           1.262e+01     
  15.000          45.000           -3.978e+00          -1.224e+01             262.443          -4.679e+00             224.762           1.280e+01     
  16.000          45.000           -4.070e+00          -1.245e+01             261.204          -4.751e+00             223.894           1.299e+01     
  17.000          45.000           -4.161e+00          -1.266e+01             259.928          -4.824e+00             223.031           1.318e+01     
  18.000          45.000           -4.252e+00          -1.286e+01             258.618          -4.896e+00             222.172           1.338e+01     
  19.000          45.000           -4.340e+00          -1.305e+01             257.276          -4.968e+00             221.318           1.359e+01     
  20.000          45.000           -4.428e+00          -1.324e+01             255.905          -5.039e+00             220.469           1.381e+01     
  21.000          45.000           -4.514e+00          -1.343e+01             254.508          -5.111e+00             219.627           1.403e+01     
  22.000          45.000           -4.598e+00          -1.361e+01             253.089          -5.182e+00             218.791           1.425e+01     
  23.000          45.000           -4.681e+00          -1.378e+01             251.652          -5.252e+00             217.962           1.448e+01     
  24.000          45.000           -4.763e+00          -1.394e+01             250.201          -5.322e+00             217.141           1.471e+01     
  25.000          45.000           -4.843e+00          -1.410e+01             248.742          -5.392e+00             216.328           1.494e+01     
  26.000          45.000           -4.921e+00          -1.424e+01             247.280          -5.461e+00             215.524           1.518e+01     
  27.000          45.000           -4.998e+00          -1.438e+01             245.821          -5.529e+00             214.730           1.541e+01     
  28.000          45.000           -5.073e+00          -1.451e+01             244.370          -5.597e+00             213.946           1.564e+01     
  29.000          45.000           -5.146e+00          -1.464e+01             242.932          -5.664e+00             213.173           1.587e+01     
  30.000          45.000           -5.218e+00          -1.475e+01             241.515          -5.731e+00             212.411           1.609e+01     
  31.000          45.000           -5.289e+00          -1.486e+01             240.123          -5.797e+00             211.661           1.631e+01     
  32.000          45.000           -5.357e+00          -1.495e+01             238.762          -5.862e+00             210.923           1.652e+01     
  33.000          45.000           -5.425e+00          -1.504e+01             237.437          -5.927e+00             210.199           1.673e+01     
  34.000          45.000           -5.490e+00          -1.513e+01             236.153          -5.990e+00             209.489           1.692e+01     
  35.000          45.000           -5.555e+00          -1.520e+01             234.914          -6.053e+00             208.794           1.710e+01     
  36.000          45.000           -5.617e+00          -1.527e+01             233.725          -6.115e+00             208.113           1.727e+01     
  37.000          45.000           -5.679e+00          -1.533e+01             232.588          -6.177e+00             207.449           1.743e+01     
  38.000          45.000           -5.739e+00          -1.539e+01             231.508          -6.237e+00             206.801           1.757e+01     
  39.000          45.000           -5.798e+00          -1.544e+01             230.485          -6.297e+00             206.170           1.770e+01     
  40.000          45.000           -5.855e+00          -1.549e+01             229.523          -6.355e+00             205.557           1.782e+01     
  41.000          45.000           -5.911e+00          -1.553e+01             228.624          -6.413e+00             204.962           1.792e+01     
  42.000          45.000           -5.967e+00          -1.558e+01             227.787          -6.470e+00             204.387           1.800e+01     
  43.000          45.000           -6.021e+00          -1.562e+01             227.014          -6.526e+00             203.831           1.806e+01     
  44.000          45.000           -6.074e+00          -1.565e+01             226.306          -6.581e+00             203.295           1.811e+01     
  45.000          45.000           -6.126e+00          -1.569e+01             225.662          -6.634e+00             202.780           1.815e+01     
  46.000          45.000           -6.177e+00          -1.572e+01             225.081          -6.687e+00             202.286           1.816e+01     
  47.000          45.000           -6.227e+00          -1.576e+01             224.565          -6.739e+00             201.814           1.817e+01     
  48.000          45.000           -6.276e+00          -1.580e+01             224.111          -6.790e+00             201.365           1.816e+01     
  49.000          45.000           -6.324e+00          -1.583e+01             223.719          -6.840e+00             200.939           1.813e+01     
  50.000          45.000           -6.371e+00          -1.587e+01             223.387          -6.888e+00             200.537           1.810e+01     
  51.000          45.000           -6.418e+00          -1.591e+01             223.115          -6.936e+00             200.158           1.805e+01     
  52.000          45.000           -6.464e+00          -1.595e+01             222.901          -6.983e+00             199.804           1.799e+01     
  53.000          45.000           -6.509e+00          -1.599e+01             222.743          -7.028e+00             199.475           1.793e+01     
  54.000          45.000           -6.553e+00          -1.603e+01             222.640          -7.072e+00             199.171           1.786e+01     
  55.000          45.000           -6.596e+00          -1.608e+01             222.590          -7.115e+00             198.894           1.778e+01     
  56.000          45.000           -6.639e+00          -1.613e+01             222.591          -7.157e+00             198.642           1.769e+01     
  57.000          45.000           -6.681e+00          -1.618e+01             222.643          -7.197e+00             198.418           1.761e+01     
  58.000          45.000           -6.722e+00          -1.624e+01             222.742          -7.236e+00             198.220           1.752e+01     
  59.000          45.000           -6.762e+00          -1.630e+01             222.888          -7.274e+00             198.050           1.743e+01     
  60.000          45.000           -6.801e+00          -1.636e+01             223.077          -7.311e+00             197.907           1.734e+01     
  61.000          45.000           -6.840e+00          -1.643e+01             223.309          -7.346e+00             197.792           1.725e+01     
  62.000          45.000           -6.878e+00          -1.650e+01             223.582          -7.380e+00             197.706           1.716e+01     
  63.000          45.000           -6.915e+00          -1.657e+01             223.894          -7.412e+00             197.647           1.708e+01     
  64.000          45.000           -6.951e+00          -1.665e+01             224.242          -7.442e+00             197.618           1.700e+01     
  65.000          45.000           -6.986e+00          -1.674e+01             224.625          -7.472e+00             197.617           1.692e+01     
  66.000          45.000           -7.020e+00          -1.683e+01             225.040          -7.499e+00             197.645           1.685e+01     
  67.000          45.000           -7.053e+00          -1.692e+01             225.487          -7.525e+00             197.703           1.679e+01     
  68.000          45.000           -7.084e+00          -1.702e+01             225.962          -7.549e+00             197.789           1.674e+01     
  69.000          45.000           -7.115e+00          -1.712e+01             226.464          -7.572e+00             197.904           1.669e+01     
  70.000          45.000           -7.145e+00          -1.724e+01             226.991          -7.592e+00             198.049           1.666e+01     
  71.000          45.000           -7.173e+00          -1.735e+01             227.539          -7.611e+00             198.223           1.663e+01     
  72.000          45.000           -7.199e+00          -1.747e+01             228.108          -7.628e+00             198.425           1.662e+01     
  73.000          45.000           -7.225e+00          -1.760e+01             228.694          -7.642e+00             198.656           1.662e+01     
  74.000          45.000           -7.249e+00          -1.774e+01             229.296          -7.655e+00             198.917           1.663e+01     
  75.000          45.000           -7.271e+00          -1.789e+01             229.911          -7.665e+00             199.205           1.666e+01     
  76.000          45.000           -7.292e+00          -1.804e+01             230.535          -7.674e+00             199.522           1.670e+01     
  77.000          45.000           -7.311e+00          -1.820e+01             231.167          -7.680e+00             199.867           1.676e+01     
  78.000          45.000           -7.328e+00          -1.837e+01             231.803          -7.684e+00             200.239           1.684e+01     
  79.000          45.000           -7.343e+00          -1.855e+01             232.441          -7.685e+00             200.639           1.694e+01     
  80.000          45.000           -7.356e+00          -1.874e+01             233.074          -7.684e+00             201.065           1.706e+01     
  81.000          45.000           -7.367e+00          -1.894e+01             233.704          -7.680e+00             201.518           1.720e+01     
  82.000          45.000           -7.376e+00          -1.916e+01             234.324          -7.674e+00             201.997           1.736e+01     
  83.000          45.000           -7.383e+00          -1.939e+01             234.931          -7.665e+00             202.501           1.755e+01     
  84.000          45.000           -7.387e+00          -1.963e+01             235.519          -7.654e+00             203.030           1.777e+01     
  85.000          45.000           -7.389e+00          -1.990e+01             236.083          -7.640e+00             203.583           1.802e+01     
  86.000          45.000           -7.388e+00          -2.018e+01             236.616          -7.622e+00             204.160           1.830e+01     
  87.000          45.000           -7.384e+00          -2.048e+01             237.113          -7.603e+00             204.760           1.862e+01     
  88.000          45.000           -7.378e+00          -2.080e+01             237.563          -7.580e+00             205.381           1.899e+01     
  89.000          45.000           -7.368e+00          -2.115e+01             237.958          -7.554e+00             206.024           1.940e+01     
  90.000          45.000           -7.356e+00          -2.152e+01             238.287          -7.526e+00             206.687           1.986e+01     
  91.000          45.000           -7.340e+00          -2.193e+01             238.531          -7.494e+00             207.371           2.039e+01     
  92.000          45.000           -7.322e+00          -2.237e+01             238.673          -7.459e+00             208.073           2.098e+01     
  93.000          45.000           -7.299e+00          -2.286e+01             238.691          -7.422e+00             208.793           2.167e+01     
  94.000          45.000           -7.274e+00          -2.339e+01             238.552          -7.381e+00             209.530           2.245e+01     
  95.000          45.000           -7.244e+00          -2.397e+01             238.216          -7.338e+00             210.283           2.337e+01     
  96.000          45.000           -7.211e+00          -2.462e+01             237.626          -7.291e+00             211.052           2.444e+01     
  97.000          45.000           -7.175e+00          -2.534e+01             236.705          -7.241e+00             211.835           2.573e+01     
  98.000          45.000           -7.134e+00          -2.614e+01             235.341          -7.189e+00             212.631           2.732e+01     
  99.000          45.000           -7.089e+00          -2.705e+01             233.369          -7.133e+00             213.440           2.934e+01     
 100.000          45.000           -7.040e+00          -2.806e+01             230.539          -7.075e+00             214.261           3.210e+01     
 101.000          45.000           -6.987e+00          -2.921e+01             226.475          -7.013e+00             215.093           3.634e+01     
 102.000          45.000           -6.930e+00          -3.047e+01             220.553          -6.949e+00             215.934           4.000e+01     
 103.000          45.000           -6.868e+00          -3.181e+01             211.882          -6.882e+00             216.784           4.000e+01     
 104.000          45.000           -6.802e+00          -3.304e+01             199.388          -6.812e+00             217.642           3.633e+01     
 105.000          45.000           -6.731e+00          -3.379e+01             182.725          -6.739e+00             218.507           3.173e+01     
 106.000          45.000           -6.656e+00          -3.365e+01             164.026          -6.664e+00             219.379           2.868e+01     
 107.000          45.000           -6.576e+00          -3.260e+01             147.286          -6.587e+00             220.256           2.640e+01     
 108.000          45.000           -6.491e+00          -3.106e+01             134.683          -6.506e+00             221.138           2.457e+01     
 109.000          45.000           -6.402e+00          -2.942e+01             125.899          -6.424e+00             222.023           2.304e+01     
 110.000          45.000           -6.308e+00          -2.784e+01             119.861          -6.339e+00             222.912           2.174e+01     
 111.000          45.000           -6.210e+00          -2.639e+01             115.663          -6.252e+00             223.804           2.059e+01     
 112.000          45.000           -6.107e+00          -2.507e+01             112.698          -6.163e+00             224.697           1.958e+01     
 113.000          45.000           -6.000e+00          -2.386e+01             110.577          -6.071e+00             225.591           1.867e+01     
 114.000          45.000           -5.888e+00          -2.275e+01             109.049          -5.978e+00             226.486           1.785e+01     
 115.000          45.000           -5.772e+00          -2.173e+01             107.949          -5.883e+00             227.381           1.710e+01     
 116.000          45.000           -5.651e+00          -2.078e+01             107.164          -5.787e+00             228.276           1.642e+01     
 117.000          45.000           -5.527e+00          -1.990e+01             106.618          -5.688e+00             229.169           1.579e+01     
 118.000          45.000           -5.398e+00          -1.907e+01             106.255          -5.588e+00             230.061           1.522e+01     
 119.000          45.000           -5.265e+00          -1.830e+01             106.035          -5.487e+00             230.951           1.469e+01     
 120.000          45.000           -5.129e+00          -1.756e+01             105.926          -5.384e+00             231.838           1.419e+01     
 121.000          45.000           -4.989e+00          -1.687e+01             105.908          -5.281e+00             232.722           1.374e+01     
 122.000          45.000           -4.846e+00          -1.621e+01             105.961          -5.176e+00             233.604           1.332e+01     
 123.000          45.000           -4.700e+00          -1.558e+01             106.073          -5.070e+00             234.482           1.293e+01     
 124.000          45.000           -4.550e+00          -1.497e+01             106.232          -4.963e+00             235.356           1.257e+01     
 125.000          45.000           -4.398e+00          -1.440e+01             106.430          -4.855e+00             236.226           1.224e+01     
 126.000          45.000           -4.243e+00          -1.385e+01             106.660          -4.747e+00             237.092           1.194e+01     
 127.000          45.000           -4.086e+00          -1.332e+01             106.916          -4.638e+00             237.953           1.166e+01     
 128.000          45.000           -3.927e+00          -1.280e+01             107.193          -4.529e+00             238.810           1.140e+01     
 129.000          45.000           -3.765e+00          -1.231e+01             107.487          -4.419e+00             239.662           1.116e+01     
 130.000          45.000           -3.602e+00          -1.184e+01             107.795          -4.309e+00             240.509           1.095e+01     
 131.000          45.000           -3.438e+00          -1.138e+01             108.115          -4.198e+00             241.350           1.075e+01     
 132.000          45.000           -3.272e+00          -1.094e+01             108.443          -4.088e+00             242.187           1.058e+01     
 133.000          45.000           -3.106e+00          -1.051e+01             108.779          -3.977e+00             243.018           1.042e+01     
 134.000          45.000           -2.938e+00          -1.009e+01             109.120          -3.867e+00             243.843           1.027e+01     
 135.000          45.000           -2.770e+00          -9.693e+00             109.465          -3.756e+00             244.663           1.015e+01     
 136.000          45.000           -2.602e+00          -9.304e+00             109.812          -3.646e+00             245.477           1.004e+01     
 137.000          45.000           -2.433e+00          -8.926e+00             110.161          -3.536e+00             246.286           9.941e+00     
 138.000          45.000           -2.265e+00          -8.560e+00             110.511          -3.426e+00             247.089           9.859e+00     
 139.000          45.000           -2.097e+00          -8.205e+00             110.860          -3.317e+00             247.886           9.790e+00     
 140.000          45.000           -1.929e+00          -7.860e+00             111.209          -3.208e+00             248.678           9.734e+00     
 141.000          45.000           -1.762e+00          -7.525e+00             111.556          -3.100e+00             249.463           9.690e+00     
 142.000          45.000           -1.595e+00          -7.199e+00             111.901          -2.993e+00             250.243           9.657e+00     
 143.000          45.000           -1.430e+00          -6.884e+00             112.244          -2.886e+00             251.018           9.635e+00     
 144.000          45.000           -1.265e+00          -6.577e+00             112.584          -2.780e+00             251.786           9.623e+00     
 145.000          45.000           -1.102e+00          -6.279e+00             112.921          -2.674e+00             252.548           9.620e+00     
 146.000          45.000           -9.409e-01          -5.989e+00             113.255          -2.570e+00             253.305           9.626e+00     
 147.000          45.000           -7.809e-01          -5.708e+00             113.585          -2.466e+00             254.056           9.641e+00     
 148.000          45.000           -6.227e-01          -5.435e+00             113.910          -2.363e+00             254.802           9.664e+00     
 149.000          45.000           -4.663e-01          -5.169e+00             114.232          -2.262e+00             255.541           9.694e+00     
 150.000          45.000           -3.119e-01          -4.912e+00             114.549          -2.161e+00             256.275           9.731e+00     
 151.000          45.000           -1.596e-01          -4.662e+00             114.862          -2.062e+00             257.004           9.775e+00     
 152.000          45.000           -9.515e-03          -4.419e+00             115.170          -1.963e+00             257.726           9.825e+00     
 153.000          45.000            1.383e-01          -4.184e+00             115.474          -1.866e+00             258.443           9.881e+00     
 154.000          45.000            2.837e-01          -3.955e+00             115.772          -1.770e+00             259.155           9.942e+00     
 155.000          45.000            4.266e-01          -3.734e+00             116.066          -1.675e+00             259.860           1.001e+01     
 156.000          45.000            5.670e-01          -3.519e+00             116.355          -1.582e+00             260.561           1.008e+01     
 157.000          45.000            7.047e-01          -3.311e+00             116.638          -1.490e+00             261.255           1.016e+01     
 158.000          45.000            8.396e-01          -3.110e+00             116.917          -1.399e+00             261.944           1.024e+01     
 159.000          45.000            9.718e-01          -2.915e+00             117.190          -1.309e+00             262.628           1.032e+01     
 160.000          45.000            1.101e+00          -2.727e+00             117.458          -1.221e+00             263.306           1.041e+01     
 161.000          45.000            1.227e+00          -2.545e+00             117.720          -1.135e+00             263.979           1.050e+01     
 162.000          45.000            1.351e+00          -2.369e+00             117.978          -1.050e+00             264.646           1.060e+01     
 163.000          45.000            1.471e+00          -2.199e+00             118.230          -9.662e-01             265.308           1.069e+01     
 164.000          45.000            1.589e+00          -2.035e+00             118.476          -8.841e-01             265.964           1.079e+01     
 165.000          45.000            1.703e+00          -1.878e+00             118.717          -8.036e-01             266.615           1.090e+01     
 166.000          45.000            1.814e+00          -1.726e+00             118.953          -7.245e-01             267.260           1.101e+01     
 167.000          45.000            1.922e+00          -1.580e+00             119.183          -6.471e-01             267.900           1.112e+01     
 168.000          45.000            2.026e+00          -1.440e+00             119.408          -5.712e-01             268.534           1.123e+01     
 169.000          45.000            2.128e+00          -1.306e+00             119.627          -4.969e-01             269.163           1.134e+01     
 170.000          45.000            2.226e+00          -1.177e+00             119.841          -4.243e-01             269.787           1.146e+01     
 171.000          45.000            2.321e+00          -1.054e+00             120.050          -3.532e-01             270.405           1.158e+01     
 172.000          45.000            2.412e+00          -9.368e-01             120.252          -2.838e-01             271.017           1.170e+01     
 173.000          45.000            2.500e+00          -8.250e-01             120.450          -2.161e-01             271.624           1.183e+01     
 174.000          45.000            2.585e+00          -7.187e-01             120.641          -1.499e-01             272.226           1.195e+01     
 175.000          45.000            2.667e+00          -6.178e-01             120.828          -8.548e-02             272.822           1.208e+01     
 176.000          45.000            2.745e+00          -5.224e-01             121.009          -2.269e-02             273.412           1.221e+01     
 177.000          45.000            2.820e+00          -4.323e-01             121.184           3.844e-02             273.997           1.235e+01     
 178.000          45.000            2.891e+00          -3.476e-01             121.353           9.789e-02             274.576           1.248e+01     
 179.000          45.000            2.959e+00          -2.682e-01             121.518           1.557e-01             275.150           1.262e+01     
 180.000          45.000            3.024e+00          -1.942e-01             121.676           2.117e-01             275.717           1.276e+01     
 179.000         225.000            3.085e+00          -1.253e-01             301.829           2.661e-01              96.279           1.290e+01     
 178.000         225.000            3.143e+00          -6.160e-02             301.976           3.188e-01              96.836           1.304e+01     
 177.000         225.000            3.198e+00          -3.111e-03             302.118           3.699e-01              97.386           1.319e+01     
 176.000         225.000            3.249e+00           5.021e-02             302.254           4.193e-01              97.931           1.334e+01     
 175.000         225.000            3.297e+00           9.840e-02             302.385           4.670e-01              98.470           1.349e+01     
 174.000         225.000            3.342e+00           1.415e-01             302.510           5.130e-01              99.003           1.364e+01     
 173.000         225.000            3.383e+00           1.794e-01             302.630           5.574e-01              99.530           1.380e+01     
 172.000         225.000            3.421e+00           2.123e-01             302.744           6.002e-01             100.051           1.396e+01     
 171.000         225.000            3.456e+00           2.402e-01             302.853           6.412e-01             100.566           1.412e+01     
 170.000         225.000            3.487e+00           2.630e-01             302.955           6.807e-01             101.075           1.429e+01     
 169.000         225.000            3.515e+00           2.808e-01             303.053           7.185e-01             101.577           1.445e+01     
 168.000         225.000            3.541e+00           2.935e-01             303.144           7.547e-01             102.073           1.462e+01     
 167.000         225.000            3.562e+00           3.013e-01             303.230           7.892e-01             102.563           1.480e+01     
 166.000         225.000            3.581e+00           3.041e-01             303.311           8.222e-01             103.046           1.497e+01     
 165.000         225.000            3.597e+00           3.018e-01             303.385           8.536e-01             103.523           1.515e+01     
 164.000         225.000            3.609e+00           2.946e-01             303.454           8.834e-01             103.994           1.534e+01     
 163.000         225.000            3.619e+00           2.825e-01             303.518           9.116e-01             104.457           1.552e+01     
 162.000         225.000            3.625e+00           2.653e-01             303.575           9.383e-01             104.914           1.571e+01     
 161.000         225.000            3.629e+00           2.432e-01             303.627           9.635e-01             105.365           1.591e+01     
 160.000         225.000            3.629e+00           2.160e-01             303.674           9.871e-01             105.808           1.611e+01     
 159.000         225.000            3.626e+00           1.839e-01             303.714           1.009e+00             106.244           1.631e+01     
 158.000         225.000            3.621e+00           1.468e-01             303.749           1.030e+00             106.674           1.652e+01     
 157.000         225.000            3.613e+00           1.047e-01             303.778           1.049e+00             107.096           1.673e+01     
 156.000         225.000            3.602e+00           5.761e-02             303.801           1.067e+00             107.511           1.695e+01     
 155.000         225.000            3.588e+00           5.441e-03             303.819           1.083e+00             107.918           1.717e+01     
 154.000         225.000            3.571e+00          -5.178e-02             303.830           1.098e+00             108.319           1.740e+01     
 153.000         225.000            3.552e+00          -1.141e-01             303.836           1.112e+00             108.711           1.763e+01     
 152.000         225.000            3.530e+00          -1.815e-01             303.836           1.124e+00             109.097           1.787e+01     
 151.000         225.000            3.506e+00          -2.540e-01             303.830           1.134e+00             109.474           1.811e+01     
 150.000         225.000            3.479e+00          -3.318e-01             303.818           1.144e+00             109.844           1.836e+01     
 149.000         225.000            3.449e+00          -4.147e-01             303.800           1.152e+00             110.206           1.862e+01     
 148.000         225.000            3.417e+00          -5.029e-01             303.776           1.159e+00             110.560           1.888e+01     
 147.000         225.000            3.383e+00          -5.964e-01             303.746           1.164e+00             110.906           1.916e+01     
 146.000         225.000            3.346e+00          -6.952e-01             303.710           1.169e+00             111.243           1.944e+01     
 145.000         225.000            3.307e+00          -7.995e-01             303.668           1.172e+00             111.573           1.973e+01     
 144.000         225.000            3.266e+00          -9.093e-01             303.619           1.174e+00             111.894           2.002e+01     
 143.000         225.000            3.223e+00          -1.025e+00             303.565           1.174e+00             112.207           2.033e+01     
 142.000         225.000            3.178e+00          -1.146e+00             303.504           1.174e+00             112.511           2.065e+01     
 141.000         225.000            3.130e+00          -1.272e+00             303.436           1.173e+00             112.806           2.097e+01     
 140.000         225.000            3.081e+00          -1.405e+00             303.362           1.170e+00             113.093           2.131e+01     
 139.000         225.000            3.030e+00          -1.543e+00             303.282           1.166e+00             113.371           2.166e+01     
 138.000         225.000            2.977e+00          -1.688e+00             303.195           1.161e+00             113.639           2.202e+01     
 137.000         225.000            2.922e+00          -1.838e+00             303.101           1.156e+00             113.899           2.240e+01     
 136.000         225.000            2.866e+00          -1.995e+00             303.001           1.149e+00             114.150           2.279e+01     
 135.000         225.000            2.808e+00          -2.158e+00             302.893           1.141e+00             114.391           2.320e+01     
 134.000         225.000            2.748e+00          -2.328e+00             302.778           1.132e+00             114.623           2.362e+01     
 133.000         225.000            2.687e+00          -2.505e+00             302.656           1.123e+00             114.846           2.406e+01     
 132.000         225.000            2.625e+00          -2.689e+00             302.527           1.112e+00             115.059           2.452e+01     
 131.000         225.000            2.562e+00          -2.879e+00             302.390           1.101e+00             115.262           2.500e+01     
 130.000         225.000            2.497e+00          -3.078e+00             302.245           1.089e+00             115.456           2.551e+01     
 129.000         225.000            2.432e+00          -3.284e+00             302.092           1.075e+00             115.640           2.604e+01     
 128.000         225.000            2.365e+00          -3.497e+00             301.930           1.062e+00             115.814           2.660e+01     
 127.000         225.000            2.298e+00          -3.719e+00             301.760           1.047e+00             115.978           2.719e+01     
 126.000         225.000            2.229e+00          -3.950e+00             301.581           1.032e+00             116.131           2.781e+01     
 125.000         225.000            2.160e+00          -4.189e+00             301.392           1.016e+00             116.275           2.848e+01     
 124.000         225.000            2.091e+00          -4.438e+00             301.193           9.987e-01             116.409           2.919e+01     
 123.000         225.000            2.021e+00          -4.696e+00             300.984           9.813e-01             116.532           2.995e+01     
 122.000         225.000            1.951e+00          -4.965e+00             300.764           9.632e-01             116.644           3.077e+01     
 121.000         225.000            1.880e+00          -5.244e+00             300.533           9.445e-01             116.746           3.166e+01     
 120.000         225.000            1.810e+00          -5.535e+00             300.288           9.253e-01             116.838           3.263e+01     
 119.000         225.000            1.739e+00          -5.838e+00             300.031           9.054e-01             116.919           3.371e+01     
 118.000         225.000            1.669e+00          -6.153e+00             299.759           8.850e-01             116.989           3.492e+01     
 117.000         225.000            1.599e+00          -6.481e+00             299.472           8.641e-01             117.048           3.629e+01     
 116.000         225.000            1.529e+00          -6.824e+00             299.167           8.427e-01             117.097           3.788e+01     
 115.000         225.000            1.459e+00          -7.183e+00             298.844           8.208e-01             117.134           3.978e+01     
 114.000         225.000            1.390e+00          -7.557e+00             298.501           7.985e-01             117.161           4.000e+01     
 113.000         225.000            1.322e+00          -7.950e+00             298.134           7.758e-01             117.177           4.000e+01     
 112.000         225.000            1.255e+00          -8.362e+00             297.743           7.527e-01             117.181           4.000e+01     
 111.000         225.000            1.189e+00          -8.795e+00             297.322           7.291e-01             117.175           4.000e+01     
 110.000         225.000            1.123e+00          -9.250e+00             296.869           7.053e-01             117.157           4.000e+01     
 109.000         225.000            1.059e+00          -9.731e+00             296.378           6.811e-01             117.129           4.000e+01     
 108.000         225.000            9.962e-01          -1.024e+01             295.844           6.565e-01             117.088           4.000e+01     
 107.000         225.000            9.348e-01          -1.078e+01             295.258           6.317e-01             117.037           4.000e+01     
 106.000         225.000            8.748e-01          -1.135e+01             294.612           6.066e-01             116.975           4.000e+01     
 105.000         225.000            8.164e-01          -1.196e+01             293.893           5.812e-01             116.901           3.862e+01     
 104.000         225.000            7.598e-01          -1.262e+01             293.086           5.556e-01             116.816           3.732e+01     
 103.000         225.000            7.049e-01          -1.333e+01             292.169           5.298e-01             116.719           3.622e+01     
 102.000         225.000            6.520e-01          -1.409e+01             291.115           5.038e-01             116.611           3.526e+01     
 101.000         225.000            6.010e-01          -1.492e+01             289.883           4.776e-01             116.492           3.442e+01     
 100.000         225.000            5.521e-01          -1.584e+01             288.421           4.512e-01             116.362           3.368e+01     
  99.000         225.000            5.053e-01          -1.685e+01             286.643           4.246e-01             116.220           3.301e+01     
  98.000         225.000            4.607e-01          -1.797e+01             284.427           3.979e-01             116.067           3.239e+01     
  97.000         225.000            4.183e-01          -1.924e+01             281.577           3.711e-01             115.902           3.183e+01     
  96.000         225.000            3.783e-01          -2.069e+01             277.765           3.442e-01             115.726           3.131e+01     
  95.000         225.000            3.405e-01          -2.235e+01             272.417           3.171e-01             115.539           3.083e+01     
  94.000         225.000            3.051e-01          -2.427e+01             264.476           2.899e-01             115.341           3.038e+01     
  93.000         225.000            2.721e-01          -2.637e+01             252.005           2.627e-01             115.131           2.995e+01     
  92.000         225.000            2.415e-01          -2.828e+01             232.248           2.354e-01             114.910           2.955e+01     
  91.000         225.000            2.132e-01          -2.895e+01             205.520           2.080e-01             114.679           2.916e+01     
  90.000         225.000            1.874e-01          -2.782e+01             180.480           1.805e-01             114.435           2.879e+01     
  89.000         225.000            1.639e-01          -2.585e+01             163.356           1.530e-01             114.181           2.843e+01     
  88.000         225.000            1.427e-01          -2.386e+01             152.630           1.254e-01             113.916           2.809e+01     
  87.000         225.000            1.239e-01          -2.211e+01             145.680           9.782e-02             113.640           2.775e+01     
  86.000         225.000            1.073e-01          -2.059e+01             140.902           7.016e-02             113.353           2.742e+01     
  85.000         225.000            9.287e-02          -1.929e+01             137.432           4.247e-02             113.055           2.710e+01     
  84.000         225.000            8.061e-02          -1.814e+01             134.795           1.473e-02             112.747           2.678e+01     
  83.000         225.000            7.041e-02          -1.714e+01             132.714          -1.304e-02             112.427           2.647e+01     
  82.000         225.000            6.220e-02          -1.624e+01             131.022          -4.084e-02             112.097           2.616e+01     
  81.000         225.000            5.590e-02          -1.543e+01             129.611          -6.869e-02             111.757           2.586e+01     
  80.000         225.000            5.141e-02          -1.470e+01             128.408          -9.658e-02             111.406           2.555e+01     
  79.000         225.000            4.865e-02          -1.403e+01             127.366          -1.245e-01             111.045           2.525e+01     
  78.000         225.000            4.750e-02          -1.342e+01             126.447          -1.525e-01             110.673           2.495e+01     
  77.000         225.000            4.785e-02          -1.286e+01             125.628          -1.805e-01             110.291           2.466e+01     
  76.000         225.000            4.961e-02          -1.234e+01             124.888          -2.086e-01             109.899           2.436e+01     
  75.000         225.000            5.264e-02          -1.185e+01             124.213          -2.367e-01             109.497           2.406e+01     
  74.000         225.000            5.684e-02          -1.141e+01             123.592          -2.650e-01             109.085           2.377e+01     
  73.000         225.000            6.209e-02          -1.099e+01             123.016          -2.933e-01             108.663           2.348e+01     
  72.000         225.000            6.826e-02          -1.059e+01             122.478          -3.216e-01             108.232           2.319e+01     
  71.000         225.000            7.523e-02          -1.023e+01             121.973          -3.501e-01             107.790           2.290e+01     
  70.000         225.000            8.287e-02          -9.881e+00             121.496          -3.787e-01             107.340           2.261e+01     
  69.000         225.000            9.106e-02          -9.557e+00             121.043          -4.074e-01             106.879           2.232e+01     
  68.000         225.000            9.968e-02          -9.252e+00             120.610          -4.363e-01             106.410           2.204e+01     
  67.000         225.000            1.086e-01          -8.965e+00             120.197          -4.653e-01             105.931           2.176e+01     
  66.000         225.000            1.177e-01          -8.694e+00             119.799          -4.944e-01             105.443           2.148e+01     
  65.000         225.000            1.269e-01          -8.439e+00             119.416          -5.238e-01             104.947           2.120e+01     
  64.000         225.000            1.360e-01          -8.198e+00             119.045          -5.533e-01             104.441           2.092e+01     
  63.000         225.000            1.449e-01          -7.971e+00             118.686          -5.830e-01             103.926           2.065e+01     
  62.000         225.000            1.535e-01          -7.757e+00             118.337          -6.130e-01             103.403           2.037e+01     
  61.000         225.000            1.617e-01          -7.555e+00             117.997          -6.432e-01             102.871           2.011e+01     
  60.000         225.000            1.694e-01          -7.364e+00             117.666          -6.737e-01             102.331           1.984e+01     
  59.000         225.000            1.765e-01          -7.185e+00             117.342          -7.044e-01             101.782           1.958e+01     
  58.000         225.000            1.828e-01          -7.016e+00             117.024          -7.354e-01             101.225           1.932e+01     
  57.000         225.000            1.883e-01          -6.858e+00             116.713          -7.668e-01             100.660           1.906e+01     
  56.000         225.000            1.928e-01          -6.709e+00             116.407          -7.985e-01             100.087           1.881e+01     
  55.000         225.000            1.964e-01          -6.570e+00             116.106          -8.305e-01              99.506           1.855e+01     
  54.000         225.000            1.988e-01          -6.439e+00             115.809          -8.629e-01              98.917           1.831e+01     
  53.000         225.000            1.999e-01          -6.317e+00             115.517          -8.957e-01              98.321           1.806e+01     
  52.000         225.000            1.998e-01          -6.204e+00             115.228          -9.290e-01              97.717           1.782e+01     
  51.000         225.000            1.983e-01          -6.099e+00             114.943          -9.626e-01              97.105           1.758e+01     
  50.000         225.000            1.953e-01          -6.002e+00             114.661          -9.967e-01              96.486           1.735e+01     
  49.000         225.000            1.908e-01          -5.912e+00             114.381          -1.031e+00              95.859           1.712e+01     
  48.000         225.000            1.847e-01          -5.831e+00             114.104          -1.066e+00              95.225           1.689e+01     
  47.000         225.000            1.769e-01          -5.756e+00             113.828          -1.102e+00              94.585           1.667e+01     
  46.000         225.000            1.674e-01          -5.689e+00             113.555          -1.138e+00              93.937           1.645e+01     
  45.000         225.000            1.560e-01          -5.629e+00             113.282          -1.175e+00              93.282           1.623e+01     
  44.000         225.000            1.428e-01          -5.576e+00             113.011          -1.212e+00              92.620           1.602e+01     
  43.000         225.000            1.277e-01          -5.529e+00             112.741          -1.250e+00              91.951           1.581e+01     
  42.000         225.000            1.106e-01          -5.489e+00             112.472          -1.289e+00              91.276           1.560e+01     
  41.000         225.000            9.148e-02          -5.456e+00             112.203          -1.328e+00              90.594           1.540e+01     
  40.000         225.000            7.030e-02          -5.430e+00             111.934          -1.367e+00              89.906           1.520e+01     
  39.000         225.000            4.702e-02          -5.409e+00             111.664          -1.408e+00              89.211           1.500e+01     
  38.000         225.000            2.161e-02          -5.396e+00             111.395          -1.449e+00              88.510           1.481e+01     
  37.000         225.000           -5.979e-03          -5.388e+00             111.124          -1.491e+00              87.802           1.462e+01     
  36.000         225.000           -3.577e-02          -5.387e+00             110.853          -1.534e+00              87.089           1.444e+01     
  35.000         225.000           -6.779e-02          -5.391e+00             110.580          -1.577e+00              86.369           1.425e+01     
  34.000         225.000           -1.021e-01          -5.402e+00             110.306          -1.621e+00              85.643           1.408e+01     
  33.000         225.000           -1.386e-01          -5.419e+00             110.030          -1.666e+00              84.911           1.390e+01     
  32.000         225.000           -1.774e-01          -5.441e+00             109.751          -1.711e+00              84.173           1.373e+01     
  31.000         225.000           -2.185e-01          -5.470e+00             109.470          -1.758e+00              83.430           1.357e+01     
  30.000         225.000           -2.620e-01          -5.505e+00             109.186          -1.805e+00              82.681           1.341e+01     
  29.000         225.000           -3.077e-01          -5.545e+00             108.898          -1.853e+00              81.926           1.325e+01     
  28.000         225.000           -3.558e-01          -5.591e+00             108.607          -1.902e+00              81.165           1.309e+01     
  27.000         225.000           -4.062e-01          -5.643e+00             108.312          -1.952e+00              80.399           1.295e+01     
  26.000         225.000           -4.588e-01          -5.701e+00             108.011          -2.002e+00              79.627           1.280e+01     
  25.000         225.000           -5.138e-01          -5.764e+00             107.706          -2.053e+00              78.850           1.266e+01     
  24.000         225.000           -5.710e-01          -5.834e+00             107.396          -2.106e+00              78.068           1.252e+01     
  23.000         225.000           -6.306e-01          -5.908e+00             107.079          -2.159e+00              77.281           1.239e+01     
  22.000         225.000           -6.923e-01          -5.989e+00             106.756          -2.213e+00              76.488           1.227e+01     
  21.000         225.000           -7.563e-01          -6.075e+00             106.426          -2.267e+00              75.691           1.215e+01     
  20.000         225.000           -8.224e-01          -6.166e+00             106.088          -2.323e+00              74.888           1.203e+01     
  19.000         225.000           -8.907e-01          -6.264e+00             105.741          -2.379e+00              74.080           1.192e+01     
  18.000         225.000           -9.611e-01          -6.366e+00             105.386          -2.437e+00              73.268           1.181e+01     
  17.000         225.000           -1.034e+00          -6.474e+00             105.021          -2.495e+00              72.451           1.171e+01     
  16.000         225.000           -1.108e+00          -6.588e+00             104.646          -2.554e+00              71.630           1.162e+01     
  15.000         225.000           -1.185e+00          -6.707e+00             104.260          -2.613e+00              70.803           1.153e+01     
  14.000         225.000           -1.263e+00          -6.831e+00             103.862          -2.674e+00              69.973           1.145e+01     
  13.000         225.000           -1.343e+00          -6.961e+00             103.451          -2.735e+00              69.138           1.138e+01     
  12.000         225.000           -1.425e+00          -7.096e+00             103.027          -2.797e+00              68.299           1.131e+01     
  11.000         225.000           -1.509e+00          -7.237e+00             102.588          -2.860e+00              67.456           1.125e+01     
  10.000         225.000           -1.594e+00          -7.382e+00             102.134          -2.924e+00              66.610           1.120e+01     
   9.000         225.000           -1.681e+00          -7.532e+00             101.664          -2.988e+00              65.759           1.115e+01     
   8.000         225.000           -1.770e+00          -7.688e+00             101.176          -3.053e+00              64.905           1.111e+01     
   7.000         225.000           -1.859e+00          -7.849e+00             100.670          -3.119e+00              64.047           1.108e+01     
   6.000         225.000           -1.950e+00          -8.014e+00             100.144          -3.186e+00              63.186           1.106e+01     
   5.000         225.000           -2.043e+00          -8.184e+00              99.598          -3.253e+00              62.322           1.105e+01     
   4.000         225.000           -2.136e+00          -8.359e+00              99.030          -3.320e+00              61.455           1.105e+01     
   3.000         225.000           -2.231e+00          -8.538e+00              98.438          -3.389e+00              60.586           1.105e+01     
   2.000         225.000           -2.326e+00          -8.721e+00              97.822          -3.458e+00              59.713           1.106e+01     
   1.000         225.000           -2.422e+00          -8.909e+00              97.181          -3.527e+00              58.839           1.109e+01     
