Theta [deg.]  Phi   [deg.]  Abs(Dir.)[dBi   ]   Abs(Theta)[dBi   ]  Phase(Theta)[deg.]  Abs(Phi  )[dBi   ]  Phase(Phi  )[deg.]  Ax.Ratio[dB    ]    
------------------------------------------------------------------------------------------------------------------------------------------------------
   0.000          90.000           -2.519e+00          -3.361e+00             251.117          -1.006e+01             208.482           1.112e+01     
   1.000          90.000           -2.504e+00          -3.350e+00             251.284          -1.002e+01             208.198           1.101e+01     
   2.000          90.000           -2.490e+00          -3.340e+00             251.451          -9.990e+00             207.911           1.091e+01     
   3.000          90.000           -2.478e+00          -3.331e+00             251.617          -9.967e+00             207.621           1.082e+01     
   4.000          90.000           -2.468e+00          -3.322e+00             251.781          -9.951e+00             207.329           1.073e+01     
   5.000          90.000           -2.460e+00          -3.314e+00             251.945          -9.943e+00             207.034           1.064e+01     
   6.000          90.000           -2.453e+00          -3.306e+00             252.107          -9.941e+00             206.737           1.056e+01     
   7.000          90.000           -2.449e+00          -3.300e+00             252.269          -9.947e+00             206.435           1.049e+01     
   8.000          90.000           -2.447e+00          -3.294e+00             252.429          -9.961e+00             206.131           1.043e+01     
   9.000          90.000           -2.446e+00          -3.289e+00             252.587          -9.982e+00             205.822           1.036e+01     
  10.000          90.000           -2.448e+00          -3.285e+00             252.744          -1.001e+01             205.509           1.031e+01     
  11.000          90.000           -2.451e+00          -3.282e+00             252.900          -1.004e+01             205.192           1.026e+01     
  12.000          90.000           -2.457e+00          -3.280e+00             253.055          -1.009e+01             204.870           1.022e+01     
  13.000          90.000           -2.465e+00          -3.279e+00             253.208          -1.014e+01             204.543           1.018e+01     
  14.000          90.000           -2.475e+00          -3.279e+00             253.361          -1.019e+01             204.211           1.015e+01     
  15.000          90.000           -2.487e+00          -3.281e+00             253.512          -1.026e+01             203.872           1.012e+01     
  16.000          90.000           -2.502e+00          -3.284e+00             253.662          -1.033e+01             203.528           1.010e+01     
  17.000          90.000           -2.518e+00          -3.289e+00             253.811          -1.041e+01             203.176           1.008e+01     
  18.000          90.000           -2.537e+00          -3.295e+00             253.960          -1.049e+01             202.818           1.007e+01     
  19.000          90.000           -2.559e+00          -3.303e+00             254.108          -1.058e+01             202.452           1.006e+01     
  20.000          90.000           -2.582e+00          -3.313e+00             254.255          -1.068e+01             202.078           1.006e+01     
  21.000          90.000           -2.609e+00          -3.324e+00             254.403          -1.079e+01             201.696           1.007e+01     
  22.000          90.000           -2.637e+00          -3.338e+00             254.550          -1.091e+01             201.304           1.008e+01     
  23.000          90.000           -2.668e+00          -3.353e+00             254.697          -1.103e+01             200.903           1.010e+01     
  24.000          90.000           -2.702e+00          -3.371e+00             254.845          -1.116e+01             200.491           1.012e+01     
  25.000          90.000           -2.738e+00          -3.391e+00             254.993          -1.129e+01             200.068           1.015e+01     
  26.000          90.000           -2.777e+00          -3.413e+00             255.142          -1.144e+01             199.633           1.018e+01     
  27.000          90.000           -2.819e+00          -3.438e+00             255.292          -1.159e+01             199.185           1.022e+01     
  28.000          90.000           -2.863e+00          -3.465e+00             255.443          -1.175e+01             198.724           1.026e+01     
  29.000          90.000           -2.911e+00          -3.495e+00             255.596          -1.191e+01             198.248           1.031e+01     
  30.000          90.000           -2.961e+00          -3.527e+00             255.750          -1.209e+01             197.756           1.036e+01     
  31.000          90.000           -3.014e+00          -3.563e+00             255.906          -1.227e+01             197.248           1.042e+01     
  32.000          90.000           -3.069e+00          -3.601e+00             256.064          -1.246e+01             196.721           1.048e+01     
  33.000          90.000           -3.128e+00          -3.642e+00             256.224          -1.265e+01             196.176           1.055e+01     
  34.000          90.000           -3.191e+00          -3.687e+00             256.387          -1.286e+01             195.609           1.062e+01     
  35.000          90.000           -3.256e+00          -3.735e+00             256.553          -1.307e+01             195.021           1.070e+01     
  36.000          90.000           -3.324e+00          -3.786e+00             256.722          -1.329e+01             194.408           1.079e+01     
  37.000          90.000           -3.396e+00          -3.841e+00             256.894          -1.352e+01             193.770           1.088e+01     
  38.000          90.000           -3.471e+00          -3.899e+00             257.070          -1.375e+01             193.104           1.097e+01     
  39.000          90.000           -3.550e+00          -3.961e+00             257.249          -1.400e+01             192.408           1.107e+01     
  40.000          90.000           -3.632e+00          -4.027e+00             257.433          -1.425e+01             191.680           1.117e+01     
  41.000          90.000           -3.718e+00          -4.096e+00             257.621          -1.451e+01             190.918           1.128e+01     
  42.000          90.000           -3.808e+00          -4.170e+00             257.814          -1.477e+01             190.118           1.140e+01     
  43.000          90.000           -3.901e+00          -4.248e+00             258.011          -1.505e+01             189.278           1.152e+01     
  44.000          90.000           -3.999e+00          -4.331e+00             258.214          -1.533e+01             188.395           1.164e+01     
  45.000          90.000           -4.101e+00          -4.418e+00             258.421          -1.562e+01             187.466           1.177e+01     
  46.000          90.000           -4.206e+00          -4.509e+00             258.635          -1.592e+01             186.485           1.190e+01     
  47.000          90.000           -4.316e+00          -4.606e+00             258.854          -1.623e+01             185.450           1.204e+01     
  48.000          90.000           -4.431e+00          -4.707e+00             259.079          -1.654e+01             184.356           1.219e+01     
  49.000          90.000           -4.550e+00          -4.813e+00             259.311          -1.686e+01             183.199           1.234e+01     
  50.000          90.000           -4.674e+00          -4.924e+00             259.550          -1.719e+01             181.974           1.249e+01     
  51.000          90.000           -4.803e+00          -5.041e+00             259.796          -1.752e+01             180.675           1.265e+01     
  52.000          90.000           -4.936e+00          -5.164e+00             260.049          -1.786e+01             179.299           1.282e+01     
  53.000          90.000           -5.076e+00          -5.292e+00             260.310          -1.820e+01             177.839           1.299e+01     
  54.000          90.000           -5.220e+00          -5.427e+00             260.579          -1.855e+01             176.289           1.317e+01     
  55.000          90.000           -5.370e+00          -5.568e+00             260.856          -1.890e+01             174.644           1.335e+01     
  56.000          90.000           -5.526e+00          -5.715e+00             261.142          -1.925e+01             172.900           1.354e+01     
  57.000          90.000           -5.689e+00          -5.869e+00             261.437          -1.960e+01             171.050           1.373e+01     
  58.000          90.000           -5.857e+00          -6.030e+00             261.742          -1.995e+01             169.091           1.393e+01     
  59.000          90.000           -6.033e+00          -6.198e+00             262.057          -2.030e+01             167.019           1.414e+01     
  60.000          90.000           -6.215e+00          -6.375e+00             262.382          -2.064e+01             164.833           1.435e+01     
  61.000          90.000           -6.405e+00          -6.559e+00             262.719          -2.098e+01             162.530           1.457e+01     
  62.000          90.000           -6.602e+00          -6.752e+00             263.067          -2.131e+01             160.114           1.479e+01     
  63.000          90.000           -6.808e+00          -6.954e+00             263.428          -2.162e+01             157.588           1.503e+01     
  64.000          90.000           -7.022e+00          -7.165e+00             263.802          -2.192e+01             154.959           1.527e+01     
  65.000          90.000           -7.245e+00          -7.386e+00             264.190          -2.220e+01             152.237           1.551e+01     
  66.000          90.000           -7.477e+00          -7.617e+00             264.593          -2.247e+01             149.436           1.577e+01     
  67.000          90.000           -7.720e+00          -7.860e+00             265.013          -2.271e+01             146.571           1.603e+01     
  68.000          90.000           -7.974e+00          -8.115e+00             265.449          -2.293e+01             143.664           1.630e+01     
  69.000          90.000           -8.238e+00          -8.382e+00             265.905          -2.312e+01             140.736           1.659e+01     
  70.000          90.000           -8.515e+00          -8.663e+00             266.380          -2.328e+01             137.811           1.688e+01     
  71.000          90.000           -8.805e+00          -8.958e+00             266.878          -2.342e+01             134.914           1.718e+01     
  72.000          90.000           -9.109e+00          -9.269e+00             267.401          -2.354e+01             132.071           1.749e+01     
  73.000          90.000           -9.429e+00          -9.597e+00             267.950          -2.363e+01             129.306           1.782e+01     
  74.000          90.000           -9.764e+00          -9.943e+00             268.530          -2.369e+01             126.640           1.817e+01     
  75.000          90.000           -1.012e+01          -1.031e+01             269.143          -2.374e+01             124.094           1.853e+01     
  76.000          90.000           -1.049e+01          -1.070e+01             269.795          -2.376e+01             121.683           1.892e+01     
  77.000          90.000           -1.088e+01          -1.111e+01             270.491          -2.377e+01             119.422           1.933e+01     
  78.000          90.000           -1.130e+01          -1.155e+01             271.238          -2.377e+01             117.321           1.977e+01     
  79.000          90.000           -1.174e+01          -1.202e+01             272.043          -2.375e+01             115.388           2.026e+01     
  80.000          90.000           -1.220e+01          -1.252e+01             272.918          -2.373e+01             113.626           2.080e+01     
  81.000          90.000           -1.270e+01          -1.306e+01             273.876          -2.370e+01             112.040           2.142e+01     
  82.000          90.000           -1.323e+01          -1.364e+01             274.935          -2.367e+01             110.630           2.215e+01     
  83.000          90.000           -1.379e+01          -1.427e+01             276.117          -2.363e+01             109.396           2.305e+01     
  84.000          90.000           -1.440e+01          -1.495e+01             277.455          -2.359e+01             108.337           2.420e+01     
  85.000          90.000           -1.505e+01          -1.571e+01             278.991          -2.356e+01             107.451           2.579e+01     
  86.000          90.000           -1.574e+01          -1.653e+01             280.786          -2.352e+01             106.736           2.825e+01     
  87.000          90.000           -1.649e+01          -1.745e+01             282.929          -2.349e+01             106.189           3.287e+01     
  88.000          90.000           -1.728e+01          -1.848e+01             285.552          -2.346e+01             105.809           4.000e+01     
  89.000          90.000           -1.813e+01          -1.964e+01             288.864          -2.344e+01             105.593           3.169e+01     
  90.000          90.000           -1.901e+01          -2.097e+01             293.204          -2.342e+01             105.541           2.383e+01     
  91.000          90.000           -1.990e+01          -2.247e+01             299.145          -2.340e+01             105.651           1.859e+01     
  92.000          90.000           -2.075e+01          -2.417e+01             307.685          -2.339e+01             105.922           1.436e+01     
  93.000          90.000           -2.148e+01          -2.597e+01             320.470          -2.338e+01             106.353           1.072e+01     
  94.000          90.000           -2.195e+01          -2.749e+01             339.398          -2.337e+01             106.944           7.577e+00     
  95.000          90.000           -2.207e+01          -2.793e+01               3.524          -2.337e+01             107.695           5.088e+00     
  96.000          90.000           -2.178e+01          -2.692e+01              26.329          -2.337e+01             108.606           3.754e+00     
  97.000          90.000           -2.116e+01          -2.515e+01              42.964          -2.337e+01             109.676           4.066e+00     
  98.000          90.000           -2.031e+01          -2.327e+01              54.044          -2.337e+01             110.905           5.331e+00     
  99.000          90.000           -1.935e+01          -2.154e+01              61.541          -2.336e+01             112.290           6.774e+00     
 100.000          90.000           -1.836e+01          -2.001e+01              66.859          -2.335e+01             113.830           8.126e+00     
 101.000          90.000           -1.738e+01          -1.865e+01              70.817          -2.334e+01             115.522           9.320e+00     
 102.000          90.000           -1.645e+01          -1.745e+01              73.893          -2.331e+01             117.361           1.035e+01     
 103.000          90.000           -1.557e+01          -1.637e+01              76.370          -2.328e+01             119.340           1.122e+01     
 104.000          90.000           -1.473e+01          -1.539e+01              78.424          -2.324e+01             121.451           1.194e+01     
 105.000          90.000           -1.395e+01          -1.450e+01              80.170          -2.318e+01             123.684           1.255e+01     
 106.000          90.000           -1.322e+01          -1.369e+01              81.686          -2.310e+01             126.025           1.305e+01     
 107.000          90.000           -1.252e+01          -1.293e+01              83.025          -2.301e+01             128.462           1.346e+01     
 108.000          90.000           -1.187e+01          -1.222e+01              84.226          -2.290e+01             130.977           1.379e+01     
 109.000          90.000           -1.125e+01          -1.157e+01              85.316          -2.277e+01             133.553           1.405e+01     
 110.000          90.000           -1.066e+01          -1.095e+01              86.317          -2.262e+01             136.171           1.425e+01     
 111.000          90.000           -1.011e+01          -1.037e+01              87.243          -2.245e+01             138.811           1.441e+01     
 112.000          90.000           -9.578e+00          -9.819e+00              88.109          -2.226e+01             141.455           1.453e+01     
 113.000          90.000           -9.073e+00          -9.298e+00              88.922          -2.204e+01             144.083           1.462e+01     
 114.000          90.000           -8.590e+00          -8.802e+00              89.691          -2.181e+01             146.680           1.467e+01     
 115.000          90.000           -8.129e+00          -8.330e+00              90.421          -2.156e+01             149.230           1.470e+01     
 116.000          90.000           -7.686e+00          -7.879e+00              91.118          -2.130e+01             151.719           1.472e+01     
 117.000          90.000           -7.261e+00          -7.448e+00              91.786          -2.102e+01             154.137           1.471e+01     
 118.000          90.000           -6.852e+00          -7.034e+00              92.428          -2.073e+01             156.474           1.469e+01     
 119.000          90.000           -6.459e+00          -6.637e+00              93.046          -2.043e+01             158.725           1.466e+01     
 120.000          90.000           -6.080e+00          -6.255e+00              93.643          -2.012e+01             160.885           1.462e+01     
 121.000          90.000           -5.714e+00          -5.887e+00              94.221          -1.980e+01             162.951           1.458e+01     
 122.000          90.000           -5.361e+00          -5.533e+00              94.780          -1.948e+01             164.923           1.452e+01     
 123.000          90.000           -5.020e+00          -5.191e+00              95.324          -1.916e+01             166.801           1.446e+01     
 124.000          90.000           -4.690e+00          -4.861e+00              95.852          -1.883e+01             168.586           1.440e+01     
 125.000          90.000           -4.371e+00          -4.542e+00              96.366          -1.850e+01             170.282           1.434e+01     
 126.000          90.000           -4.061e+00          -4.233e+00              96.866          -1.818e+01             171.891           1.427e+01     
 127.000          90.000           -3.762e+00          -3.934e+00              97.354          -1.786e+01             173.417           1.420e+01     
 128.000          90.000           -3.471e+00          -3.645e+00              97.829          -1.753e+01             174.864           1.413e+01     
 129.000          90.000           -3.190e+00          -3.365e+00              98.292          -1.722e+01             176.235           1.406e+01     
 130.000          90.000           -2.917e+00          -3.093e+00              98.744          -1.691e+01             177.535           1.399e+01     
 131.000          90.000           -2.652e+00          -2.830e+00              99.184          -1.660e+01             178.768           1.392e+01     
 132.000          90.000           -2.394e+00          -2.575e+00              99.614          -1.629e+01             179.938           1.386e+01     
 133.000          90.000           -2.145e+00          -2.327e+00             100.033          -1.600e+01             181.048           1.379e+01     
 134.000          90.000           -1.903e+00          -2.087e+00             100.442          -1.571e+01             182.103           1.372e+01     
 135.000          90.000           -1.668e+00          -1.854e+00             100.841          -1.542e+01             183.106           1.366e+01     
 136.000          90.000           -1.439e+00          -1.629e+00             101.228          -1.515e+01             184.059           1.359e+01     
 137.000          90.000           -1.218e+00          -1.409e+00             101.607          -1.487e+01             184.968           1.353e+01     
 138.000          90.000           -1.003e+00          -1.197e+00             101.975          -1.461e+01             185.834           1.347e+01     
 139.000          90.000           -7.949e-01          -9.906e-01             102.334          -1.435e+01             186.660           1.341e+01     
 140.000          90.000           -5.928e-01          -7.908e-01             102.683          -1.410e+01             187.450           1.335e+01     
 141.000          90.000           -3.969e-01          -5.971e-01             103.022          -1.386e+01             188.205           1.330e+01     
 142.000          90.000           -2.071e-01          -4.095e-01             103.351          -1.362e+01             188.927           1.324e+01     
 143.000          90.000           -2.320e-02          -2.278e-01             103.671          -1.339e+01             189.619           1.319e+01     
 144.000          90.000            1.548e-01          -5.189e-02             103.981          -1.317e+01             190.283           1.314e+01     
 145.000          90.000            3.270e-01           1.183e-01             104.281          -1.296e+01             190.921           1.309e+01     
 146.000          90.000            4.935e-01           2.828e-01             104.571          -1.275e+01             191.533           1.305e+01     
 147.000          90.000            6.544e-01           4.417e-01             104.852          -1.255e+01             192.123           1.300e+01     
 148.000          90.000            8.097e-01           5.951e-01             105.123          -1.236e+01             192.691           1.296e+01     
 149.000          90.000            9.595e-01           7.431e-01             105.384          -1.217e+01             193.238           1.292e+01     
 150.000          90.000            1.104e+00           8.857e-01             105.635          -1.199e+01             193.767           1.289e+01     
 151.000          90.000            1.243e+00           1.023e+00             105.876          -1.182e+01             194.277           1.285e+01     
 152.000          90.000            1.376e+00           1.155e+00             106.107          -1.166e+01             194.771           1.282e+01     
 153.000          90.000            1.504e+00           1.282e+00             106.329          -1.150e+01             195.249           1.279e+01     
 154.000          90.000            1.627e+00           1.403e+00             106.540          -1.135e+01             195.712           1.276e+01     
 155.000          90.000            1.745e+00           1.519e+00             106.741          -1.121e+01             196.161           1.273e+01     
 156.000          90.000            1.857e+00           1.630e+00             106.932          -1.107e+01             196.596           1.270e+01     
 157.000          90.000            1.965e+00           1.736e+00             107.113          -1.094e+01             197.020           1.268e+01     
 158.000          90.000            2.067e+00           1.837e+00             107.284          -1.082e+01             197.431           1.266e+01     
 159.000          90.000            2.163e+00           1.933e+00             107.445          -1.071e+01             197.832           1.264e+01     
 160.000          90.000            2.255e+00           2.024e+00             107.595          -1.060e+01             198.222           1.262e+01     
 161.000          90.000            2.342e+00           2.110e+00             107.735          -1.050e+01             198.602           1.261e+01     
 162.000          90.000            2.423e+00           2.190e+00             107.865          -1.040e+01             198.973           1.260e+01     
 163.000          90.000            2.499e+00           2.266e+00             107.984          -1.032e+01             199.335           1.259e+01     
 164.000          90.000            2.570e+00           2.337e+00             108.093          -1.024e+01             199.689           1.258e+01     
 165.000          90.000            2.637e+00           2.402e+00             108.192          -1.016e+01             200.034           1.257e+01     
 166.000          90.000            2.698e+00           2.463e+00             108.280          -1.010e+01             200.372           1.257e+01     
 167.000          90.000            2.754e+00           2.519e+00             108.357          -1.004e+01             200.703           1.256e+01     
 168.000          90.000            2.805e+00           2.570e+00             108.424          -9.985e+00             201.027           1.256e+01     
 169.000          90.000            2.850e+00           2.616e+00             108.480          -9.939e+00             201.345           1.257e+01     
 170.000          90.000            2.891e+00           2.657e+00             108.526          -9.901e+00             201.656           1.257e+01     
 171.000          90.000            2.927e+00           2.693e+00             108.560          -9.869e+00             201.962           1.258e+01     
 172.000          90.000            2.958e+00           2.724e+00             108.585          -9.845e+00             202.262           1.259e+01     
 173.000          90.000            2.984e+00           2.750e+00             108.598          -9.827e+00             202.556           1.260e+01     
 174.000          90.000            3.004e+00           2.771e+00             108.601          -9.817e+00             202.845           1.261e+01     
 175.000          90.000            3.020e+00           2.788e+00             108.592          -9.814e+00             203.129           1.263e+01     
 176.000          90.000            3.031e+00           2.799e+00             108.573          -9.818e+00             203.409           1.265e+01     
 177.000          90.000            3.037e+00           2.806e+00             108.543          -9.829e+00             203.684           1.267e+01     
 178.000          90.000            3.037e+00           2.808e+00             108.502          -9.847e+00             203.955           1.270e+01     
 179.000          90.000            3.033e+00           2.805e+00             108.451          -9.873e+00             204.221           1.273e+01     
 180.000          90.000            3.024e+00           2.797e+00             108.388          -9.906e+00             204.483           1.276e+01     
 179.000         270.000            3.010e+00           2.784e+00             288.314          -9.947e+00              24.742           1.279e+01     
 178.000         270.000            2.990e+00           2.766e+00             288.229          -9.995e+00              24.996           1.283e+01     
 177.000         270.000            2.966e+00           2.744e+00             288.134          -1.005e+01              25.248           1.287e+01     
 176.000         270.000            2.937e+00           2.717e+00             288.027          -1.011e+01              25.495           1.291e+01     
 175.000         270.000            2.903e+00           2.685e+00             287.909          -1.019e+01              25.740           1.296e+01     
 174.000         270.000            2.864e+00           2.648e+00             287.780          -1.026e+01              25.981           1.301e+01     
 173.000         270.000            2.820e+00           2.606e+00             287.640          -1.035e+01              26.218           1.307e+01     
 172.000         270.000            2.772e+00           2.559e+00             287.489          -1.045e+01              26.453           1.312e+01     
 171.000         270.000            2.718e+00           2.508e+00             287.327          -1.055e+01              26.685           1.319e+01     
 170.000         270.000            2.659e+00           2.452e+00             287.154          -1.066e+01              26.914           1.325e+01     
 169.000         270.000            2.596e+00           2.391e+00             286.969          -1.078e+01              27.139           1.333e+01     
 168.000         270.000            2.527e+00           2.326e+00             286.774          -1.091e+01              27.363           1.340e+01     
 167.000         270.000            2.454e+00           2.255e+00             286.567          -1.105e+01              27.583           1.348e+01     
 166.000         270.000            2.375e+00           2.180e+00             286.350          -1.120e+01              27.801           1.357e+01     
 165.000         270.000            2.292e+00           2.100e+00             286.121          -1.135e+01              28.016           1.366e+01     
 164.000         270.000            2.204e+00           2.016e+00             285.881          -1.152e+01              28.229           1.376e+01     
 163.000         270.000            2.111e+00           1.927e+00             285.631          -1.170e+01              28.439           1.386e+01     
 162.000         270.000            2.013e+00           1.833e+00             285.369          -1.188e+01              28.646           1.397e+01     
 161.000         270.000            1.911e+00           1.734e+00             285.096          -1.208e+01              28.852           1.409e+01     
 160.000         270.000            1.803e+00           1.630e+00             284.812          -1.229e+01              29.055           1.421e+01     
 159.000         270.000            1.691e+00           1.522e+00             284.518          -1.251e+01              29.255           1.434e+01     
 158.000         270.000            1.573e+00           1.409e+00             284.212          -1.274e+01              29.454           1.448e+01     
 157.000         270.000            1.451e+00           1.291e+00             283.895          -1.298e+01              29.650           1.463e+01     
 156.000         270.000            1.324e+00           1.169e+00             283.568          -1.323e+01              29.844           1.478e+01     
 155.000         270.000            1.192e+00           1.042e+00             283.230          -1.350e+01              30.036           1.495e+01     
 154.000         270.000            1.055e+00           9.100e-01             282.881          -1.378e+01              30.226           1.512e+01     
 153.000         270.000            9.132e-01           7.733e-01             282.522          -1.408e+01              30.413           1.531e+01     
 152.000         270.000            7.664e-01           6.318e-01             282.152          -1.439e+01              30.599           1.551e+01     
 151.000         270.000            6.148e-01           4.855e-01             281.772          -1.471e+01              30.783           1.571e+01     
 150.000         270.000            4.581e-01           3.344e-01             281.381          -1.506e+01              30.966           1.594e+01     
 149.000         270.000            2.965e-01           1.784e-01             280.979          -1.542e+01              31.146           1.618e+01     
 148.000         270.000            1.298e-01           1.747e-02             280.568          -1.580e+01              31.326           1.643e+01     
 147.000         270.000           -4.188e-02          -1.484e-01             280.146          -1.620e+01              31.503           1.670e+01     
 146.000         270.000           -2.187e-01          -3.192e-01             279.714          -1.662e+01              31.680           1.699e+01     
 145.000         270.000           -4.006e-01          -4.951e-01             279.272          -1.707e+01              31.855           1.729e+01     
 144.000         270.000           -5.876e-01          -6.761e-01             278.820          -1.754e+01              32.030           1.763e+01     
 143.000         270.000           -7.800e-01          -8.623e-01             278.358          -1.804e+01              32.204           1.798e+01     
 142.000         270.000           -9.775e-01          -1.054e+00             277.887          -1.857e+01              32.378           1.837e+01     
 141.000         270.000           -1.180e+00          -1.250e+00             277.405          -1.914e+01              32.552           1.878e+01     
 140.000         270.000           -1.389e+00          -1.453e+00             276.914          -1.975e+01              32.728           1.923e+01     
 139.000         270.000           -1.603e+00          -1.660e+00             276.414          -2.040e+01              32.905           1.972e+01     
 138.000         270.000           -1.822e+00          -1.874e+00             275.904          -2.109e+01              33.086           2.026e+01     
 137.000         270.000           -2.047e+00          -2.093e+00             275.384          -2.185e+01              33.271           2.085e+01     
 136.000         270.000           -2.278e+00          -2.318e+00             274.855          -2.268e+01              33.462           2.151e+01     
 135.000         270.000           -2.515e+00          -2.549e+00             274.318          -2.358e+01              33.663           2.224e+01     
 134.000         270.000           -2.758e+00          -2.787e+00             273.770          -2.458e+01              33.878           2.306e+01     
 133.000         270.000           -3.007e+00          -3.031e+00             273.214          -2.570e+01              34.113           2.401e+01     
 132.000         270.000           -3.263e+00          -3.282e+00             272.648          -2.696e+01              34.379           2.510e+01     
 131.000         270.000           -3.525e+00          -3.539e+00             272.072          -2.843e+01              34.694           2.639e+01     
 130.000         270.000           -3.794e+00          -3.804e+00             271.487          -3.018e+01              35.090           2.797e+01     
 129.000         270.000           -4.070e+00          -4.077e+00             270.893          -3.232e+01              35.638           2.996e+01     
 128.000         270.000           -4.354e+00          -4.357e+00             270.289          -3.513e+01              36.509           3.264e+01     
 127.000         270.000           -4.645e+00          -4.646e+00             269.675          -3.922e+01              38.276           3.672e+01     
 126.000         270.000           -4.943e+00          -4.943e+00             269.050          -4.691e+01              44.734           4.000e+01     
 125.000         270.000           -5.250e+00          -5.250e+00             268.416          -5.357e+01             190.255           4.000e+01     
 124.000         270.000           -5.565e+00          -5.566e+00             267.770          -4.174e+01             208.206           3.746e+01     
 123.000         270.000           -5.889e+00          -5.892e+00             267.113          -3.691e+01             210.822           3.262e+01     
 122.000         270.000           -6.222e+00          -6.230e+00             266.444          -3.388e+01             211.906           2.944e+01     
 121.000         270.000           -6.565e+00          -6.578e+00             265.761          -3.169e+01             212.522           2.704e+01     
 120.000         270.000           -6.918e+00          -6.940e+00             265.065          -2.997e+01             212.931           2.510e+01     
 119.000         270.000           -7.282e+00          -7.314e+00             264.354          -2.858e+01             213.229           2.347e+01     
 118.000         270.000           -7.657e+00          -7.703e+00             263.626          -2.741e+01             213.461           2.204e+01     
 117.000         270.000           -8.043e+00          -8.107e+00             262.880          -2.640e+01             213.649           2.077e+01     
 116.000         270.000           -8.442e+00          -8.528e+00             262.114          -2.553e+01             213.806           1.962e+01     
 115.000         270.000           -8.854e+00          -8.967e+00             261.325          -2.476e+01             213.939           1.857e+01     
 114.000         270.000           -9.279e+00          -9.426e+00             260.509          -2.408e+01             214.053           1.759e+01     
 113.000         270.000           -9.719e+00          -9.906e+00             259.664          -2.347e+01             214.153           1.669e+01     
 112.000         270.000           -1.017e+01          -1.041e+01             258.783          -2.292e+01             214.239           1.584e+01     
 111.000         270.000           -1.064e+01          -1.094e+01             257.862          -2.242e+01             214.315           1.504e+01     
 110.000         270.000           -1.113e+01          -1.150e+01             256.892          -2.197e+01             214.380           1.430e+01     
 109.000         270.000           -1.163e+01          -1.210e+01             255.863          -2.156e+01             214.436           1.361e+01     
 108.000         270.000           -1.215e+01          -1.273e+01             254.764          -2.119e+01             214.484           1.298e+01     
 107.000         270.000           -1.269e+01          -1.341e+01             253.577          -2.085e+01             214.523           1.241e+01     
 106.000         270.000           -1.324e+01          -1.413e+01             252.280          -2.054e+01             214.555           1.192e+01     
 105.000         270.000           -1.380e+01          -1.492e+01             250.844          -2.026e+01             214.580           1.154e+01     
 104.000         270.000           -1.438e+01          -1.577e+01             249.227          -2.000e+01             214.597           1.130e+01     
 103.000         270.000           -1.496e+01          -1.670e+01             247.370          -1.976e+01             214.607           1.126e+01     
 102.000         270.000           -1.553e+01          -1.773e+01             245.186          -1.955e+01             214.610           1.149e+01     
 101.000         270.000           -1.610e+01          -1.887e+01             242.543          -1.936e+01             214.606           1.210e+01     
 100.000         270.000           -1.664e+01          -2.016e+01             239.229          -1.919e+01             214.595           1.328e+01     
  99.000         270.000           -1.713e+01          -2.163e+01             234.894          -1.904e+01             214.577           1.534e+01     
  98.000         270.000           -1.756e+01          -2.331e+01             228.921          -1.890e+01             214.552           1.909e+01     
  97.000         270.000           -1.789e+01          -2.522e+01             220.190          -1.878e+01             214.519           2.831e+01     
  96.000         270.000           -1.812e+01          -2.728e+01             206.711          -1.868e+01             214.479           2.709e+01     
  95.000         270.000           -1.822e+01          -2.903e+01             185.993          -1.859e+01             214.431           1.748e+01     
  94.000         270.000           -1.819e+01          -2.947e+01             159.348          -1.852e+01             214.376           1.291e+01     
  93.000         270.000           -1.803e+01          -2.824e+01             135.379          -1.847e+01             214.313           9.968e+00     
  92.000         270.000           -1.777e+01          -2.629e+01             119.006          -1.843e+01             214.241           7.918e+00     
  91.000         270.000           -1.742e+01          -2.437e+01             108.536          -1.840e+01             214.161           6.502e+00     
  90.000         270.000           -1.701e+01          -2.266e+01             101.583          -1.839e+01             214.071           5.614e+00     
  89.000         270.000           -1.656e+01          -2.119e+01              96.688          -1.839e+01             213.973           5.193e+00     
  88.000         270.000           -1.608e+01          -1.990e+01              93.053          -1.840e+01             213.865           5.160e+00     
  87.000         270.000           -1.559e+01          -1.878e+01              90.232          -1.844e+01             213.747           5.410e+00     
  86.000         270.000           -1.511e+01          -1.778e+01              87.962          -1.848e+01             213.618           5.841e+00     
  85.000         270.000           -1.462e+01          -1.689e+01              86.082          -1.854e+01             213.478           6.374e+00     
  84.000         270.000           -1.416e+01          -1.608e+01              84.487          -1.861e+01             213.325           6.962e+00     
  83.000         270.000           -1.370e+01          -1.535e+01              83.108          -1.870e+01             213.160           7.576e+00     
  82.000         270.000           -1.326e+01          -1.468e+01              81.896          -1.881e+01             212.981           8.199e+00     
  81.000         270.000           -1.284e+01          -1.406e+01              80.817          -1.893e+01             212.786           8.824e+00     
  80.000         270.000           -1.243e+01          -1.349e+01              79.845          -1.907e+01             212.576           9.446e+00     
  79.000         270.000           -1.204e+01          -1.296e+01              78.961          -1.923e+01             212.348           1.006e+01     
  78.000         270.000           -1.167e+01          -1.247e+01              78.152          -1.940e+01             212.101           1.068e+01     
  77.000         270.000           -1.131e+01          -1.201e+01              77.406          -1.959e+01             211.833           1.128e+01     
  76.000         270.000           -1.097e+01          -1.157e+01              76.713          -1.981e+01             211.540           1.189e+01     
  75.000         270.000           -1.064e+01          -1.117e+01              76.068          -2.004e+01             211.222           1.249e+01     
  74.000         270.000           -1.032e+01          -1.078e+01              75.465          -2.030e+01             210.874           1.310e+01     
  73.000         270.000           -1.002e+01          -1.042e+01              74.899          -2.058e+01             210.492           1.370e+01     
  72.000         270.000           -9.731e+00          -1.008e+01              74.366          -2.089e+01             210.071           1.431e+01     
  71.000         270.000           -9.453e+00          -9.751e+00              73.864          -2.123e+01             209.606           1.493e+01     
  70.000         270.000           -9.186e+00          -9.443e+00              73.389          -2.160e+01             209.088           1.555e+01     
  69.000         270.000           -8.930e+00          -9.149e+00              72.939          -2.201e+01             208.509           1.619e+01     
  68.000         270.000           -8.685e+00          -8.871e+00              72.513          -2.246e+01             207.857           1.684e+01     
  67.000         270.000           -8.448e+00          -8.605e+00              72.109          -2.295e+01             207.116           1.751e+01     
  66.000         270.000           -8.221e+00          -8.352e+00              71.726          -2.349e+01             206.266           1.821e+01     
  65.000         270.000           -8.003e+00          -8.111e+00              71.362          -2.408e+01             205.280           1.893e+01     
  64.000         270.000           -7.792e+00          -7.881e+00              71.016          -2.474e+01             204.120           1.968e+01     
  63.000         270.000           -7.590e+00          -7.661e+00              70.688          -2.548e+01             202.735           2.047e+01     
  62.000         270.000           -7.395e+00          -7.451e+00              70.377          -2.631e+01             201.050           2.131e+01     
  61.000         270.000           -7.208e+00          -7.251e+00              70.082          -2.724e+01             198.953           2.220e+01     
  60.000         270.000           -7.027e+00          -7.059e+00              69.802          -2.831e+01             196.270           2.317e+01     
  59.000         270.000           -6.853e+00          -6.876e+00              69.537          -2.953e+01             192.722           2.422e+01     
  58.000         270.000           -6.685e+00          -6.701e+00              69.287          -3.095e+01             187.834           2.538e+01     
  57.000         270.000           -6.523e+00          -6.534e+00              69.051          -3.258e+01             180.772           2.669e+01     
  56.000         270.000           -6.367e+00          -6.374e+00              68.828          -3.440e+01             170.058           2.819e+01     
  55.000         270.000           -6.216e+00          -6.220e+00              68.619          -3.615e+01             153.484           2.996e+01     
  54.000         270.000           -6.071e+00          -6.074e+00              68.422          -3.711e+01             130.098           3.214e+01     
  53.000         270.000           -5.930e+00          -5.934e+00              68.239          -3.650e+01             105.171           3.500e+01     
  52.000         270.000           -5.795e+00          -5.800e+00              68.067          -3.476e+01              86.018           3.919e+01     
  51.000         270.000           -5.664e+00          -5.673e+00              67.908          -3.275e+01              73.452           4.000e+01     
  50.000         270.000           -5.538e+00          -5.551e+00              67.761          -3.088e+01              65.268           4.000e+01     
  49.000         270.000           -5.416e+00          -5.434e+00              67.626          -2.922e+01              59.697           4.000e+01     
  48.000         270.000           -5.298e+00          -5.323e+00              67.502          -2.776e+01              55.708           3.628e+01     
  47.000         270.000           -5.184e+00          -5.217e+00              67.390          -2.648e+01              52.721           3.325e+01     
  46.000         270.000           -5.074e+00          -5.115e+00              67.288          -2.533e+01              50.399           3.103e+01     
  45.000         270.000           -4.968e+00          -5.019e+00              67.198          -2.430e+01              48.539           2.927e+01     
  44.000         270.000           -4.865e+00          -4.927e+00              67.119          -2.337e+01              47.010           2.782e+01     
  43.000         270.000           -4.765e+00          -4.839e+00              67.050          -2.251e+01              45.723           2.659e+01     
  42.000         270.000           -4.669e+00          -4.755e+00              66.992          -2.173e+01              44.622           2.551e+01     
  41.000         270.000           -4.576e+00          -4.676e+00              66.944          -2.100e+01              43.663           2.456e+01     
  40.000         270.000           -4.486e+00          -4.600e+00              66.906          -2.033e+01              42.817           2.370e+01     
  39.000         270.000           -4.399e+00          -4.529e+00              66.878          -1.970e+01              42.061           2.293e+01     
  38.000         270.000           -4.314e+00          -4.460e+00              66.860          -1.911e+01              41.379           2.222e+01     
  37.000         270.000           -4.232e+00          -4.396e+00              66.852          -1.856e+01              40.757           2.156e+01     
  36.000         270.000           -4.153e+00          -4.334e+00              66.853          -1.804e+01              40.185           2.095e+01     
  35.000         270.000           -4.076e+00          -4.276e+00              66.863          -1.755e+01              39.654           2.039e+01     
  34.000         270.000           -4.002e+00          -4.221e+00              66.883          -1.708e+01              39.159           1.986e+01     
  33.000         270.000           -3.930e+00          -4.168e+00              66.911          -1.664e+01              38.694           1.936e+01     
  32.000         270.000           -3.860e+00          -4.119e+00              66.949          -1.623e+01              38.255           1.889e+01     
  31.000         270.000           -3.792e+00          -4.072e+00              66.994          -1.583e+01              37.838           1.845e+01     
  30.000         270.000           -3.726e+00          -4.027e+00              67.048          -1.546e+01              37.440           1.802e+01     
  29.000         270.000           -3.662e+00          -3.985e+00              67.110          -1.510e+01              37.058           1.762e+01     
  28.000         270.000           -3.600e+00          -3.946e+00              67.180          -1.477e+01              36.691           1.724e+01     
  27.000         270.000           -3.540e+00          -3.908e+00              67.257          -1.444e+01              36.337           1.688e+01     
  26.000         270.000           -3.482e+00          -3.872e+00              67.342          -1.414e+01              35.994           1.653e+01     
  25.000         270.000           -3.425e+00          -3.839e+00              67.434          -1.384e+01              35.660           1.620e+01     
  24.000         270.000           -3.370e+00          -3.807e+00              67.532          -1.357e+01              35.335           1.588e+01     
  23.000         270.000           -3.317e+00          -3.776e+00              67.637          -1.330e+01              35.017           1.557e+01     
  22.000         270.000           -3.265e+00          -3.748e+00              67.748          -1.305e+01              34.706           1.528e+01     
  21.000         270.000           -3.216e+00          -3.721e+00              67.865          -1.281e+01              34.401           1.500e+01     
  20.000         270.000           -3.167e+00          -3.695e+00              67.988          -1.258e+01              34.101           1.473e+01     
  19.000         270.000           -3.120e+00          -3.670e+00              68.116          -1.237e+01              33.805           1.447e+01     
  18.000         270.000           -3.075e+00          -3.647e+00              68.248          -1.216e+01              33.513           1.422e+01     
  17.000         270.000           -3.031e+00          -3.625e+00              68.386          -1.197e+01              33.225           1.398e+01     
  16.000         270.000           -2.989e+00          -3.604e+00              68.527          -1.178e+01              32.939           1.375e+01     
  15.000         270.000           -2.948e+00          -3.583e+00              68.673          -1.161e+01              32.656           1.353e+01     
  14.000         270.000           -2.908e+00          -3.564e+00              68.822          -1.144e+01              32.374           1.332e+01     
  13.000         270.000           -2.871e+00          -3.546e+00              68.975          -1.129e+01              32.095           1.311e+01     
  12.000         270.000           -2.834e+00          -3.528e+00              69.131          -1.114e+01              31.817           1.292e+01     
  11.000         270.000           -2.799e+00          -3.511e+00              69.289          -1.101e+01              31.539           1.273e+01     
  10.000         270.000           -2.766e+00          -3.495e+00              69.449          -1.088e+01              31.263           1.255e+01     
   9.000         270.000           -2.734e+00          -3.479e+00              69.612          -1.076e+01              30.987           1.237e+01     
   8.000         270.000           -2.704e+00          -3.464e+00              69.776          -1.065e+01              30.711           1.221e+01     
   7.000         270.000           -2.675e+00          -3.449e+00              69.942          -1.055e+01              30.435           1.205e+01     
   6.000         270.000           -2.648e+00          -3.435e+00              70.108          -1.045e+01              30.159           1.190e+01     
   5.000         270.000           -2.622e+00          -3.421e+00              70.276          -1.037e+01              29.882           1.175e+01     
   4.000         270.000           -2.598e+00          -3.408e+00              70.444          -1.029e+01              29.604           1.161e+01     
   3.000         270.000           -2.576e+00          -3.396e+00              70.612          -1.022e+01              29.326           1.148e+01     
   2.000         270.000           -2.555e+00          -3.384e+00              70.781          -1.016e+01              29.046           1.135e+01     
   1.000         270.000           -2.536e+00          -3.372e+00              70.949          -1.011e+01              28.765           1.123e+01     
