Theta [deg.]  Phi   [deg.]  Abs(Dir.)[dBi   ]   Abs(Theta)[dBi   ]  Phase(Theta)[deg.]  Abs(Phi  )[dBi   ]  Phase(Phi  )[deg.]  Ax.Ratio[dB    ]    
------------------------------------------------------------------------------------------------------------------------------------------------------
   0.000          45.000           -1.361e+00          -3.856e+00             245.094          -4.957e+00             248.740           3.001e+01     
   1.000          45.000           -1.270e+00          -3.787e+00             244.612          -4.837e+00             248.292           2.993e+01     
   2.000          45.000           -1.181e+00          -3.722e+00             244.143          -4.719e+00             247.859           2.983e+01     
   3.000          45.000           -1.094e+00          -3.659e+00             243.686          -4.601e+00             247.443           2.973e+01     
   4.000          45.000           -1.009e+00          -3.599e+00             243.241          -4.485e+00             247.043           2.962e+01     
   5.000          45.000           -9.264e-01          -3.542e+00             242.808          -4.371e+00             246.659           2.951e+01     
   6.000          45.000           -8.454e-01          -3.488e+00             242.387          -4.257e+00             246.291           2.938e+01     
   7.000          45.000           -7.665e-01          -3.437e+00             241.977          -4.145e+00             245.937           2.926e+01     
   8.000          45.000           -6.896e-01          -3.389e+00             241.579          -4.035e+00             245.598           2.912e+01     
   9.000          45.000           -6.149e-01          -3.344e+00             241.193          -3.925e+00             245.273           2.899e+01     
  10.000          45.000           -5.424e-01          -3.303e+00             240.818          -3.818e+00             244.961           2.885e+01     
  11.000          45.000           -4.719e-01          -3.264e+00             240.454          -3.712e+00             244.663           2.871e+01     
  12.000          45.000           -4.037e-01          -3.229e+00             240.100          -3.607e+00             244.378           2.856e+01     
  13.000          45.000           -3.376e-01          -3.198e+00             239.758          -3.504e+00             244.105           2.842e+01     
  14.000          45.000           -2.737e-01          -3.169e+00             239.426          -3.402e+00             243.845           2.828e+01     
  15.000          45.000           -2.121e-01          -3.144e+00             239.105          -3.302e+00             243.597           2.813e+01     
  16.000          45.000           -1.526e-01          -3.123e+00             238.794          -3.203e+00             243.360           2.799e+01     
  17.000          45.000           -9.531e-02          -3.105e+00             238.493          -3.106e+00             243.134           2.785e+01     
  18.000          45.000           -4.024e-02          -3.091e+00             238.202          -3.011e+00             242.919           2.770e+01     
  19.000          45.000            1.264e-02          -3.080e+00             237.921          -2.917e+00             242.715           2.757e+01     
  20.000          45.000            6.333e-02          -3.073e+00             237.650          -2.824e+00             242.521           2.743e+01     
  21.000          45.000            1.118e-01          -3.070e+00             237.389          -2.733e+00             242.338           2.729e+01     
  22.000          45.000            1.582e-01          -3.071e+00             237.137          -2.644e+00             242.164           2.716e+01     
  23.000          45.000            2.023e-01          -3.076e+00             236.895          -2.556e+00             241.999           2.703e+01     
  24.000          45.000            2.444e-01          -3.084e+00             236.663          -2.469e+00             241.844           2.691e+01     
  25.000          45.000            2.842e-01          -3.097e+00             236.440          -2.384e+00             241.698           2.679e+01     
  26.000          45.000            3.220e-01          -3.114e+00             236.226          -2.301e+00             241.561           2.667e+01     
  27.000          45.000            3.577e-01          -3.134e+00             236.022          -2.219e+00             241.432           2.656e+01     
  28.000          45.000            3.914e-01          -3.159e+00             235.827          -2.138e+00             241.312           2.645e+01     
  29.000          45.000            4.230e-01          -3.189e+00             235.641          -2.059e+00             241.200           2.635e+01     
  30.000          45.000            4.526e-01          -3.222e+00             235.464          -1.982e+00             241.095           2.625e+01     
  31.000          45.000            4.802e-01          -3.260e+00             235.297          -1.905e+00             240.999           2.616e+01     
  32.000          45.000            5.058e-01          -3.303e+00             235.138          -1.830e+00             240.910           2.607e+01     
  33.000          45.000            5.296e-01          -3.350e+00             234.989          -1.757e+00             240.829           2.599e+01     
  34.000          45.000            5.514e-01          -3.401e+00             234.849          -1.685e+00             240.755           2.592e+01     
  35.000          45.000            5.715e-01          -3.458e+00             234.718          -1.614e+00             240.687           2.585e+01     
  36.000          45.000            5.897e-01          -3.519e+00             234.596          -1.545e+00             240.627           2.579e+01     
  37.000          45.000            6.062e-01          -3.585e+00             234.484          -1.476e+00             240.574           2.574e+01     
  38.000          45.000            6.210e-01          -3.656e+00             234.381          -1.410e+00             240.527           2.569e+01     
  39.000          45.000            6.341e-01          -3.733e+00             234.287          -1.344e+00             240.487           2.565e+01     
  40.000          45.000            6.456e-01          -3.814e+00             234.203          -1.280e+00             240.453           2.562e+01     
  41.000          45.000            6.556e-01          -3.901e+00             234.128          -1.217e+00             240.425           2.560e+01     
  42.000          45.000            6.640e-01          -3.994e+00             234.063          -1.155e+00             240.404           2.559e+01     
  43.000          45.000            6.710e-01          -4.092e+00             234.007          -1.094e+00             240.388           2.559e+01     
  44.000          45.000            6.766e-01          -4.196e+00             233.962          -1.034e+00             240.379           2.559e+01     
  45.000          45.000            6.809e-01          -4.306e+00             233.926          -9.761e-01             240.375           2.561e+01     
  46.000          45.000            6.839e-01          -4.422e+00             233.901          -9.188e-01             240.377           2.564e+01     
  47.000          45.000            6.857e-01          -4.545e+00             233.886          -8.627e-01             240.385           2.568e+01     
  48.000          45.000            6.863e-01          -4.674e+00             233.881          -8.076e-01             240.398           2.573e+01     
  49.000          45.000            6.859e-01          -4.809e+00             233.888          -7.537e-01             240.416           2.580e+01     
  50.000          45.000            6.845e-01          -4.952e+00             233.905          -7.008e-01             240.440           2.588e+01     
  51.000          45.000            6.822e-01          -5.102e+00             233.933          -6.489e-01             240.470           2.597e+01     
  52.000          45.000            6.790e-01          -5.260e+00             233.974          -5.980e-01             240.504           2.608e+01     
  53.000          45.000            6.751e-01          -5.425e+00             234.026          -5.482e-01             240.544           2.620e+01     
  54.000          45.000            6.704e-01          -5.599e+00             234.090          -4.993e-01             240.589           2.634e+01     
  55.000          45.000            6.651e-01          -5.781e+00             234.168          -4.514e-01             240.639           2.650e+01     
  56.000          45.000            6.593e-01          -5.971e+00             234.258          -4.044e-01             240.694           2.668e+01     
  57.000          45.000            6.530e-01          -6.172e+00             234.362          -3.583e-01             240.754           2.689e+01     
  58.000          45.000            6.464e-01          -6.382e+00             234.481          -3.132e-01             240.819           2.711e+01     
  59.000          45.000            6.395e-01          -6.602e+00             234.614          -2.689e-01             240.889           2.736e+01     
  60.000          45.000            6.324e-01          -6.833e+00             234.764          -2.255e-01             240.964           2.764e+01     
  61.000          45.000            6.251e-01          -7.076e+00             234.930          -1.830e-01             241.043           2.795e+01     
  62.000          45.000            6.179e-01          -7.330e+00             235.113          -1.413e-01             241.128           2.829e+01     
  63.000          45.000            6.107e-01          -7.598e+00             235.316          -1.005e-01             241.217           2.867e+01     
  64.000          45.000            6.037e-01          -7.880e+00             235.538          -6.043e-02             241.311           2.909e+01     
  65.000          45.000            5.969e-01          -8.176e+00             235.782          -2.118e-02             241.410           2.955e+01     
  66.000          45.000            5.905e-01          -8.488e+00             236.049           1.728e-02             241.513           3.007e+01     
  67.000          45.000            5.844e-01          -8.817e+00             236.342           5.496e-02             241.621           3.065e+01     
  68.000          45.000            5.789e-01          -9.165e+00             236.663           9.189e-02             241.734           3.130e+01     
  69.000          45.000            5.740e-01          -9.532e+00             237.015           1.281e-01             241.851           3.203e+01     
  70.000          45.000            5.698e-01          -9.922e+00             237.401           1.635e-01             241.973           3.286e+01     
  71.000          45.000            5.663e-01          -1.033e+01             237.825           1.983e-01             242.100           3.382e+01     
  72.000          45.000            5.637e-01          -1.077e+01             238.294           2.323e-01             242.232           3.493e+01     
  73.000          45.000            5.621e-01          -1.124e+01             238.813           2.656e-01             242.368           3.625e+01     
  74.000          45.000            5.614e-01          -1.174e+01             239.390           2.982e-01             242.509           3.786e+01     
  75.000          45.000            5.618e-01          -1.228e+01             240.037           3.302e-01             242.655           3.988e+01     
  76.000          45.000            5.634e-01          -1.286e+01             240.766           3.615e-01             242.805           4.000e+01     
  77.000          45.000            5.662e-01          -1.349e+01             241.594           3.921e-01             242.960           4.000e+01     
  78.000          45.000            5.703e-01          -1.417e+01             242.546           4.220e-01             243.120           4.000e+01     
  79.000          45.000            5.758e-01          -1.491e+01             243.653           4.513e-01             243.284           4.000e+01     
  80.000          45.000            5.826e-01          -1.573e+01             244.959           4.799e-01             243.453           4.000e+01     
  81.000          45.000            5.909e-01          -1.664e+01             246.532           5.079e-01             243.628           4.000e+01     
  82.000          45.000            6.007e-01          -1.766e+01             248.467           5.354e-01             243.806           4.000e+01     
  83.000          45.000            6.121e-01          -1.880e+01             250.917           5.621e-01             243.990           3.784e+01     
  84.000          45.000            6.250e-01          -2.012e+01             254.129           5.883e-01             244.179           3.603e+01     
  85.000          45.000            6.396e-01          -2.164e+01             258.531           6.138e-01             244.372           3.453e+01     
  86.000          45.000            6.558e-01          -2.341e+01             264.907           6.387e-01             244.570           3.326e+01     
  87.000          45.000            6.737e-01          -2.545e+01             274.754           6.630e-01             244.773           3.215e+01     
  88.000          45.000            6.932e-01          -2.759e+01             290.766           6.867e-01             244.982           3.118e+01     
  89.000          45.000            7.144e-01          -2.908e+01             315.542           7.098e-01             245.195           3.032e+01     
  90.000          45.000            7.373e-01          -2.871e+01             344.095           7.323e-01             245.413           2.954e+01     
  91.000          45.000            7.618e-01          -2.681e+01               5.866           7.542e-01             245.636           2.884e+01     
  92.000          45.000            7.880e-01          -2.462e+01              19.432           7.755e-01             245.865           2.821e+01     
  93.000          45.000            8.158e-01          -2.263e+01              27.911           7.961e-01             246.098           2.763e+01     
  94.000          45.000            8.452e-01          -2.091e+01              33.559           8.162e-01             246.337           2.710e+01     
  95.000          45.000            8.763e-01          -1.943e+01              37.573           8.356e-01             246.581           2.661e+01     
  96.000          45.000            9.088e-01          -1.814e+01              40.588           8.544e-01             246.830           2.617e+01     
  97.000          45.000            9.429e-01          -1.700e+01              42.956           8.726e-01             247.084           2.576e+01     
  98.000          45.000            9.784e-01          -1.599e+01              44.886           8.902e-01             247.344           2.539e+01     
  99.000          45.000            1.015e+00          -1.507e+01              46.507           9.071e-01             247.609           2.504e+01     
 100.000          45.000            1.054e+00          -1.424e+01              47.903           9.235e-01             247.879           2.473e+01     
 101.000          45.000            1.093e+00          -1.348e+01              49.130           9.392e-01             248.155           2.443e+01     
 102.000          45.000            1.134e+00          -1.278e+01              50.232           9.543e-01             248.437           2.417e+01     
 103.000          45.000            1.176e+00          -1.213e+01              51.235           9.687e-01             248.724           2.392e+01     
 104.000          45.000            1.219e+00          -1.153e+01              52.160           9.824e-01             249.016           2.370e+01     
 105.000          45.000            1.264e+00          -1.097e+01              53.024           9.955e-01             249.314           2.350e+01     
 106.000          45.000            1.309e+00          -1.044e+01              53.839           1.008e+00             249.618           2.332e+01     
 107.000          45.000            1.355e+00          -9.940e+00              54.613           1.020e+00             249.928           2.315e+01     
 108.000          45.000            1.401e+00          -9.471e+00              55.355           1.031e+00             250.243           2.300e+01     
 109.000          45.000            1.449e+00          -9.027e+00              56.071           1.041e+00             250.565           2.287e+01     
 110.000          45.000            1.497e+00          -8.607e+00              56.765           1.051e+00             250.892           2.275e+01     
 111.000          45.000            1.546e+00          -8.207e+00              57.441           1.060e+00             251.225           2.265e+01     
 112.000          45.000            1.595e+00          -7.827e+00              58.103           1.068e+00             251.564           2.256e+01     
 113.000          45.000            1.644e+00          -7.465e+00              58.753           1.076e+00             251.909           2.249e+01     
 114.000          45.000            1.694e+00          -7.119e+00              59.393           1.082e+00             252.260           2.242e+01     
 115.000          45.000            1.744e+00          -6.789e+00              60.026           1.088e+00             252.617           2.237e+01     
 116.000          45.000            1.795e+00          -6.473e+00              60.653           1.094e+00             252.980           2.233e+01     
 117.000          45.000            1.845e+00          -6.171e+00              61.276           1.098e+00             253.350           2.230e+01     
 118.000          45.000            1.895e+00          -5.881e+00              61.894           1.102e+00             253.725           2.228e+01     
 119.000          45.000            1.945e+00          -5.603e+00              62.511           1.105e+00             254.108           2.227e+01     
 120.000          45.000            1.995e+00          -5.336e+00              63.125           1.107e+00             254.496           2.227e+01     
 121.000          45.000            2.045e+00          -5.080e+00              63.739           1.109e+00             254.891           2.228e+01     
 122.000          45.000            2.094e+00          -4.833e+00              64.353           1.109e+00             255.292           2.230e+01     
 123.000          45.000            2.143e+00          -4.597e+00              64.967           1.109e+00             255.700           2.232e+01     
 124.000          45.000            2.191e+00          -4.369e+00              65.582           1.108e+00             256.114           2.235e+01     
 125.000          45.000            2.239e+00          -4.150e+00              66.198           1.106e+00             256.535           2.239e+01     
 126.000          45.000            2.286e+00          -3.939e+00              66.816           1.103e+00             256.962           2.244e+01     
 127.000          45.000            2.333e+00          -3.737e+00              67.436           1.100e+00             257.396           2.249e+01     
 128.000          45.000            2.379e+00          -3.541e+00              68.057           1.095e+00             257.837           2.255e+01     
 129.000          45.000            2.424e+00          -3.354e+00              68.682           1.090e+00             258.285           2.262e+01     
 130.000          45.000            2.468e+00          -3.173e+00              69.309           1.084e+00             258.739           2.269e+01     
 131.000          45.000            2.511e+00          -2.999e+00              69.939           1.077e+00             259.200           2.276e+01     
 132.000          45.000            2.553e+00          -2.832e+00              70.572           1.069e+00             259.668           2.285e+01     
 133.000          45.000            2.594e+00          -2.671e+00              71.208           1.060e+00             260.142           2.293e+01     
 134.000          45.000            2.633e+00          -2.516e+00              71.847           1.050e+00             260.624           2.302e+01     
 135.000          45.000            2.672e+00          -2.367e+00              72.490           1.039e+00             261.113           2.311e+01     
 136.000          45.000            2.710e+00          -2.224e+00              73.136           1.028e+00             261.608           2.321e+01     
 137.000          45.000            2.746e+00          -2.087e+00              73.785           1.015e+00             262.110           2.331e+01     
 138.000          45.000            2.781e+00          -1.955e+00              74.438           1.002e+00             262.620           2.341e+01     
 139.000          45.000            2.814e+00          -1.828e+00              75.094           9.873e-01             263.136           2.351e+01     
 140.000          45.000            2.846e+00          -1.707e+00              75.754           9.720e-01             263.659           2.362e+01     
 141.000          45.000            2.877e+00          -1.591e+00              76.417           9.557e-01             264.190           2.373e+01     
 142.000          45.000            2.906e+00          -1.479e+00              77.084           9.385e-01             264.727           2.384e+01     
 143.000          45.000            2.934e+00          -1.373e+00              77.754           9.204e-01             265.271           2.395e+01     
 144.000          45.000            2.960e+00          -1.271e+00              78.427           9.014e-01             265.822           2.406e+01     
 145.000          45.000            2.984e+00          -1.174e+00              79.104           8.814e-01             266.380           2.418e+01     
 146.000          45.000            3.007e+00          -1.082e+00              79.784           8.605e-01             266.946           2.429e+01     
 147.000          45.000            3.029e+00          -9.938e-01              80.467           8.387e-01             267.518           2.440e+01     
 148.000          45.000            3.048e+00          -9.102e-01              81.153           8.160e-01             268.097           2.451e+01     
 149.000          45.000            3.066e+00          -8.310e-01              81.843           7.923e-01             268.682           2.462e+01     
 150.000          45.000            3.083e+00          -7.560e-01              82.535           7.678e-01             269.275           2.473e+01     
 151.000          45.000            3.097e+00          -6.852e-01              83.230           7.423e-01             269.874           2.484e+01     
 152.000          45.000            3.110e+00          -6.185e-01              83.928           7.160e-01             270.480           2.495e+01     
 153.000          45.000            3.121e+00          -5.559e-01              84.628           6.887e-01             271.093           2.505e+01     
 154.000          45.000            3.130e+00          -4.972e-01              85.331           6.606e-01             271.712           2.515e+01     
 155.000          45.000            3.138e+00          -4.425e-01              86.036           6.316e-01             272.338           2.525e+01     
 156.000          45.000            3.144e+00          -3.916e-01              86.743           6.018e-01             272.970           2.535e+01     
 157.000          45.000            3.148e+00          -3.446e-01              87.453           5.711e-01             273.609           2.544e+01     
 158.000          45.000            3.150e+00          -3.013e-01              88.164           5.396e-01             274.254           2.552e+01     
 159.000          45.000            3.150e+00          -2.618e-01              88.876           5.073e-01             274.904           2.561e+01     
 160.000          45.000            3.148e+00          -2.260e-01              89.591           4.741e-01             275.561           2.568e+01     
 161.000          45.000            3.145e+00          -1.938e-01              90.306           4.402e-01             276.224           2.576e+01     
 162.000          45.000            3.140e+00          -1.652e-01              91.023           4.055e-01             276.892           2.582e+01     
 163.000          45.000            3.133e+00          -1.402e-01              91.740           3.700e-01             277.566           2.588e+01     
 164.000          45.000            3.124e+00          -1.187e-01              92.458           3.338e-01             278.245           2.594e+01     
 165.000          45.000            3.113e+00          -1.008e-01              93.177           2.969e-01             278.929           2.599e+01     
 166.000          45.000            3.100e+00          -8.625e-02              93.896           2.592e-01             279.619           2.603e+01     
 167.000          45.000            3.086e+00          -7.518e-02              94.615           2.209e-01             280.313           2.607e+01     
 168.000          45.000            3.069e+00          -6.753e-02              95.333           1.818e-01             281.012           2.609e+01     
 169.000          45.000            3.051e+00          -6.327e-02              96.052           1.421e-01             281.715           2.612e+01     
 170.000          45.000            3.031e+00          -6.237e-02              96.769           1.018e-01             282.423           2.613e+01     
 171.000          45.000            3.009e+00          -6.482e-02              97.486           6.077e-02             283.134           2.614e+01     
 172.000          45.000            2.985e+00          -7.059e-02              98.201           1.918e-02             283.850           2.614e+01     
 173.000          45.000            2.959e+00          -7.968e-02              98.915          -2.301e-02             284.568           2.613e+01     
 174.000          45.000            2.931e+00          -9.205e-02              99.627          -6.578e-02             285.290           2.611e+01     
 175.000          45.000            2.902e+00          -1.077e-01             100.337          -1.091e-01             286.015           2.609e+01     
 176.000          45.000            2.871e+00          -1.266e-01             101.045          -1.530e-01             286.742           2.606e+01     
 177.000          45.000            2.837e+00          -1.488e-01             101.750          -1.974e-01             287.472           2.602e+01     
 178.000          45.000            2.802e+00          -1.742e-01             102.453          -2.423e-01             288.204           2.598e+01     
 179.000          45.000            2.765e+00          -2.029e-01             103.152          -2.878e-01             288.938           2.593e+01     
 180.000          45.000            2.726e+00          -2.348e-01             103.846          -3.337e-01             289.671           2.587e+01     
 179.000         225.000            2.686e+00          -2.700e-01             284.539          -3.801e-01             110.408           2.580e+01     
 178.000         225.000            2.643e+00          -3.084e-01             285.227          -4.270e-01             111.144           2.573e+01     
 177.000         225.000            2.599e+00          -3.500e-01             285.910          -4.743e-01             111.882           2.565e+01     
 176.000         225.000            2.552e+00          -3.949e-01             286.589          -5.221e-01             112.619           2.557e+01     
 175.000         225.000            2.504e+00          -4.431e-01             287.263          -5.703e-01             113.356           2.548e+01     
 174.000         225.000            2.454e+00          -4.945e-01             287.932          -6.189e-01             114.093           2.538e+01     
 173.000         225.000            2.402e+00          -5.492e-01             288.596          -6.680e-01             114.828           2.528e+01     
 172.000         225.000            2.348e+00          -6.072e-01             289.253          -7.174e-01             115.562           2.518e+01     
 171.000         225.000            2.293e+00          -6.685e-01             289.905          -7.673e-01             116.295           2.506e+01     
 170.000         225.000            2.235e+00          -7.331e-01             290.550          -8.176e-01             117.025           2.495e+01     
 169.000         225.000            2.176e+00          -8.011e-01             291.188          -8.682e-01             117.753           2.483e+01     
 168.000         225.000            2.115e+00          -8.724e-01             291.819          -9.193e-01             118.478           2.471e+01     
 167.000         225.000            2.051e+00          -9.471e-01             292.443          -9.708e-01             119.200           2.458e+01     
 166.000         225.000            1.986e+00          -1.025e+00             293.060          -1.023e+00             119.918           2.445e+01     
 165.000         225.000            1.919e+00          -1.107e+00             293.668          -1.075e+00             120.632           2.431e+01     
 164.000         225.000            1.851e+00          -1.192e+00             294.268          -1.128e+00             121.342           2.418e+01     
 163.000         225.000            1.780e+00          -1.281e+00             294.860          -1.181e+00             122.048           2.404e+01     
 162.000         225.000            1.707e+00          -1.373e+00             295.443          -1.234e+00             122.748           2.390e+01     
 161.000         225.000            1.633e+00          -1.469e+00             296.017          -1.288e+00             123.443           2.376e+01     
 160.000         225.000            1.556e+00          -1.568e+00             296.582          -1.343e+00             124.133           2.361e+01     
 159.000         225.000            1.478e+00          -1.671e+00             297.138          -1.397e+00             124.816           2.347e+01     
 158.000         225.000            1.398e+00          -1.778e+00             297.683          -1.453e+00             125.493           2.332e+01     
 157.000         225.000            1.316e+00          -1.889e+00             298.219          -1.508e+00             126.163           2.318e+01     
 156.000         225.000            1.232e+00          -2.004e+00             298.744          -1.564e+00             126.826           2.303e+01     
 155.000         225.000            1.146e+00          -2.122e+00             299.259          -1.621e+00             127.482           2.288e+01     
 154.000         225.000            1.058e+00          -2.245e+00             299.763          -1.678e+00             128.130           2.273e+01     
 153.000         225.000            9.684e-01          -2.371e+00             300.256          -1.736e+00             128.770           2.259e+01     
 152.000         225.000            8.768e-01          -2.502e+00             300.737          -1.794e+00             129.401           2.244e+01     
 151.000         225.000            7.832e-01          -2.637e+00             301.207          -1.853e+00             130.024           2.230e+01     
 150.000         225.000            6.878e-01          -2.776e+00             301.666          -1.912e+00             130.639           2.215e+01     
 149.000         225.000            5.905e-01          -2.920e+00             302.112          -1.972e+00             131.244           2.201e+01     
 148.000         225.000            4.912e-01          -3.068e+00             302.547          -2.032e+00             131.840           2.186e+01     
 147.000         225.000            3.901e-01          -3.221e+00             302.969          -2.093e+00             132.426           2.172e+01     
 146.000         225.000            2.871e-01          -3.378e+00             303.379          -2.154e+00             133.002           2.158e+01     
 145.000         225.000            1.823e-01          -3.540e+00             303.775          -2.216e+00             133.569           2.145e+01     
 144.000         225.000            7.554e-02          -3.707e+00             304.159          -2.279e+00             134.124           2.131e+01     
 143.000         225.000           -3.302e-02          -3.880e+00             304.530          -2.342e+00             134.670           2.118e+01     
 142.000         225.000           -1.434e-01          -4.057e+00             304.887          -2.406e+00             135.204           2.105e+01     
 141.000         225.000           -2.556e-01          -4.240e+00             305.231          -2.471e+00             135.728           2.092e+01     
 140.000         225.000           -3.695e-01          -4.428e+00             305.561          -2.536e+00             136.240           2.079e+01     
 139.000         225.000           -4.853e-01          -4.622e+00             305.877          -2.602e+00             136.742           2.067e+01     
 138.000         225.000           -6.027e-01          -4.821e+00             306.179          -2.669e+00             137.231           2.056e+01     
 137.000         225.000           -7.219e-01          -5.027e+00             306.467          -2.736e+00             137.709           2.044e+01     
 136.000         225.000           -8.427e-01          -5.239e+00             306.740          -2.804e+00             138.175           2.033e+01     
 135.000         225.000           -9.652e-01          -5.457e+00             306.999          -2.873e+00             138.629           2.023e+01     
 134.000         225.000           -1.089e+00          -5.682e+00             307.242          -2.942e+00             139.071           2.013e+01     
 133.000         225.000           -1.215e+00          -5.913e+00             307.470          -3.013e+00             139.501           2.003e+01     
 132.000         225.000           -1.342e+00          -6.152e+00             307.683          -3.083e+00             139.918           1.994e+01     
 131.000         225.000           -1.471e+00          -6.399e+00             307.880          -3.155e+00             140.323           1.986e+01     
 130.000         225.000           -1.601e+00          -6.653e+00             308.062          -3.227e+00             140.715           1.978e+01     
 129.000         225.000           -1.732e+00          -6.915e+00             308.227          -3.301e+00             141.094           1.970e+01     
 128.000         225.000           -1.864e+00          -7.186e+00             308.375          -3.374e+00             141.461           1.964e+01     
 127.000         225.000           -1.998e+00          -7.465e+00             308.507          -3.449e+00             141.814           1.958e+01     
 126.000         225.000           -2.133e+00          -7.754e+00             308.621          -3.524e+00             142.154           1.953e+01     
 125.000         225.000           -2.269e+00          -8.053e+00             308.718          -3.600e+00             142.481           1.949e+01     
 124.000         225.000           -2.406e+00          -8.362e+00             308.797          -3.677e+00             142.794           1.946e+01     
 123.000         225.000           -2.544e+00          -8.682e+00             308.858          -3.755e+00             143.094           1.943e+01     
 122.000         225.000           -2.682e+00          -9.013e+00             308.899          -3.833e+00             143.380           1.942e+01     
 121.000         225.000           -2.821e+00          -9.357e+00             308.921          -3.912e+00             143.653           1.942e+01     
 120.000         225.000           -2.961e+00          -9.713e+00             308.922          -3.991e+00             143.912           1.943e+01     
 119.000         225.000           -3.101e+00          -1.008e+01             308.903          -4.072e+00             144.157           1.945e+01     
 118.000         225.000           -3.241e+00          -1.047e+01             308.861          -4.153e+00             144.388           1.949e+01     
 117.000         225.000           -3.382e+00          -1.087e+01             308.796          -4.235e+00             144.604           1.954e+01     
 116.000         225.000           -3.522e+00          -1.129e+01             308.706          -4.317e+00             144.807           1.961e+01     
 115.000         225.000           -3.663e+00          -1.173e+01             308.591          -4.400e+00             144.995           1.969e+01     
 114.000         225.000           -3.803e+00          -1.219e+01             308.448          -4.484e+00             145.169           1.979e+01     
 113.000         225.000           -3.943e+00          -1.267e+01             308.275          -4.568e+00             145.328           1.992e+01     
 112.000         225.000           -4.082e+00          -1.317e+01             308.070          -4.653e+00             145.472           2.006e+01     
 111.000         225.000           -4.220e+00          -1.371e+01             307.829          -4.739e+00             145.602           2.023e+01     
 110.000         225.000           -4.357e+00          -1.427e+01             307.548          -4.825e+00             145.717           2.042e+01     
 109.000         225.000           -4.494e+00          -1.486e+01             307.222          -4.912e+00             145.816           2.064e+01     
 108.000         225.000           -4.628e+00          -1.550e+01             306.846          -4.999e+00             145.900           2.089e+01     
 107.000         225.000           -4.762e+00          -1.618e+01             306.409          -5.087e+00             145.969           2.118e+01     
 106.000         225.000           -4.893e+00          -1.691e+01             305.903          -5.175e+00             146.023           2.150e+01     
 105.000         225.000           -5.023e+00          -1.769e+01             305.310          -5.264e+00             146.060           2.187e+01     
 104.000         225.000           -5.150e+00          -1.855e+01             304.612          -5.354e+00             146.082           2.228e+01     
 103.000         225.000           -5.276e+00          -1.948e+01             303.778          -5.444e+00             146.088           2.274e+01     
 102.000         225.000           -5.398e+00          -2.052e+01             302.765          -5.534e+00             146.077           2.327e+01     
 101.000         225.000           -5.518e+00          -2.168e+01             301.506          -5.625e+00             146.050           2.386e+01     
 100.000         225.000           -5.635e+00          -2.299e+01             299.899          -5.716e+00             146.007           2.454e+01     
  99.000         225.000           -5.749e+00          -2.452e+01             297.749          -5.807e+00             145.947           2.531e+01     
  98.000         225.000           -5.859e+00          -2.632e+01             294.713          -5.899e+00             145.869           2.620e+01     
  97.000         225.000           -5.967e+00          -2.853e+01             290.067          -5.991e+00             145.774           2.725e+01     
  96.000         225.000           -6.070e+00          -3.132e+01             282.067          -6.083e+00             145.662           2.848e+01     
  95.000         225.000           -6.170e+00          -3.487e+01             265.775          -6.176e+00             145.532           2.997e+01     
  94.000         225.000           -6.266e+00          -3.805e+01             229.273          -6.268e+00             145.384           3.183e+01     
  93.000         225.000           -6.357e+00          -3.656e+01             183.942          -6.361e+00             145.217           3.428e+01     
  92.000         225.000           -6.445e+00          -3.294e+01             160.857          -6.454e+00             145.032           3.779e+01     
  91.000         225.000           -6.528e+00          -2.996e+01             150.255          -6.547e+00             144.828           4.000e+01     
  90.000         225.000           -6.606e+00          -2.766e+01             144.423          -6.641e+00             144.605           4.000e+01     
  89.000         225.000           -6.681e+00          -2.583e+01             140.715          -6.734e+00             144.362           4.000e+01     
  88.000         225.000           -6.750e+00          -2.433e+01             138.095          -6.827e+00             144.100           3.726e+01     
  87.000         225.000           -6.815e+00          -2.305e+01             136.102          -6.920e+00             143.817           3.378e+01     
  86.000         225.000           -6.876e+00          -2.196e+01             134.498          -7.013e+00             143.514           3.131e+01     
  85.000         225.000           -6.932e+00          -2.100e+01             133.149          -7.105e+00             143.190           2.940e+01     
  84.000         225.000           -6.983e+00          -2.014e+01             131.975          -7.198e+00             142.844           2.785e+01     
  83.000         225.000           -7.030e+00          -1.938e+01             130.922          -7.290e+00             142.477           2.656e+01     
  82.000         225.000           -7.071e+00          -1.869e+01             129.957          -7.382e+00             142.088           2.545e+01     
  81.000         225.000           -7.109e+00          -1.806e+01             129.056          -7.473e+00             141.677           2.449e+01     
  80.000         225.000           -7.142e+00          -1.748e+01             128.202          -7.564e+00             141.243           2.365e+01     
  79.000         225.000           -7.170e+00          -1.694e+01             127.384          -7.654e+00             140.785           2.291e+01     
  78.000         225.000           -7.194e+00          -1.645e+01             126.590          -7.743e+00             140.304           2.225e+01     
  77.000         225.000           -7.214e+00          -1.599e+01             125.814          -7.832e+00             139.799           2.167e+01     
  76.000         225.000           -7.230e+00          -1.556e+01             125.050          -7.920e+00             139.271           2.115e+01     
  75.000         225.000           -7.241e+00          -1.516e+01             124.294          -8.006e+00             138.717           2.068e+01     
  74.000         225.000           -7.249e+00          -1.478e+01             123.544          -8.092e+00             138.138           2.027e+01     
  73.000         225.000           -7.253e+00          -1.443e+01             122.795          -8.177e+00             137.534           1.990e+01     
  72.000         225.000           -7.252e+00          -1.409e+01             122.046          -8.260e+00             136.905           1.957e+01     
  71.000         225.000           -7.248e+00          -1.377e+01             121.295          -8.341e+00             136.249           1.928e+01     
  70.000         225.000           -7.241e+00          -1.347e+01             120.540          -8.422e+00             135.567           1.903e+01     
  69.000         225.000           -7.230e+00          -1.319e+01             119.781          -8.500e+00             134.859           1.881e+01     
  68.000         225.000           -7.215e+00          -1.291e+01             119.016          -8.577e+00             134.124           1.862e+01     
  67.000         225.000           -7.197e+00          -1.266e+01             118.244          -8.651e+00             133.362           1.846e+01     
  66.000         225.000           -7.176e+00          -1.241e+01             117.465          -8.724e+00             132.573           1.833e+01     
  65.000         225.000           -7.151e+00          -1.217e+01             116.678          -8.794e+00             131.757           1.823e+01     
  64.000         225.000           -7.123e+00          -1.194e+01             115.884          -8.861e+00             130.914           1.815e+01     
  63.000         225.000           -7.093e+00          -1.172e+01             115.081          -8.926e+00             130.044           1.809e+01     
  62.000         225.000           -7.059e+00          -1.151e+01             114.269          -8.988e+00             129.147           1.806e+01     
  61.000         225.000           -7.022e+00          -1.131e+01             113.449          -9.047e+00             128.223           1.805e+01     
  60.000         225.000           -6.982e+00          -1.111e+01             112.620          -9.103e+00             127.274           1.805e+01     
  59.000         225.000           -6.940e+00          -1.092e+01             111.783          -9.156e+00             126.298           1.808e+01     
  58.000         225.000           -6.894e+00          -1.074e+01             110.937          -9.204e+00             125.297           1.813e+01     
  57.000         225.000           -6.846e+00          -1.056e+01             110.083          -9.249e+00             124.271           1.820e+01     
  56.000         225.000           -6.795e+00          -1.039e+01             109.221          -9.290e+00             123.222           1.829e+01     
  55.000         225.000           -6.741e+00          -1.022e+01             108.351          -9.327e+00             122.149           1.839e+01     
  54.000         225.000           -6.684e+00          -1.006e+01             107.474          -9.359e+00             121.054           1.851e+01     
  53.000         225.000           -6.625e+00          -9.898e+00             106.589          -9.387e+00             119.938           1.865e+01     
  52.000         225.000           -6.563e+00          -9.743e+00             105.698          -9.410e+00             118.802           1.880e+01     
  51.000         225.000           -6.498e+00          -9.590e+00             104.801          -9.428e+00             117.647           1.897e+01     
  50.000         225.000           -6.430e+00          -9.441e+00             103.899          -9.441e+00             116.475           1.916e+01     
  49.000         225.000           -6.361e+00          -9.295e+00             102.991          -9.448e+00             115.287           1.936e+01     
  48.000         225.000           -6.288e+00          -9.151e+00             102.080          -9.451e+00             114.086           1.957e+01     
  47.000         225.000           -6.213e+00          -9.010e+00             101.164          -9.448e+00             112.872           1.979e+01     
  46.000         225.000           -6.135e+00          -8.871e+00             100.245          -9.439e+00             111.647           2.003e+01     
  45.000         225.000           -6.055e+00          -8.734e+00              99.324          -9.425e+00             110.414           2.028e+01     
  44.000         225.000           -5.973e+00          -8.598e+00              98.400          -9.405e+00             109.174           2.055e+01     
  43.000         225.000           -5.888e+00          -8.465e+00              97.476          -9.379e+00             107.929           2.082e+01     
  42.000         225.000           -5.801e+00          -8.333e+00              96.552          -9.348e+00             106.682           2.111e+01     
  41.000         225.000           -5.711e+00          -8.202e+00              95.628          -9.311e+00             105.433           2.140e+01     
  40.000         225.000           -5.619e+00          -8.073e+00              94.704          -9.268e+00             104.186           2.171e+01     
  39.000         225.000           -5.526e+00          -7.945e+00              93.783          -9.220e+00             102.942           2.202e+01     
  38.000         225.000           -5.430e+00          -7.818e+00              92.865          -9.166e+00             101.704           2.234e+01     
  37.000         225.000           -5.332e+00          -7.692e+00              91.950          -9.107e+00             100.472           2.267e+01     
  36.000         225.000           -5.232e+00          -7.567e+00              91.038          -9.043e+00              99.250           2.301e+01     
  35.000         225.000           -5.131e+00          -7.443e+00              90.132          -8.974e+00              98.038           2.335e+01     
  34.000         225.000           -5.028e+00          -7.320e+00              89.231          -8.899e+00              96.839           2.369e+01     
  33.000         225.000           -4.923e+00          -7.198e+00              88.337          -8.820e+00              95.653           2.404e+01     
  32.000         225.000           -4.817e+00          -7.076e+00              87.449          -8.737e+00              94.483           2.439e+01     
  31.000         225.000           -4.710e+00          -6.956e+00              86.569          -8.649e+00              93.330           2.474e+01     
  30.000         225.000           -4.601e+00          -6.836e+00              85.697          -8.557e+00              92.196           2.509e+01     
  29.000         225.000           -4.492e+00          -6.717e+00              84.833          -8.461e+00              91.080           2.544e+01     
  28.000         225.000           -4.381e+00          -6.599e+00              83.979          -8.361e+00              89.985           2.578e+01     
  27.000         225.000           -4.270e+00          -6.482e+00              83.135          -8.258e+00              88.911           2.612e+01     
  26.000         225.000           -4.157e+00          -6.366e+00              82.301          -8.152e+00              87.859           2.646e+01     
  25.000         225.000           -4.044e+00          -6.251e+00              81.478          -8.042e+00              86.830           2.679e+01     
  24.000         225.000           -3.931e+00          -6.136e+00              80.666          -7.930e+00              85.825           2.711e+01     
  23.000         225.000           -3.817e+00          -6.023e+00              79.866          -7.816e+00              84.843           2.742e+01     
  22.000         225.000           -3.703e+00          -5.911e+00              79.078          -7.699e+00              83.885           2.772e+01     
  21.000         225.000           -3.589e+00          -5.800e+00              78.301          -7.581e+00              82.951           2.801e+01     
  20.000         225.000           -3.475e+00          -5.690e+00              77.538          -7.460e+00              82.042           2.829e+01     
  19.000         225.000           -3.362e+00          -5.582e+00              76.787          -7.338e+00              81.158           2.855e+01     
  18.000         225.000           -3.248e+00          -5.475e+00              76.050          -7.215e+00              80.298           2.879e+01     
  17.000         225.000           -3.135e+00          -5.369e+00              75.325          -7.091e+00              79.463           2.902e+01     
  16.000         225.000           -3.022e+00          -5.265e+00              74.615          -6.965e+00              78.652           2.922e+01     
  15.000         225.000           -2.910e+00          -5.162e+00              73.917          -6.839e+00              77.865           2.941e+01     
  14.000         225.000           -2.798e+00          -5.061e+00              73.233          -6.712e+00              77.103           2.958e+01     
  13.000         225.000           -2.687e+00          -4.961e+00              72.563          -6.585e+00              76.364           2.973e+01     
  12.000         225.000           -2.578e+00          -4.864e+00              71.907          -6.458e+00              75.649           2.986e+01     
  11.000         225.000           -2.469e+00          -4.768e+00              71.265          -6.330e+00              74.956           2.998e+01     
  10.000         225.000           -2.361e+00          -4.674e+00              70.636          -6.203e+00              74.287           3.007e+01     
   9.000         225.000           -2.255e+00          -4.582e+00              70.021          -6.076e+00              73.639           3.014e+01     
   8.000         225.000           -2.149e+00          -4.492e+00              69.420          -5.949e+00              73.014           3.019e+01     
   7.000         225.000           -2.045e+00          -4.404e+00              68.832          -5.822e+00              72.410           3.022e+01     
   6.000         225.000           -1.943e+00          -4.319e+00              68.258          -5.696e+00              71.826           3.024e+01     
   5.000         225.000           -1.842e+00          -4.236e+00              67.698          -5.571e+00              71.264           3.024e+01     
   4.000         225.000           -1.742e+00          -4.155e+00              67.151          -5.446e+00              70.721           3.022e+01     
   3.000         225.000           -1.644e+00          -4.076e+00              66.617          -5.322e+00              70.198           3.019e+01     
   2.000         225.000           -1.548e+00          -4.000e+00              66.096          -5.200e+00              69.694           3.014e+01     
   1.000         225.000           -1.454e+00          -3.927e+00              65.589          -5.078e+00              69.208           3.008e+01     
