Theta [deg.]  Phi   [deg.]  Abs(Dir.)[dBi   ]   Abs(Theta)[dBi   ]  Phase(Theta)[deg.]  Abs(Phi  )[dBi   ]  Phase(Phi  )[deg.]  Ax.Ratio[dB    ]    
------------------------------------------------------------------------------------------------------------------------------------------------------
   0.000          45.000            3.438e+00           3.282e-02             182.723           7.899e-01             180.981           3.639e+01     
   1.000          45.000            3.459e+00           3.016e-02             182.567           8.311e-01             180.749           3.603e+01     
   2.000          45.000            3.478e+00           2.359e-02             182.412           8.704e-01             180.519           3.568e+01     
   3.000          45.000            3.494e+00           1.310e-02             182.259           9.078e-01             180.294           3.536e+01     
   4.000          45.000            3.507e+00          -1.326e-03             182.108           9.433e-01             180.071           3.505e+01     
   5.000          45.000            3.517e+00          -1.966e-02             181.959           9.769e-01             179.852           3.476e+01     
   6.000          45.000            3.525e+00          -4.191e-02             181.813           1.009e+00             179.636           3.449e+01     
   7.000          45.000            3.531e+00          -6.805e-02             181.669           1.038e+00             179.424           3.423e+01     
   8.000          45.000            3.533e+00          -9.809e-02             181.527           1.066e+00             179.214           3.398e+01     
   9.000          45.000            3.533e+00          -1.320e-01             181.387           1.092e+00             179.008           3.374e+01     
  10.000          45.000            3.531e+00          -1.698e-01             181.250           1.117e+00             178.805           3.351e+01     
  11.000          45.000            3.526e+00          -2.115e-01             181.115           1.139e+00             178.606           3.330e+01     
  12.000          45.000            3.519e+00          -2.570e-01             180.982           1.159e+00             178.409           3.309e+01     
  13.000          45.000            3.509e+00          -3.063e-01             180.851           1.178e+00             178.216           3.289e+01     
  14.000          45.000            3.497e+00          -3.595e-01             180.723           1.195e+00             178.026           3.270e+01     
  15.000          45.000            3.483e+00          -4.166e-01             180.597           1.210e+00             177.840           3.252e+01     
  16.000          45.000            3.466e+00          -4.775e-01             180.473           1.224e+00             177.656           3.235e+01     
  17.000          45.000            3.447e+00          -5.422e-01             180.352           1.235e+00             177.476           3.219e+01     
  18.000          45.000            3.426e+00          -6.107e-01             180.233           1.245e+00             177.299           3.203e+01     
  19.000          45.000            3.403e+00          -6.830e-01             180.117           1.254e+00             177.125           3.188e+01     
  20.000          45.000            3.377e+00          -7.591e-01             180.002           1.260e+00             176.954           3.173e+01     
  21.000          45.000            3.350e+00          -8.390e-01             179.890           1.266e+00             176.786           3.160e+01     
  22.000          45.000            3.320e+00          -9.227e-01             179.781           1.269e+00             176.622           3.146e+01     
  23.000          45.000            3.289e+00          -1.010e+00             179.674           1.271e+00             176.461           3.134e+01     
  24.000          45.000            3.255e+00          -1.102e+00             179.569           1.271e+00             176.303           3.122e+01     
  25.000          45.000            3.220e+00          -1.197e+00             179.466           1.270e+00             176.148           3.111e+01     
  26.000          45.000            3.183e+00          -1.296e+00             179.366           1.268e+00             175.996           3.100e+01     
  27.000          45.000            3.144e+00          -1.398e+00             179.268           1.264e+00             175.848           3.090e+01     
  28.000          45.000            3.103e+00          -1.505e+00             179.173           1.258e+00             175.703           3.081e+01     
  29.000          45.000            3.061e+00          -1.615e+00             179.080           1.251e+00             175.561           3.072e+01     
  30.000          45.000            3.017e+00          -1.729e+00             178.989           1.243e+00             175.422           3.064e+01     
  31.000          45.000            2.971e+00          -1.847e+00             178.900           1.234e+00             175.286           3.056e+01     
  32.000          45.000            2.925e+00          -1.969e+00             178.814           1.223e+00             175.154           3.049e+01     
  33.000          45.000            2.876e+00          -2.094e+00             178.729           1.211e+00             175.025           3.042e+01     
  34.000          45.000            2.826e+00          -2.223e+00             178.647           1.198e+00             174.899           3.036e+01     
  35.000          45.000            2.775e+00          -2.357e+00             178.568           1.184e+00             174.776           3.031e+01     
  36.000          45.000            2.723e+00          -2.494e+00             178.490           1.169e+00             174.657           3.026e+01     
  37.000          45.000            2.670e+00          -2.635e+00             178.415           1.153e+00             174.541           3.022e+01     
  38.000          45.000            2.615e+00          -2.780e+00             178.341           1.135e+00             174.428           3.018e+01     
  39.000          45.000            2.559e+00          -2.929e+00             178.270           1.117e+00             174.318           3.016e+01     
  40.000          45.000            2.503e+00          -3.082e+00             178.201           1.098e+00             174.212           3.013e+01     
  41.000          45.000            2.445e+00          -3.239e+00             178.134           1.078e+00             174.109           3.012e+01     
  42.000          45.000            2.387e+00          -3.400e+00             178.069           1.057e+00             174.009           3.011e+01     
  43.000          45.000            2.328e+00          -3.566e+00             178.005           1.035e+00             173.913           3.011e+01     
  44.000          45.000            2.268e+00          -3.735e+00             177.944           1.012e+00             173.819           3.011e+01     
  45.000          45.000            2.207e+00          -3.909e+00             177.884           9.893e-01             173.730           3.013e+01     
  46.000          45.000            2.146e+00          -4.087e+00             177.826           9.654e-01             173.643           3.015e+01     
  47.000          45.000            2.085e+00          -4.270e+00             177.770           9.409e-01             173.560           3.017e+01     
  48.000          45.000            2.023e+00          -4.457e+00             177.715           9.159e-01             173.480           3.021e+01     
  49.000          45.000            1.960e+00          -4.648e+00             177.662           8.903e-01             173.404           3.026e+01     
  50.000          45.000            1.898e+00          -4.845e+00             177.610           8.643e-01             173.331           3.031e+01     
  51.000          45.000            1.835e+00          -5.046e+00             177.560           8.378e-01             173.261           3.037e+01     
  52.000          45.000            1.772e+00          -5.252e+00             177.511           8.110e-01             173.195           3.045e+01     
  53.000          45.000            1.709e+00          -5.463e+00             177.463           7.838e-01             173.132           3.053e+01     
  54.000          45.000            1.645e+00          -5.680e+00             177.416           7.563e-01             173.073           3.062e+01     
  55.000          45.000            1.582e+00          -5.902e+00             177.370           7.285e-01             173.017           3.072e+01     
  56.000          45.000            1.519e+00          -6.129e+00             177.325           7.005e-01             172.964           3.084e+01     
  57.000          45.000            1.457e+00          -6.362e+00             177.281           6.724e-01             172.915           3.096e+01     
  58.000          45.000            1.394e+00          -6.602e+00             177.237           6.442e-01             172.869           3.110e+01     
  59.000          45.000            1.332e+00          -6.847e+00             177.194           6.158e-01             172.826           3.126e+01     
  60.000          45.000            1.271e+00          -7.100e+00             177.151           5.875e-01             172.787           3.142e+01     
  61.000          45.000            1.209e+00          -7.359e+00             177.108           5.591e-01             172.751           3.160e+01     
  62.000          45.000            1.149e+00          -7.625e+00             177.064           5.308e-01             172.719           3.180e+01     
  63.000          45.000            1.089e+00          -7.899e+00             177.020           5.026e-01             172.690           3.201e+01     
  64.000          45.000            1.029e+00          -8.181e+00             176.976           4.745e-01             172.664           3.224e+01     
  65.000          45.000            9.709e-01          -8.471e+00             176.930           4.466e-01             172.642           3.249e+01     
  66.000          45.000            9.132e-01          -8.770e+00             176.884           4.189e-01             172.623           3.275e+01     
  67.000          45.000            8.563e-01          -9.079e+00             176.835           3.914e-01             172.607           3.304e+01     
  68.000          45.000            8.004e-01          -9.397e+00             176.785           3.643e-01             172.594           3.336e+01     
  69.000          45.000            7.455e-01          -9.727e+00             176.732           3.374e-01             172.585           3.369e+01     
  70.000          45.000            6.917e-01          -1.007e+01             176.676           3.109e-01             172.579           3.406e+01     
  71.000          45.000            6.390e-01          -1.042e+01             176.616           2.848e-01             172.577           3.445e+01     
  72.000          45.000            5.875e-01          -1.079e+01             176.553           2.590e-01             172.577           3.488e+01     
  73.000          45.000            5.373e-01          -1.117e+01             176.484           2.338e-01             172.581           3.535e+01     
  74.000          45.000            4.883e-01          -1.157e+01             176.409           2.090e-01             172.588           3.586e+01     
  75.000          45.000            4.407e-01          -1.198e+01             176.328           1.847e-01             172.598           3.641e+01     
  76.000          45.000            3.945e-01          -1.242e+01             176.238           1.610e-01             172.611           3.702e+01     
  77.000          45.000            3.498e-01          -1.287e+01             176.139           1.378e-01             172.627           3.769e+01     
  78.000          45.000            3.066e-01          -1.335e+01             176.028           1.152e-01             172.646           3.843e+01     
  79.000          45.000            2.649e-01          -1.385e+01             175.903           9.322e-02             172.668           3.926e+01     
  80.000          45.000            2.249e-01          -1.438e+01             175.761           7.189e-02             172.693           4.000e+01     
  81.000          45.000            1.864e-01          -1.495e+01             175.599           5.118e-02             172.720           4.000e+01     
  82.000          45.000            1.497e-01          -1.555e+01             175.414           3.113e-02             172.751           4.000e+01     
  83.000          45.000            1.146e-01          -1.619e+01             175.197           1.177e-02             172.784           4.000e+01     
  84.000          45.000            8.134e-02          -1.688e+01             174.943          -6.887e-03             172.821           4.000e+01     
  85.000          45.000            4.983e-02          -1.763e+01             174.641          -2.484e-02             172.859           4.000e+01     
  86.000          45.000            2.013e-02          -1.845e+01             174.277          -4.206e-02             172.901           4.000e+01     
  87.000          45.000           -7.735e-03          -1.935e+01             173.829          -5.855e-02             172.945           4.000e+01     
  88.000          45.000           -3.374e-02          -2.035e+01             173.269          -7.429e-02             172.991           4.000e+01     
  89.000          45.000           -5.785e-02          -2.148e+01             172.549          -8.929e-02             173.040           4.000e+01     
  90.000          45.000           -8.006e-02          -2.276e+01             171.594          -1.035e-01             173.092           4.000e+01     
  91.000          45.000           -1.004e-01          -2.427e+01             170.269          -1.170e-01             173.146           4.000e+01     
  92.000          45.000           -1.187e-01          -2.608e+01             168.322          -1.297e-01             173.202           4.000e+01     
  93.000          45.000           -1.351e-01          -2.834e+01             165.200          -1.417e-01             173.260           4.000e+01     
  94.000          45.000           -1.496e-01          -3.133e+01             159.466          -1.529e-01             173.320           4.000e+01     
  95.000          45.000           -1.621e-01          -3.559e+01             146.149          -1.634e-01             173.383           4.000e+01     
  96.000          45.000           -1.727e-01          -4.064e+01             103.869          -1.731e-01             173.447           4.000e+01     
  97.000          45.000           -1.813e-01          -3.784e+01              43.244          -1.821e-01             173.514           4.000e+01     
  98.000          45.000           -1.880e-01          -3.292e+01              22.283          -1.903e-01             173.582           3.911e+01     
  99.000          45.000           -1.927e-01          -2.950e+01              14.437          -1.978e-01             173.652           3.831e+01     
 100.000          45.000           -1.955e-01          -2.699e+01              10.500          -2.046e-01             173.724           3.759e+01     
 101.000          45.000           -1.964e-01          -2.502e+01               8.162          -2.108e-01             173.798           3.695e+01     
 102.000          45.000           -1.954e-01          -2.341e+01               6.622          -2.162e-01             173.873           3.636e+01     
 103.000          45.000           -1.926e-01          -2.205e+01               5.536          -2.210e-01             173.950           3.583e+01     
 104.000          45.000           -1.878e-01          -2.087e+01               4.732          -2.251e-01             174.028           3.534e+01     
 105.000          45.000           -1.813e-01          -1.983e+01               4.115          -2.286e-01             174.108           3.490e+01     
 106.000          45.000           -1.730e-01          -1.891e+01               3.628          -2.315e-01             174.190           3.449e+01     
 107.000          45.000           -1.629e-01          -1.807e+01               3.236          -2.338e-01             174.272           3.412e+01     
 108.000          45.000           -1.511e-01          -1.730e+01               2.914          -2.356e-01             174.356           3.378e+01     
 109.000          45.000           -1.376e-01          -1.660e+01               2.647          -2.369e-01             174.441           3.346e+01     
 110.000          45.000           -1.224e-01          -1.594e+01               2.422          -2.376e-01             174.527           3.318e+01     
 111.000          45.000           -1.057e-01          -1.534e+01               2.230          -2.379e-01             174.615           3.291e+01     
 112.000          45.000           -8.742e-02          -1.477e+01               2.067          -2.377e-01             174.703           3.267e+01     
 113.000          45.000           -6.763e-02          -1.424e+01               1.926          -2.372e-01             174.793           3.245e+01     
 114.000          45.000           -4.640e-02          -1.374e+01               1.804          -2.362e-01             174.883           3.225e+01     
 115.000          45.000           -2.377e-02          -1.326e+01               1.698          -2.349e-01             174.974           3.207e+01     
 116.000          45.000            2.042e-04          -1.281e+01               1.605          -2.334e-01             175.067           3.191e+01     
 117.000          45.000            2.546e-02          -1.238e+01               1.524          -2.315e-01             175.160           3.176e+01     
 118.000          45.000            5.193e-02          -1.197e+01               1.454          -2.294e-01             175.253           3.163e+01     
 119.000          45.000            7.956e-02          -1.158e+01               1.392          -2.271e-01             175.348           3.152e+01     
 120.000          45.000            1.083e-01          -1.121e+01               1.338          -2.246e-01             175.443           3.141e+01     
 121.000          45.000            1.380e-01          -1.085e+01               1.291          -2.220e-01             175.539           3.133e+01     
 122.000          45.000            1.688e-01          -1.051e+01               1.251          -2.194e-01             175.636           3.125e+01     
 123.000          45.000            2.004e-01          -1.018e+01               1.216          -2.167e-01             175.733           3.119e+01     
 124.000          45.000            2.328e-01          -9.866e+00               1.187          -2.140e-01             175.831           3.114e+01     
 125.000          45.000            2.660e-01          -9.561e+00               1.162          -2.113e-01             175.929           3.110e+01     
 126.000          45.000            2.998e-01          -9.266e+00               1.142          -2.087e-01             176.028           3.107e+01     
 127.000          45.000            3.343e-01          -8.983e+00               1.126          -2.063e-01             176.127           3.105e+01     
 128.000          45.000            3.693e-01          -8.708e+00               1.114          -2.040e-01             176.227           3.104e+01     
 129.000          45.000            4.047e-01          -8.444e+00               1.105          -2.019e-01             176.328           3.104e+01     
 130.000          45.000            4.406e-01          -8.187e+00               1.100          -2.001e-01             176.429           3.105e+01     
 131.000          45.000            4.767e-01          -7.940e+00               1.098          -1.986e-01             176.530           3.106e+01     
 132.000          45.000            5.131e-01          -7.700e+00               1.099          -1.974e-01             176.632           3.109e+01     
 133.000          45.000            5.496e-01          -7.468e+00               1.104          -1.966e-01             176.735           3.112e+01     
 134.000          45.000            5.862e-01          -7.243e+00               1.111          -1.963e-01             176.838           3.116e+01     
 135.000          45.000            6.227e-01          -7.025e+00               1.122          -1.964e-01             176.942           3.121e+01     
 136.000          45.000            6.593e-01          -6.814e+00               1.135          -1.970e-01             177.046           3.126e+01     
 137.000          45.000            6.956e-01          -6.609e+00               1.151          -1.982e-01             177.151           3.132e+01     
 138.000          45.000            7.317e-01          -6.411e+00               1.170          -2.000e-01             177.256           3.139e+01     
 139.000          45.000            7.675e-01          -6.219e+00               1.191          -2.024e-01             177.362           3.146e+01     
 140.000          45.000            8.030e-01          -6.032e+00               1.215          -2.056e-01             177.468           3.153e+01     
 141.000          45.000            8.379e-01          -5.852e+00               1.243          -2.094e-01             177.575           3.161e+01     
 142.000          45.000            8.724e-01          -5.677e+00               1.272          -2.141e-01             177.683           3.170e+01     
 143.000          45.000            9.062e-01          -5.508e+00               1.305          -2.196e-01             177.791           3.179e+01     
 144.000          45.000            9.393e-01          -5.344e+00               1.340          -2.259e-01             177.900           3.188e+01     
 145.000          45.000            9.717e-01          -5.185e+00               1.378          -2.331e-01             178.010           3.198e+01     
 146.000          45.000            1.003e+00          -5.032e+00               1.419          -2.412e-01             178.121           3.208e+01     
 147.000          45.000            1.034e+00          -4.883e+00               1.462          -2.504e-01             178.232           3.218e+01     
 148.000          45.000            1.064e+00          -4.740e+00               1.509          -2.605e-01             178.345           3.229e+01     
 149.000          45.000            1.092e+00          -4.601e+00               1.558          -2.717e-01             178.458           3.239e+01     
 150.000          45.000            1.120e+00          -4.467e+00               1.610          -2.840e-01             178.573           3.250e+01     
 151.000          45.000            1.146e+00          -4.338e+00               1.665          -2.975e-01             178.688           3.261e+01     
 152.000          45.000            1.172e+00          -4.214e+00               1.723          -3.121e-01             178.804           3.273e+01     
 153.000          45.000            1.195e+00          -4.094e+00               1.784          -3.279e-01             178.922           3.284e+01     
 154.000          45.000            1.218e+00          -3.979e+00               1.847          -3.449e-01             179.041           3.296e+01     
 155.000          45.000            1.239e+00          -3.868e+00               1.914          -3.632e-01             179.161           3.307e+01     
 156.000          45.000            1.259e+00          -3.761e+00               1.984          -3.828e-01             179.282           3.319e+01     
 157.000          45.000            1.277e+00          -3.659e+00               2.057          -4.037e-01             179.405           3.331e+01     
 158.000          45.000            1.293e+00          -3.562e+00               2.133          -4.259e-01             179.529           3.343e+01     
 159.000          45.000            1.308e+00          -3.469e+00               2.212          -4.496e-01             179.655           3.354e+01     
 160.000          45.000            1.322e+00          -3.380e+00               2.294          -4.747e-01             179.782           3.366e+01     
 161.000          45.000            1.333e+00          -3.295e+00               2.379          -5.012e-01             179.911           3.378e+01     
 162.000          45.000            1.343e+00          -3.215e+00               2.467          -5.291e-01             180.042           3.389e+01     
 163.000          45.000            1.351e+00          -3.139e+00               2.559          -5.586e-01             180.175           3.401e+01     
 164.000          45.000            1.357e+00          -3.067e+00               2.654          -5.896e-01             180.309           3.413e+01     
 165.000          45.000            1.361e+00          -2.999e+00               2.752          -6.221e-01             180.445           3.424e+01     
 166.000          45.000            1.363e+00          -2.935e+00               2.854          -6.561e-01             180.584           3.436e+01     
 167.000          45.000            1.363e+00          -2.875e+00               2.958          -6.917e-01             180.725           3.447e+01     
 168.000          45.000            1.361e+00          -2.820e+00               3.066          -7.289e-01             180.868           3.459e+01     
 169.000          45.000            1.356e+00          -2.769e+00               3.178          -7.677e-01             181.013           3.470e+01     
 170.000          45.000            1.350e+00          -2.721e+00               3.292          -8.081e-01             181.161           3.482e+01     
 171.000          45.000            1.342e+00          -2.678e+00               3.410          -8.501e-01             181.311           3.493e+01     
 172.000          45.000            1.331e+00          -2.639e+00               3.531          -8.938e-01             181.463           3.505e+01     
 173.000          45.000            1.318e+00          -2.603e+00               3.656          -9.391e-01             181.619           3.516e+01     
 174.000          45.000            1.303e+00          -2.572e+00               3.784          -9.860e-01             181.777           3.528e+01     
 175.000          45.000            1.286e+00          -2.545e+00               3.915          -1.035e+00             181.938           3.539e+01     
 176.000          45.000            1.266e+00          -2.522e+00               4.050          -1.085e+00             182.102           3.551e+01     
 177.000          45.000            1.244e+00          -2.502e+00               4.188          -1.137e+00             182.269           3.563e+01     
 178.000          45.000            1.220e+00          -2.487e+00               4.329          -1.190e+00             182.440           3.575e+01     
 179.000          45.000            1.193e+00          -2.475e+00               4.473          -1.246e+00             182.613           3.588e+01     
 180.000          45.000            1.164e+00          -2.468e+00               4.621          -1.302e+00             182.790           3.601e+01     
 179.000         225.000            1.133e+00          -2.464e+00             184.772          -1.361e+00               2.970           3.614e+01     
 178.000         225.000            1.099e+00          -2.465e+00             184.926          -1.421e+00               3.154           3.628e+01     
 177.000         225.000            1.062e+00          -2.469e+00             185.084          -1.483e+00               3.342           3.642e+01     
 176.000         225.000            1.024e+00          -2.477e+00             185.244          -1.546e+00               3.533           3.657e+01     
 175.000         225.000            9.824e-01          -2.489e+00             185.408          -1.611e+00               3.728           3.672e+01     
 174.000         225.000            9.388e-01          -2.505e+00             185.575          -1.678e+00               3.927           3.689e+01     
 173.000         225.000            8.927e-01          -2.524e+00             185.745          -1.746e+00               4.131           3.706e+01     
 172.000         225.000            8.441e-01          -2.548e+00             185.918          -1.815e+00               4.338           3.724e+01     
 171.000         225.000            7.931e-01          -2.575e+00             186.094          -1.887e+00               4.549           3.743e+01     
 170.000         225.000            7.396e-01          -2.606e+00             186.273          -1.959e+00               4.765           3.764e+01     
 169.000         225.000            6.837e-01          -2.641e+00             186.455          -2.033e+00               4.985           3.786e+01     
 168.000         225.000            6.253e-01          -2.680e+00             186.639          -2.109e+00               5.210           3.810e+01     
 167.000         225.000            5.645e-01          -2.723e+00             186.827          -2.186e+00               5.440           3.836e+01     
 166.000         225.000            5.012e-01          -2.769e+00             187.017          -2.264e+00               5.674           3.863e+01     
 165.000         225.000            4.355e-01          -2.819e+00             187.209          -2.343e+00               5.912           3.894e+01     
 164.000         225.000            3.674e-01          -2.873e+00             187.405          -2.424e+00               6.156           3.926e+01     
 163.000         225.000            2.969e-01          -2.931e+00             187.602          -2.506e+00               6.404           3.962e+01     
 162.000         225.000            2.239e-01          -2.993e+00             187.802          -2.589e+00               6.658           4.000e+01     
 161.000         225.000            1.487e-01          -3.058e+00             188.005          -2.674e+00               6.916           4.000e+01     
 160.000         225.000            7.102e-02          -3.127e+00             188.209          -2.759e+00               7.179           4.000e+01     
 159.000         225.000           -8.954e-03          -3.200e+00             188.416          -2.845e+00               7.448           4.000e+01     
 158.000         225.000           -9.124e-02          -3.277e+00             188.625          -2.933e+00               7.722           4.000e+01     
 157.000         225.000           -1.758e-01          -3.358e+00             188.836          -3.021e+00               8.001           4.000e+01     
 156.000         225.000           -2.627e-01          -3.442e+00             189.048          -3.110e+00               8.285           4.000e+01     
 155.000         225.000           -3.517e-01          -3.530e+00             189.262          -3.200e+00               8.574           4.000e+01     
 154.000         225.000           -4.430e-01          -3.622e+00             189.478          -3.291e+00               8.869           4.000e+01     
 153.000         225.000           -5.365e-01          -3.718e+00             189.695          -3.382e+00               9.169           4.000e+01     
 152.000         225.000           -6.321e-01          -3.818e+00             189.914          -3.474e+00               9.474           4.000e+01     
 151.000         225.000           -7.298e-01          -3.922e+00             190.134          -3.566e+00               9.784           4.000e+01     
 150.000         225.000           -8.296e-01          -4.029e+00             190.355          -3.658e+00              10.100           4.000e+01     
 149.000         225.000           -9.314e-01          -4.141e+00             190.577          -3.751e+00              10.420           4.000e+01     
 148.000         225.000           -1.035e+00          -4.256e+00             190.800          -3.844e+00              10.746           4.000e+01     
 147.000         225.000           -1.141e+00          -4.376e+00             191.023          -3.938e+00              11.076           4.000e+01     
 146.000         225.000           -1.249e+00          -4.500e+00             191.247          -4.031e+00              11.411           4.000e+01     
 145.000         225.000           -1.358e+00          -4.627e+00             191.472          -4.124e+00              11.752           4.000e+01     
 144.000         225.000           -1.469e+00          -4.759e+00             191.696          -4.217e+00              12.096           4.000e+01     
 143.000         225.000           -1.582e+00          -4.895e+00             191.921          -4.310e+00              12.445           4.000e+01     
 142.000         225.000           -1.697e+00          -5.036e+00             192.146          -4.402e+00              12.799           4.000e+01     
 141.000         225.000           -1.814e+00          -5.181e+00             192.371          -4.494e+00              13.156           4.000e+01     
 140.000         225.000           -1.932e+00          -5.330e+00             192.595          -4.586e+00              13.517           4.000e+01     
 139.000         225.000           -2.051e+00          -5.484e+00             192.819          -4.677e+00              13.882           4.000e+01     
 138.000         225.000           -2.172e+00          -5.642e+00             193.042          -4.767e+00              14.250           3.959e+01     
 137.000         225.000           -2.294e+00          -5.805e+00             193.265          -4.856e+00              14.622           3.858e+01     
 136.000         225.000           -2.418e+00          -5.973e+00             193.486          -4.944e+00              14.996           3.767e+01     
 135.000         225.000           -2.543e+00          -6.146e+00             193.707          -5.031e+00              15.372           3.682e+01     
 134.000         225.000           -2.668e+00          -6.324e+00             193.926          -5.117e+00              15.751           3.604e+01     
 133.000         225.000           -2.795e+00          -6.508e+00             194.144          -5.202e+00              16.131           3.532e+01     
 132.000         225.000           -2.923e+00          -6.696e+00             194.361          -5.285e+00              16.513           3.464e+01     
 131.000         225.000           -3.052e+00          -6.891e+00             194.575          -5.366e+00              16.895           3.401e+01     
 130.000         225.000           -3.181e+00          -7.091e+00             194.788          -5.446e+00              17.278           3.341e+01     
 129.000         225.000           -3.311e+00          -7.298e+00             194.999          -5.525e+00              17.661           3.286e+01     
 128.000         225.000           -3.442e+00          -7.511e+00             195.208          -5.601e+00              18.044           3.234e+01     
 127.000         225.000           -3.572e+00          -7.730e+00             195.415          -5.676e+00              18.425           3.185e+01     
 126.000         225.000           -3.703e+00          -7.957e+00             195.620          -5.748e+00              18.805           3.140e+01     
 125.000         225.000           -3.834e+00          -8.190e+00             195.822          -5.819e+00              19.183           3.097e+01     
 124.000         225.000           -3.965e+00          -8.432e+00             196.022          -5.887e+00              19.559           3.058e+01     
 123.000         225.000           -4.096e+00          -8.681e+00             196.220          -5.953e+00              19.931           3.021e+01     
 122.000         225.000           -4.226e+00          -8.939e+00             196.415          -6.016e+00              20.299           2.988e+01     
 121.000         225.000           -4.355e+00          -9.206e+00             196.608          -6.077e+00              20.663           2.957e+01     
 120.000         225.000           -4.484e+00          -9.482e+00             196.798          -6.135e+00              21.022           2.929e+01     
 119.000         225.000           -4.611e+00          -9.769e+00             196.985          -6.191e+00              21.376           2.905e+01     
 118.000         225.000           -4.737e+00          -1.007e+01             197.170          -6.244e+00              21.723           2.883e+01     
 117.000         225.000           -4.862e+00          -1.038e+01             197.353          -6.294e+00              22.064           2.864e+01     
 116.000         225.000           -4.984e+00          -1.070e+01             197.534          -6.341e+00              22.397           2.849e+01     
 115.000         225.000           -5.105e+00          -1.103e+01             197.712          -6.386e+00              22.722           2.837e+01     
 114.000         225.000           -5.223e+00          -1.138e+01             197.889          -6.427e+00              23.038           2.829e+01     
 113.000         225.000           -5.339e+00          -1.175e+01             198.065          -6.466e+00              23.345           2.825e+01     
 112.000         225.000           -5.451e+00          -1.213e+01             198.240          -6.501e+00              23.643           2.824e+01     
 111.000         225.000           -5.560e+00          -1.254e+01             198.415          -6.533e+00              23.930           2.828e+01     
 110.000         225.000           -5.666e+00          -1.296e+01             198.590          -6.562e+00              24.206           2.836e+01     
 109.000         225.000           -5.767e+00          -1.341e+01             198.766          -6.588e+00              24.470           2.850e+01     
 108.000         225.000           -5.864e+00          -1.388e+01             198.945          -6.611e+00              24.722           2.869e+01     
 107.000         225.000           -5.956e+00          -1.438e+01             199.128          -6.630e+00              24.962           2.894e+01     
 106.000         225.000           -6.043e+00          -1.491e+01             199.316          -6.646e+00              25.189           2.927e+01     
 105.000         225.000           -6.124e+00          -1.548e+01             199.514          -6.659e+00              25.402           2.966e+01     
 104.000         225.000           -6.200e+00          -1.610e+01             199.723          -6.669e+00              25.602           3.015e+01     
 103.000         225.000           -6.269e+00          -1.676e+01             199.947          -6.675e+00              25.787           3.074e+01     
 102.000         225.000           -6.332e+00          -1.748e+01             200.194          -6.678e+00              25.958           3.145e+01     
 101.000         225.000           -6.387e+00          -1.827e+01             200.471          -6.678e+00              26.113           3.232e+01     
 100.000         225.000           -6.436e+00          -1.914e+01             200.791          -6.675e+00              26.253           3.337e+01     
  99.000         225.000           -6.476e+00          -2.011e+01             201.170          -6.668e+00              26.378           3.467e+01     
  98.000         225.000           -6.509e+00          -2.121e+01             201.636          -6.658e+00              26.488           3.631e+01     
  97.000         225.000           -6.534e+00          -2.248e+01             202.234          -6.645e+00              26.581           3.846e+01     
  96.000         225.000           -6.550e+00          -2.396e+01             203.043          -6.629e+00              26.659           4.000e+01     
  95.000         225.000           -6.557e+00          -2.577e+01             204.214          -6.610e+00              26.721           4.000e+01     
  94.000         225.000           -6.556e+00          -2.804e+01             206.083          -6.587e+00              26.766           4.000e+01     
  93.000         225.000           -6.547e+00          -3.114e+01             209.561          -6.562e+00              26.796           4.000e+01     
  92.000         225.000           -6.528e+00          -3.587e+01             218.190          -6.533e+00              26.809           4.000e+01     
  91.000         225.000           -6.501e+00          -4.404e+01             260.010          -6.501e+00              26.806           3.947e+01     
  90.000         225.000           -6.465e+00          -3.933e+01             347.082          -6.467e+00              26.787           3.676e+01     
  89.000         225.000           -6.420e+00          -3.306e+01               3.523          -6.429e+00              26.753           3.472e+01     
  88.000         225.000           -6.366e+00          -2.929e+01               8.627          -6.389e+00              26.702           3.310e+01     
  87.000         225.000           -6.305e+00          -2.663e+01              11.048          -6.345e+00              26.637           3.177e+01     
  86.000         225.000           -6.235e+00          -2.458e+01              12.439          -6.299e+00              26.555           3.066e+01     
  85.000         225.000           -6.157e+00          -2.291e+01              13.327          -6.250e+00              26.459           2.971e+01     
  84.000         225.000           -6.072e+00          -2.150e+01              13.932          -6.198e+00              26.348           2.890e+01     
  83.000         225.000           -5.980e+00          -2.028e+01              14.359          -6.144e+00              26.223           2.820e+01     
  82.000         225.000           -5.881e+00          -1.921e+01              14.668          -6.087e+00              26.083           2.759e+01     
  81.000         225.000           -5.775e+00          -1.825e+01              14.892          -6.028e+00              25.929           2.707e+01     
  80.000         225.000           -5.663e+00          -1.738e+01              15.055          -5.966e+00              25.762           2.662e+01     
  79.000         225.000           -5.545e+00          -1.658e+01              15.170          -5.901e+00              25.583           2.623e+01     
  78.000         225.000           -5.422e+00          -1.585e+01              15.246          -5.835e+00              25.390           2.590e+01     
  77.000         225.000           -5.294e+00          -1.517e+01              15.292          -5.766e+00              25.185           2.562e+01     
  76.000         225.000           -5.161e+00          -1.453e+01              15.312          -5.694e+00              24.968           2.539e+01     
  75.000         225.000           -5.024e+00          -1.394e+01              15.310          -5.621e+00              24.739           2.520e+01     
  74.000         225.000           -4.884e+00          -1.338e+01              15.290          -5.545e+00              24.500           2.505e+01     
  73.000         225.000           -4.739e+00          -1.285e+01              15.254          -5.468e+00              24.250           2.493e+01     
  72.000         225.000           -4.592e+00          -1.235e+01              15.204          -5.388e+00              23.990           2.485e+01     
  71.000         225.000           -4.442e+00          -1.188e+01              15.141          -5.307e+00              23.721           2.480e+01     
  70.000         225.000           -4.290e+00          -1.142e+01              15.066          -5.223e+00              23.443           2.477e+01     
  69.000         225.000           -4.135e+00          -1.099e+01              14.981          -5.138e+00              23.156           2.477e+01     
  68.000         225.000           -3.979e+00          -1.058e+01              14.887          -5.051e+00              22.860           2.480e+01     
  67.000         225.000           -3.821e+00          -1.018e+01              14.784          -4.963e+00              22.558           2.485e+01     
  66.000         225.000           -3.662e+00          -9.799e+00              14.673          -4.873e+00              22.248           2.492e+01     
  65.000         225.000           -3.502e+00          -9.432e+00              14.555          -4.782e+00              21.931           2.501e+01     
  64.000         225.000           -3.341e+00          -9.079e+00              14.430          -4.689e+00              21.608           2.512e+01     
  63.000         225.000           -3.180e+00          -8.738e+00              14.299          -4.595e+00              21.279           2.525e+01     
  62.000         225.000           -3.019e+00          -8.409e+00              14.161          -4.500e+00              20.945           2.540e+01     
  61.000         225.000           -2.857e+00          -8.092e+00              14.019          -4.404e+00              20.606           2.556e+01     
  60.000         225.000           -2.696e+00          -7.784e+00              13.871          -4.306e+00              20.263           2.574e+01     
  59.000         225.000           -2.534e+00          -7.486e+00              13.718          -4.208e+00              19.915           2.594e+01     
  58.000         225.000           -2.374e+00          -7.198e+00              13.561          -4.109e+00              19.564           2.615e+01     
  57.000         225.000           -2.214e+00          -6.918e+00              13.399          -4.008e+00              19.210           2.637e+01     
  56.000         225.000           -2.055e+00          -6.647e+00              13.234          -3.908e+00              18.853           2.661e+01     
  55.000         225.000           -1.896e+00          -6.384e+00              13.065          -3.806e+00              18.493           2.686e+01     
  54.000         225.000           -1.739e+00          -6.129e+00              12.893          -3.704e+00              18.131           2.713e+01     
  53.000         225.000           -1.583e+00          -5.880e+00              12.717          -3.602e+00              17.768           2.741e+01     
  52.000         225.000           -1.428e+00          -5.639e+00              12.539          -3.499e+00              17.403           2.770e+01     
  51.000         225.000           -1.275e+00          -5.405e+00              12.358          -3.396e+00              17.037           2.801e+01     
  50.000         225.000           -1.123e+00          -5.177e+00              12.174          -3.292e+00              16.670           2.833e+01     
  49.000         225.000           -9.727e-01          -4.956e+00              11.988          -3.189e+00              16.303           2.866e+01     
  48.000         225.000           -8.240e-01          -4.741e+00              11.800          -3.085e+00              15.935           2.901e+01     
  47.000         225.000           -6.772e-01          -4.531e+00              11.610          -2.981e+00              15.568           2.937e+01     
  46.000         225.000           -5.321e-01          -4.328e+00              11.418          -2.878e+00              15.201           2.974e+01     
  45.000         225.000           -3.890e-01          -4.130e+00              11.224          -2.774e+00              14.834           3.014e+01     
  44.000         225.000           -2.479e-01          -3.938e+00              11.029          -2.671e+00              14.469           3.054e+01     
  43.000         225.000           -1.088e-01          -3.751e+00              10.833          -2.568e+00              14.104           3.097e+01     
  42.000         225.000            2.822e-02          -3.569e+00              10.636          -2.465e+00              13.741           3.141e+01     
  41.000         225.000            1.631e-01          -3.392e+00              10.438          -2.363e+00              13.379           3.187e+01     
  40.000         225.000            2.957e-01          -3.221e+00              10.238          -2.261e+00              13.019           3.235e+01     
  39.000         225.000            4.260e-01          -3.054e+00              10.038          -2.160e+00              12.660           3.286e+01     
  38.000         225.000            5.541e-01          -2.893e+00               9.838          -2.060e+00              12.303           3.338e+01     
  37.000         225.000            6.797e-01          -2.736e+00               9.637          -1.960e+00              11.949           3.394e+01     
  36.000         225.000            8.030e-01          -2.584e+00               9.436          -1.861e+00              11.597           3.452e+01     
  35.000         225.000            9.238e-01          -2.436e+00               9.234          -1.763e+00              11.247           3.513e+01     
  34.000         225.000            1.042e+00          -2.293e+00               9.033          -1.666e+00              10.900           3.578e+01     
  33.000         225.000            1.158e+00          -2.155e+00               8.831          -1.569e+00              10.555           3.647e+01     
  32.000         225.000            1.271e+00          -2.021e+00               8.630          -1.474e+00              10.213           3.721e+01     
  31.000         225.000            1.382e+00          -1.892e+00               8.428          -1.380e+00               9.873           3.800e+01     
  30.000         225.000            1.490e+00          -1.767e+00               8.228          -1.287e+00               9.537           3.885e+01     
  29.000         225.000            1.595e+00          -1.647e+00               8.027          -1.195e+00               9.204           3.978e+01     
  28.000         225.000            1.698e+00          -1.531e+00               7.827          -1.104e+00               8.873           4.000e+01     
  27.000         225.000            1.798e+00          -1.419e+00               7.628          -1.015e+00               8.546           4.000e+01     
  26.000         225.000            1.896e+00          -1.311e+00               7.429          -9.265e-01               8.222           4.000e+01     
  25.000         225.000            1.990e+00          -1.208e+00               7.231          -8.397e-01               7.901           4.000e+01     
  24.000         225.000            2.082e+00          -1.109e+00               7.034          -7.544e-01               7.583           4.000e+01     
  23.000         225.000            2.171e+00          -1.014e+00               6.838          -6.705e-01               7.269           4.000e+01     
  22.000         225.000            2.258e+00          -9.238e-01               6.643          -5.881e-01               6.958           4.000e+01     
  21.000         225.000            2.341e+00          -8.375e-01               6.449          -5.072e-01               6.650           4.000e+01     
  20.000         225.000            2.422e+00          -7.553e-01               6.256          -4.279e-01               6.346           4.000e+01     
  19.000         225.000            2.500e+00          -6.773e-01               6.065          -3.501e-01               6.045           4.000e+01     
  18.000         225.000            2.575e+00          -6.034e-01               5.874          -2.740e-01               5.747           4.000e+01     
  17.000         225.000            2.647e+00          -5.336e-01               5.685          -1.996e-01               5.453           4.000e+01     
  16.000         225.000            2.716e+00          -4.679e-01               5.498          -1.269e-01               5.163           4.000e+01     
  15.000         225.000            2.783e+00          -4.063e-01               5.311          -5.587e-02               4.875           4.000e+01     
  14.000         225.000            2.846e+00          -3.488e-01               5.127           1.340e-02               4.592           4.000e+01     
  13.000         225.000            2.907e+00          -2.954e-01               4.943           8.090e-02               4.311           4.000e+01     
  12.000         225.000            2.965e+00          -2.460e-01               4.762           1.466e-01               4.035           4.000e+01     
  11.000         225.000            3.020e+00          -2.007e-01               4.582           2.105e-01               3.761           4.000e+01     
  10.000         225.000            3.072e+00          -1.595e-01               4.404           2.726e-01               3.491           4.000e+01     
   9.000         225.000            3.122e+00          -1.222e-01               4.227           3.328e-01               3.225           4.000e+01     
   8.000         225.000            3.168e+00          -8.902e-02               4.053           3.912e-01               2.962           4.000e+01     
   7.000         225.000            3.212e+00          -5.982e-02               3.880           4.477e-01               2.702           3.978e+01     
   6.000         225.000            3.252e+00          -3.463e-02               3.709           5.023e-01               2.446           3.917e+01     
   5.000         225.000            3.290e+00          -1.344e-02               3.540           5.550e-01               2.193           3.862e+01     
   4.000         225.000            3.326e+00           3.755e-03               3.372           6.058e-01               1.944           3.811e+01     
   3.000         225.000            3.358e+00           1.697e-02               3.207           6.547e-01               1.698           3.763e+01     
   2.000         225.000            3.387e+00           2.622e-02               3.044           7.017e-01               1.456           3.719e+01     
   1.000         225.000            3.414e+00           3.150e-02               2.883           7.468e-01               1.216           3.678e+01     
