Theta [deg.]  Phi   [deg.]  Abs(Dir.)[dBi   ]   Abs(Theta)[dBi   ]  Phase(Theta)[deg.]  Abs(Phi  )[dBi   ]  Phase(Phi  )[deg.]  Ax.Ratio[dB    ]    
------------------------------------------------------------------------------------------------------------------------------------------------------
   0.000         135.000           -3.764e+00          -7.065e+00             210.609          -6.501e+00              10.852           1.520e+01     
   1.000         135.000           -3.515e+00          -6.732e+00             212.355          -6.329e+00              12.932           1.534e+01     
   2.000         135.000           -3.263e+00          -6.407e+00             213.972          -6.145e+00              14.919           1.551e+01     
   3.000         135.000           -3.009e+00          -6.090e+00             215.469          -5.951e+00              16.811           1.569e+01     
   4.000         135.000           -2.755e+00          -5.783e+00             216.857          -5.748e+00              18.607           1.588e+01     
   5.000         135.000           -2.502e+00          -5.485e+00             218.146          -5.539e+00              20.307           1.609e+01     
   6.000         135.000           -2.251e+00          -5.198e+00             219.344          -5.325e+00              21.911           1.629e+01     
   7.000         135.000           -2.003e+00          -4.921e+00             220.459          -5.106e+00              23.422           1.649e+01     
   8.000         135.000           -1.758e+00          -4.655e+00             221.498          -4.885e+00              24.842           1.669e+01     
   9.000         135.000           -1.518e+00          -4.399e+00             222.469          -4.662e+00              26.175           1.689e+01     
  10.000         135.000           -1.283e+00          -4.154e+00             223.376          -4.437e+00              27.425           1.708e+01     
  11.000         135.000           -1.053e+00          -3.919e+00             224.227          -4.213e+00              28.594           1.725e+01     
  12.000         135.000           -8.289e-01          -3.695e+00             225.024          -3.989e+00              29.687           1.742e+01     
  13.000         135.000           -6.105e-01          -3.480e+00             225.774          -3.766e+00              30.707           1.758e+01     
  14.000         135.000           -3.981e-01          -3.276e+00             226.480          -3.545e+00              31.660           1.772e+01     
  15.000         135.000           -1.919e-01          -3.082e+00             227.145          -3.325e+00              32.548           1.785e+01     
  16.000         135.000            8.201e-03          -2.898e+00             227.773          -3.108e+00              33.375           1.797e+01     
  17.000         135.000            2.020e-01          -2.724e+00             228.368          -2.894e+00              34.145           1.808e+01     
  18.000         135.000            3.896e-01          -2.559e+00             228.931          -2.683e+00              34.862           1.818e+01     
  19.000         135.000            5.710e-01          -2.403e+00             229.465          -2.475e+00              35.529           1.826e+01     
  20.000         135.000            7.463e-01          -2.257e+00             229.973          -2.271e+00              36.149           1.833e+01     
  21.000         135.000            9.154e-01          -2.120e+00             230.457          -2.070e+00              36.725           1.839e+01     
  22.000         135.000            1.079e+00          -1.992e+00             230.918          -1.872e+00              37.260           1.843e+01     
  23.000         135.000            1.236e+00          -1.873e+00             231.359          -1.678e+00              37.757           1.847e+01     
  24.000         135.000            1.387e+00          -1.763e+00             231.781          -1.488e+00              38.218           1.850e+01     
  25.000         135.000            1.533e+00          -1.661e+00             232.185          -1.302e+00              38.646           1.852e+01     
  26.000         135.000            1.673e+00          -1.568e+00             232.574          -1.119e+00              39.043           1.853e+01     
  27.000         135.000            1.807e+00          -1.483e+00             232.947          -9.401e-01              39.411           1.853e+01     
  28.000         135.000            1.936e+00          -1.407e+00             233.308          -7.649e-01              39.752           1.852e+01     
  29.000         135.000            2.060e+00          -1.338e+00             233.655          -5.935e-01              40.067           1.851e+01     
  30.000         135.000            2.179e+00          -1.279e+00             233.991          -4.257e-01              40.360           1.849e+01     
  31.000         135.000            2.293e+00          -1.227e+00             234.317          -2.616e-01              40.630           1.847e+01     
  32.000         135.000            2.402e+00          -1.183e+00             234.633          -1.011e-01              40.880           1.844e+01     
  33.000         135.000            2.506e+00          -1.147e+00             234.941           5.573e-02              41.112           1.841e+01     
  34.000         135.000            2.606e+00          -1.119e+00             235.241           2.091e-01              41.326           1.837e+01     
  35.000         135.000            2.701e+00          -1.100e+00             235.533           3.589e-01              41.524           1.834e+01     
  36.000         135.000            2.792e+00          -1.088e+00             235.819           5.053e-01              41.706           1.830e+01     
  37.000         135.000            2.878e+00          -1.084e+00             236.100           6.483e-01              41.875           1.825e+01     
  38.000         135.000            2.961e+00          -1.088e+00             236.375           7.880e-01              42.031           1.821e+01     
  39.000         135.000            3.040e+00          -1.100e+00             236.646           9.243e-01              42.175           1.817e+01     
  40.000         135.000            3.114e+00          -1.119e+00             236.913           1.057e+00              42.308           1.812e+01     
  41.000         135.000            3.186e+00          -1.147e+00             237.177           1.187e+00              42.431           1.808e+01     
  42.000         135.000            3.253e+00          -1.183e+00             237.438           1.314e+00              42.545           1.804e+01     
  43.000         135.000            3.317e+00          -1.227e+00             237.697           1.438e+00              42.649           1.800e+01     
  44.000         135.000            3.378e+00          -1.279e+00             237.954           1.559e+00              42.746           1.796e+01     
  45.000         135.000            3.436e+00          -1.339e+00             238.211           1.677e+00              42.836           1.793e+01     
  46.000         135.000            3.491e+00          -1.407e+00             238.467           1.791e+00              42.919           1.789e+01     
  47.000         135.000            3.542e+00          -1.484e+00             238.723           1.903e+00              42.996           1.786e+01     
  48.000         135.000            3.591e+00          -1.569e+00             238.980           2.013e+00              43.067           1.784e+01     
  49.000         135.000            3.638e+00          -1.663e+00             239.239           2.119e+00              43.134           1.782e+01     
  50.000         135.000            3.681e+00          -1.766e+00             239.499           2.223e+00              43.196           1.780e+01     
  51.000         135.000            3.723e+00          -1.878e+00             239.762           2.324e+00              43.254           1.779e+01     
  52.000         135.000            3.762e+00          -2.000e+00             240.028           2.422e+00              43.308           1.778e+01     
  53.000         135.000            3.799e+00          -2.130e+00             240.298           2.518e+00              43.359           1.778e+01     
  54.000         135.000            3.833e+00          -2.271e+00             240.572           2.611e+00              43.408           1.778e+01     
  55.000         135.000            3.866e+00          -2.421e+00             240.853           2.702e+00              43.453           1.779e+01     
  56.000         135.000            3.897e+00          -2.582e+00             241.139           2.791e+00              43.497           1.781e+01     
  57.000         135.000            3.927e+00          -2.753e+00             241.433           2.876e+00              43.539           1.784e+01     
  58.000         135.000            3.954e+00          -2.936e+00             241.735           2.960e+00              43.579           1.787e+01     
  59.000         135.000            3.981e+00          -3.130e+00             242.047           3.041e+00              43.617           1.791e+01     
  60.000         135.000            4.006e+00          -3.336e+00             242.369           3.120e+00              43.655           1.796e+01     
  61.000         135.000            4.029e+00          -3.555e+00             242.704           3.197e+00              43.692           1.802e+01     
  62.000         135.000            4.052e+00          -3.788e+00             243.053           3.271e+00              43.729           1.809e+01     
  63.000         135.000            4.073e+00          -4.034e+00             243.417           3.344e+00              43.764           1.817e+01     
  64.000         135.000            4.094e+00          -4.295e+00             243.798           3.414e+00              43.800           1.826e+01     
  65.000         135.000            4.113e+00          -4.571e+00             244.200           3.482e+00              43.836           1.836e+01     
  66.000         135.000            4.132e+00          -4.864e+00             244.625           3.548e+00              43.872           1.847e+01     
  67.000         135.000            4.151e+00          -5.175e+00             245.077           3.611e+00              43.908           1.859e+01     
  68.000         135.000            4.169e+00          -5.505e+00             245.558           3.673e+00              43.945           1.873e+01     
  69.000         135.000            4.186e+00          -5.856e+00             246.074           3.733e+00              43.982           1.888e+01     
  70.000         135.000            4.203e+00          -6.228e+00             246.630           3.791e+00              44.020           1.904e+01     
  71.000         135.000            4.220e+00          -6.625e+00             247.232           3.847e+00              44.059           1.922e+01     
  72.000         135.000            4.236e+00          -7.048e+00             247.889           3.901e+00              44.099           1.941e+01     
  73.000         135.000            4.253e+00          -7.500e+00             248.611           3.953e+00              44.140           1.961e+01     
  74.000         135.000            4.269e+00          -7.984e+00             249.410           4.003e+00              44.182           1.984e+01     
  75.000         135.000            4.286e+00          -8.503e+00             250.302           4.051e+00              44.225           2.008e+01     
  76.000         135.000            4.302e+00          -9.062e+00             251.306           4.097e+00              44.269           2.034e+01     
  77.000         135.000            4.319e+00          -9.665e+00             252.448           4.142e+00              44.315           2.062e+01     
  78.000         135.000            4.336e+00          -1.032e+01             253.762           4.185e+00              44.363           2.092e+01     
  79.000         135.000            4.353e+00          -1.103e+01             255.294           4.226e+00              44.411           2.124e+01     
  80.000         135.000            4.371e+00          -1.180e+01             257.108           4.265e+00              44.462           2.158e+01     
  81.000         135.000            4.389e+00          -1.266e+01             259.291           4.303e+00              44.514           2.195e+01     
  82.000         135.000            4.408e+00          -1.359e+01             261.969           4.338e+00              44.567           2.235e+01     
  83.000         135.000            4.427e+00          -1.463e+01             265.330           4.372e+00              44.623           2.278e+01     
  84.000         135.000            4.446e+00          -1.578e+01             269.652           4.405e+00              44.679           2.324e+01     
  85.000         135.000            4.466e+00          -1.704e+01             275.363           4.435e+00              44.738           2.374e+01     
  86.000         135.000            4.487e+00          -1.839e+01             283.098           4.464e+00              44.799           2.427e+01     
  87.000         135.000            4.508e+00          -1.975e+01             293.716           4.491e+00              44.861           2.485e+01     
  88.000         135.000            4.529e+00          -2.090e+01             307.993           4.517e+00              44.925           2.548e+01     
  89.000         135.000            4.552e+00          -2.148e+01             325.561           4.541e+00              44.991           2.617e+01     
  90.000         135.000            4.575e+00          -2.120e+01             343.855           4.563e+00              45.059           2.692e+01     
  91.000         135.000            4.598e+00          -2.021e+01             359.667           4.584e+00              45.128           2.775e+01     
  92.000         135.000            4.622e+00          -1.887e+01              11.746           4.603e+00              45.200           2.867e+01     
  93.000         135.000            4.647e+00          -1.746e+01              20.568           4.620e+00              45.273           2.970e+01     
  94.000         135.000            4.672e+00          -1.612e+01              27.027           4.636e+00              45.348           3.087e+01     
  95.000         135.000            4.698e+00          -1.489e+01              31.860           4.649e+00              45.425           3.222e+01     
  96.000         135.000            4.724e+00          -1.377e+01              35.574           4.662e+00              45.504           3.382e+01     
  97.000         135.000            4.750e+00          -1.275e+01              38.501           4.672e+00              45.584           3.576e+01     
  98.000         135.000            4.777e+00          -1.183e+01              40.863           4.682e+00              45.667           3.824e+01     
  99.000         135.000            4.805e+00          -1.099e+01              42.807           4.689e+00              45.751           4.000e+01     
 100.000         135.000            4.833e+00          -1.021e+01              44.436           4.695e+00              45.837           4.000e+01     
 101.000         135.000            4.861e+00          -9.498e+00              45.821           4.699e+00              45.925           4.000e+01     
 102.000         135.000            4.889e+00          -8.837e+00              47.015           4.701e+00              46.014           4.000e+01     
 103.000         135.000            4.918e+00          -8.222e+00              48.057           4.702e+00              46.106           4.000e+01     
 104.000         135.000            4.947e+00          -7.649e+00              48.975           4.701e+00              46.199           3.914e+01     
 105.000         135.000            4.975e+00          -7.113e+00              49.792           4.698e+00              46.294           3.666e+01     
 106.000         135.000            5.004e+00          -6.609e+00              50.523           4.694e+00              46.390           3.477e+01     
 107.000         135.000            5.033e+00          -6.135e+00              51.184           4.688e+00              46.489           3.325e+01     
 108.000         135.000            5.062e+00          -5.689e+00              51.785           4.680e+00              46.589           3.199e+01     
 109.000         135.000            5.090e+00          -5.267e+00              52.334           4.670e+00              46.690           3.091e+01     
 110.000         135.000            5.118e+00          -4.867e+00              52.839           4.659e+00              46.793           2.999e+01     
 111.000         135.000            5.146e+00          -4.488e+00              53.305           4.646e+00              46.898           2.917e+01     
 112.000         135.000            5.174e+00          -4.129e+00              53.738           4.631e+00              47.004           2.845e+01     
 113.000         135.000            5.201e+00          -3.787e+00              54.140           4.615e+00              47.112           2.781e+01     
 114.000         135.000            5.227e+00          -3.463e+00              54.517           4.596e+00              47.221           2.723e+01     
 115.000         135.000            5.253e+00          -3.153e+00              54.870           4.576e+00              47.331           2.671e+01     
 116.000         135.000            5.278e+00          -2.858e+00              55.202           4.554e+00              47.443           2.623e+01     
 117.000         135.000            5.302e+00          -2.578e+00              55.515           4.530e+00              47.557           2.580e+01     
 118.000         135.000            5.326e+00          -2.310e+00              55.811           4.504e+00              47.671           2.541e+01     
 119.000         135.000            5.348e+00          -2.054e+00              56.092           4.476e+00              47.787           2.505e+01     
 120.000         135.000            5.369e+00          -1.810e+00              56.359           4.446e+00              47.904           2.473e+01     
 121.000         135.000            5.389e+00          -1.578e+00              56.612           4.415e+00              48.022           2.443e+01     
 122.000         135.000            5.408e+00          -1.356e+00              56.854           4.381e+00              48.141           2.415e+01     
 123.000         135.000            5.426e+00          -1.144e+00              57.086           4.345e+00              48.261           2.390e+01     
 124.000         135.000            5.442e+00          -9.418e-01              57.307           4.308e+00              48.382           2.367e+01     
 125.000         135.000            5.457e+00          -7.493e-01              57.518           4.268e+00              48.505           2.346e+01     
 126.000         135.000            5.470e+00          -5.659e-01              57.721           4.226e+00              48.627           2.326e+01     
 127.000         135.000            5.482e+00          -3.914e-01              57.916           4.182e+00              48.751           2.309e+01     
 128.000         135.000            5.492e+00          -2.253e-01              58.104           4.136e+00              48.875           2.293e+01     
 129.000         135.000            5.500e+00          -6.761e-02              58.284           4.088e+00              49.000           2.278e+01     
 130.000         135.000            5.506e+00           8.206e-02              58.457           4.038e+00              49.125           2.265e+01     
 131.000         135.000            5.510e+00           2.239e-01              58.624           3.985e+00              49.251           2.253e+01     
 132.000         135.000            5.512e+00           3.580e-01              58.785           3.930e+00              49.377           2.242e+01     
 133.000         135.000            5.512e+00           4.847e-01              58.940           3.873e+00              49.503           2.232e+01     
 134.000         135.000            5.509e+00           6.040e-01              59.090           3.814e+00              49.629           2.223e+01     
 135.000         135.000            5.505e+00           7.161e-01              59.234           3.752e+00              49.755           2.216e+01     
 136.000         135.000            5.497e+00           8.212e-01              59.373           3.688e+00              49.881           2.209e+01     
 137.000         135.000            5.488e+00           9.193e-01              59.507           3.622e+00              50.007           2.203e+01     
 138.000         135.000            5.475e+00           1.011e+00              59.636           3.553e+00              50.132           2.198e+01     
 139.000         135.000            5.460e+00           1.095e+00              59.761           3.481e+00              50.256           2.193e+01     
 140.000         135.000            5.443e+00           1.173e+00              59.881           3.407e+00              50.380           2.190e+01     
 141.000         135.000            5.422e+00           1.244e+00              59.997           3.331e+00              50.502           2.187e+01     
 142.000         135.000            5.398e+00           1.309e+00              60.108           3.252e+00              50.624           2.184e+01     
 143.000         135.000            5.372e+00           1.367e+00              60.216           3.170e+00              50.744           2.182e+01     
 144.000         135.000            5.342e+00           1.418e+00              60.319           3.086e+00              50.862           2.181e+01     
 145.000         135.000            5.309e+00           1.464e+00              60.417           2.999e+00              50.979           2.180e+01     
 146.000         135.000            5.273e+00           1.503e+00              60.512           2.909e+00              51.094           2.180e+01     
 147.000         135.000            5.233e+00           1.535e+00              60.603           2.817e+00              51.206           2.180e+01     
 148.000         135.000            5.190e+00           1.562e+00              60.689           2.722e+00              51.316           2.180e+01     
 149.000         135.000            5.144e+00           1.581e+00              60.772           2.623e+00              51.422           2.181e+01     
 150.000         135.000            5.094e+00           1.595e+00              60.850           2.522e+00              51.526           2.182e+01     
 151.000         135.000            5.040e+00           1.602e+00              60.925           2.418e+00              51.626           2.183e+01     
 152.000         135.000            4.982e+00           1.603e+00              60.995           2.312e+00              51.722           2.185e+01     
 153.000         135.000            4.921e+00           1.598e+00              61.061           2.202e+00              51.814           2.187e+01     
 154.000         135.000            4.855e+00           1.586e+00              61.122           2.089e+00              51.901           2.188e+01     
 155.000         135.000            4.785e+00           1.568e+00              61.180           1.972e+00              51.983           2.190e+01     
 156.000         135.000            4.712e+00           1.544e+00              61.233           1.853e+00              52.060           2.192e+01     
 157.000         135.000            4.634e+00           1.513e+00              61.282           1.731e+00              52.130           2.194e+01     
 158.000         135.000            4.551e+00           1.476e+00              61.326           1.605e+00              52.194           2.195e+01     
 159.000         135.000            4.464e+00           1.432e+00              61.365           1.476e+00              52.250           2.197e+01     
 160.000         135.000            4.373e+00           1.382e+00              61.400           1.343e+00              52.299           2.198e+01     
 161.000         135.000            4.277e+00           1.325e+00              61.429           1.207e+00              52.340           2.199e+01     
 162.000         135.000            4.176e+00           1.262e+00              61.454           1.068e+00              52.371           2.200e+01     
 163.000         135.000            4.071e+00           1.191e+00              61.473           9.252e-01              52.393           2.201e+01     
 164.000         135.000            3.960e+00           1.114e+00              61.487           7.787e-01              52.404           2.201e+01     
 165.000         135.000            3.845e+00           1.031e+00              61.495           6.286e-01              52.403           2.200e+01     
 166.000         135.000            3.724e+00           9.399e-01              61.498           4.747e-01              52.391           2.199e+01     
 167.000         135.000            3.598e+00           8.421e-01              61.494           3.171e-01              52.365           2.197e+01     
 168.000         135.000            3.466e+00           7.373e-01              61.484           1.556e-01              52.324           2.195e+01     
 169.000         135.000            3.330e+00           6.252e-01              61.468          -9.774e-03              52.269           2.191e+01     
 170.000         135.000            3.187e+00           5.058e-01              61.445          -1.791e-01              52.196           2.187e+01     
 171.000         135.000            3.039e+00           3.790e-01              61.414          -3.524e-01              52.106           2.182e+01     
 172.000         135.000            2.885e+00           2.447e-01              61.376          -5.299e-01              51.997           2.176e+01     
 173.000         135.000            2.725e+00           1.027e-01              61.330          -7.114e-01              51.868           2.168e+01     
 174.000         135.000            2.559e+00          -4.704e-02              61.276          -8.972e-01              51.716           2.160e+01     
 175.000         135.000            2.387e+00          -2.048e-01              61.213          -1.087e+00              51.540           2.150e+01     
 176.000         135.000            2.208e+00          -3.706e-01              61.141          -1.282e+00              51.339           2.138e+01     
 177.000         135.000            2.023e+00          -5.447e-01              61.059          -1.480e+00              51.110           2.126e+01     
 178.000         135.000            1.831e+00          -7.273e-01              60.966          -1.683e+00              50.852           2.112e+01     
 179.000         135.000            1.633e+00          -9.184e-01              60.863          -1.891e+00              50.562           2.096e+01     
 180.000         135.000            1.427e+00          -1.118e+00              60.748          -2.103e+00              50.238           2.078e+01     
 179.000         315.000            1.215e+00          -1.327e+00             240.622          -2.320e+00             229.878           2.059e+01     
 178.000         315.000            9.955e-01          -1.546e+00             240.482          -2.541e+00             229.478           2.038e+01     
 177.000         315.000            7.687e-01          -1.774e+00             240.328          -2.766e+00             229.035           2.016e+01     
 176.000         315.000            5.344e-01          -2.011e+00             240.158          -2.996e+00             228.547           1.991e+01     
 175.000         315.000            2.925e-01          -2.259e+00             239.973          -3.231e+00             228.009           1.965e+01     
 174.000         315.000            4.301e-02          -2.517e+00             239.770          -3.469e+00             227.419           1.937e+01     
 173.000         315.000           -2.143e-01          -2.786e+00             239.548          -3.712e+00             226.772           1.907e+01     
 172.000         315.000           -4.795e-01          -3.066e+00             239.306          -3.959e+00             226.064           1.875e+01     
 171.000         315.000           -7.526e-01          -3.358e+00             239.043          -4.210e+00             225.292           1.842e+01     
 170.000         315.000           -1.034e+00          -3.661e+00             238.756          -4.464e+00             224.449           1.806e+01     
 169.000         315.000           -1.323e+00          -3.977e+00             238.443          -4.722e+00             223.531           1.770e+01     
 168.000         315.000           -1.620e+00          -4.305e+00             238.102          -4.982e+00             222.532           1.731e+01     
 167.000         315.000           -1.925e+00          -4.647e+00             237.731          -5.244e+00             221.449           1.691e+01     
 166.000         315.000           -2.238e+00          -5.003e+00             237.326          -5.508e+00             220.273           1.650e+01     
 165.000         315.000           -2.558e+00          -5.373e+00             236.884          -5.773e+00             219.001           1.607e+01     
 164.000         315.000           -2.885e+00          -5.758e+00             236.401          -6.037e+00             217.626           1.564e+01     
 163.000         315.000           -3.219e+00          -6.160e+00             235.872          -6.301e+00             216.143           1.520e+01     
 162.000         315.000           -3.559e+00          -6.578e+00             235.293          -6.562e+00             214.547           1.475e+01     
 161.000         315.000           -3.905e+00          -7.013e+00             234.658          -6.819e+00             212.832           1.430e+01     
 160.000         315.000           -4.254e+00          -7.468e+00             233.960          -7.070e+00             210.995           1.385e+01     
 159.000         315.000           -4.606e+00          -7.941e+00             233.190          -7.314e+00             209.033           1.342e+01     
 158.000         315.000           -4.959e+00          -8.436e+00             232.340          -7.549e+00             206.944           1.299e+01     
 157.000         315.000           -5.312e+00          -8.952e+00             231.397          -7.772e+00             204.729           1.259e+01     
 156.000         315.000           -5.660e+00          -9.491e+00             230.349          -7.981e+00             202.390           1.223e+01     
 155.000         315.000           -6.003e+00          -1.005e+01             229.180          -8.173e+00             199.931           1.190e+01     
 154.000         315.000           -6.335e+00          -1.064e+01             227.871          -8.347e+00             197.360           1.163e+01     
 153.000         315.000           -6.654e+00          -1.126e+01             226.399          -8.500e+00             194.688           1.144e+01     
 152.000         315.000           -6.955e+00          -1.191e+01             224.735          -8.629e+00             191.929           1.133e+01     
 151.000         315.000           -7.234e+00          -1.258e+01             222.846          -8.733e+00             189.097           1.134e+01     
 150.000         315.000           -7.485e+00          -1.329e+01             220.689          -8.810e+00             186.213           1.147e+01     
 149.000         315.000           -7.705e+00          -1.402e+01             218.214          -8.860e+00             183.297           1.176e+01     
 148.000         315.000           -7.889e+00          -1.479e+01             215.359          -8.881e+00             180.369           1.221e+01     
 147.000         315.000           -8.034e+00          -1.558e+01             212.049          -8.875e+00             177.453           1.286e+01     
 146.000         315.000           -8.138e+00          -1.639e+01             208.197          -8.841e+00             174.569           1.373e+01     
 145.000         315.000           -8.199e+00          -1.722e+01             203.703          -8.780e+00             171.738           1.484e+01     
 144.000         315.000           -8.218e+00          -1.804e+01             198.465          -8.696e+00             168.976           1.625e+01     
 143.000         315.000           -8.195e+00          -1.882e+01             192.395          -8.589e+00             166.300           1.802e+01     
 142.000         315.000           -8.135e+00          -1.954e+01             185.446          -8.461e+00             163.722           2.029e+01     
 141.000         315.000           -8.041e+00          -2.016e+01             177.659          -8.316e+00             161.251           2.333e+01     
 140.000         315.000           -7.916e+00          -2.062e+01             169.202          -8.155e+00             158.894           2.787e+01     
 139.000         315.000           -7.765e+00          -2.089e+01             160.379          -7.982e+00             156.655           3.709e+01     
 138.000         315.000           -7.593e+00          -2.097e+01             151.584          -7.797e+00             154.534           3.935e+01     
 137.000         315.000           -7.405e+00          -2.087e+01             143.201          -7.605e+00             152.533           2.946e+01     
 136.000         315.000           -7.203e+00          -2.062e+01             135.511          -7.405e+00             150.648           2.526e+01     
 135.000         315.000           -6.992e+00          -2.028e+01             128.657          -7.201e+00             148.877           2.268e+01     
 134.000         315.000           -6.775e+00          -1.987e+01             122.662          -6.994e+00             147.215           2.087e+01     
 133.000         315.000           -6.555e+00          -1.945e+01             117.468          -6.784e+00             145.658           1.954e+01     
 132.000         315.000           -6.334e+00          -1.902e+01             112.982          -6.574e+00             144.200           1.851e+01     
 131.000         315.000           -6.113e+00          -1.860e+01             109.100          -6.365e+00             142.835           1.771e+01     
 130.000         315.000           -5.894e+00          -1.822e+01             105.726          -6.157e+00             141.560           1.707e+01     
 129.000         315.000           -5.679e+00          -1.786e+01             102.772          -5.950e+00             140.366           1.655e+01     
 128.000         315.000           -5.468e+00          -1.753e+01             100.165          -5.746e+00             139.251           1.614e+01     
 127.000         315.000           -5.261e+00          -1.724e+01              97.845          -5.546e+00             138.207           1.581e+01     
 126.000         315.000           -5.060e+00          -1.698e+01              95.761          -5.348e+00             137.231           1.555e+01     
 125.000         315.000           -4.865e+00          -1.676e+01              93.872          -5.155e+00             136.317           1.535e+01     
 124.000         315.000           -4.675e+00          -1.657e+01              92.142          -4.965e+00             135.462           1.520e+01     
 123.000         315.000           -4.492e+00          -1.642e+01              90.543          -4.780e+00             134.660           1.509e+01     
 122.000         315.000           -4.315e+00          -1.629e+01              89.051          -4.599e+00             133.909           1.502e+01     
 121.000         315.000           -4.143e+00          -1.619e+01              87.645          -4.423e+00             133.204           1.499e+01     
 120.000         315.000           -3.978e+00          -1.613e+01              86.306          -4.251e+00             132.542           1.498e+01     
 119.000         315.000           -3.819e+00          -1.609e+01              85.018          -4.084e+00             131.920           1.500e+01     
 118.000         315.000           -3.665e+00          -1.609e+01              83.768          -3.922e+00             131.335           1.505e+01     
 117.000         315.000           -3.518e+00          -1.611e+01              82.541          -3.764e+00             130.785           1.512e+01     
 116.000         315.000           -3.375e+00          -1.616e+01              81.325          -3.610e+00             130.266           1.521e+01     
 115.000         315.000           -3.239e+00          -1.624e+01              80.107          -3.462e+00             129.778           1.533e+01     
 114.000         315.000           -3.107e+00          -1.635e+01              78.874          -3.318e+00             129.317           1.547e+01     
 113.000         315.000           -2.980e+00          -1.648e+01              77.614          -3.178e+00             128.881           1.562e+01     
 112.000         315.000           -2.858e+00          -1.665e+01              76.312          -3.043e+00             128.469           1.580e+01     
 111.000         315.000           -2.741e+00          -1.685e+01              74.954          -2.913e+00             128.080           1.600e+01     
 110.000         315.000           -2.628e+00          -1.708e+01              73.522          -2.787e+00             127.711           1.622e+01     
 109.000         315.000           -2.519e+00          -1.734e+01              71.996          -2.665e+00             127.362           1.646e+01     
 108.000         315.000           -2.415e+00          -1.763e+01              70.354          -2.547e+00             127.030           1.672e+01     
 107.000         315.000           -2.314e+00          -1.796e+01              68.569          -2.434e+00             126.715           1.701e+01     
 106.000         315.000           -2.217e+00          -1.832e+01              66.608          -2.325e+00             126.416           1.732e+01     
 105.000         315.000           -2.124e+00          -1.872e+01              64.433          -2.220e+00             126.132           1.765e+01     
 104.000         315.000           -2.034e+00          -1.916e+01              61.993          -2.119e+00             125.861           1.801e+01     
 103.000         315.000           -1.947e+00          -1.963e+01              59.232          -2.022e+00             125.604           1.839e+01     
 102.000         315.000           -1.864e+00          -2.014e+01              56.075          -1.929e+00             125.358           1.881e+01     
 101.000         315.000           -1.783e+00          -2.069e+01              52.433          -1.839e+00             125.123           1.926e+01     
 100.000         315.000           -1.705e+00          -2.126e+01              48.203          -1.754e+00             124.900           1.974e+01     
  99.000         315.000           -1.631e+00          -2.184e+01              43.261          -1.672e+00             124.686           2.027e+01     
  98.000         315.000           -1.558e+00          -2.242e+01              37.485          -1.594e+00             124.482           2.084e+01     
  97.000         315.000           -1.489e+00          -2.296e+01              30.767          -1.520e+00             124.287           2.145e+01     
  96.000         315.000           -1.422e+00          -2.341e+01              23.063          -1.449e+00             124.101           2.213e+01     
  95.000         315.000           -1.357e+00          -2.373e+01              14.451          -1.382e+00             123.922           2.287e+01     
  94.000         315.000           -1.294e+00          -2.386e+01               5.186          -1.319e+00             123.752           2.368e+01     
  93.000         315.000           -1.234e+00          -2.377e+01             355.685          -1.259e+00             123.588           2.459e+01     
  92.000         315.000           -1.176e+00          -2.346e+01             346.439          -1.202e+00             123.432           2.561e+01     
  91.000         315.000           -1.120e+00          -2.296e+01             337.866          -1.149e+00             123.283           2.677e+01     
  90.000         315.000           -1.066e+00          -2.232e+01             330.219          -1.099e+00             123.140           2.811e+01     
  89.000         315.000           -1.015e+00          -2.160e+01             323.574          -1.053e+00             123.003           2.970e+01     
  88.000         315.000           -9.648e-01          -2.084e+01             317.891          -1.010e+00             122.873           3.164e+01     
  87.000         315.000           -9.170e-01          -2.007e+01             313.062          -9.702e-01             122.748           3.414e+01     
  86.000         315.000           -8.712e-01          -1.931e+01             308.962          -9.339e-01             122.629           3.765e+01     
  85.000         315.000           -8.273e-01          -1.857e+01             305.473          -9.008e-01             122.516           4.000e+01     
  84.000         315.000           -7.853e-01          -1.787e+01             302.488          -8.711e-01             122.409           4.000e+01     
  83.000         315.000           -7.453e-01          -1.720e+01             299.920          -8.446e-01             122.306           4.000e+01     
  82.000         315.000           -7.073e-01          -1.657e+01             297.698          -8.215e-01             122.210           3.806e+01     
  81.000         315.000           -6.712e-01          -1.597e+01             295.764          -8.015e-01             122.119           3.454e+01     
  80.000         315.000           -6.372e-01          -1.540e+01             294.071          -7.848e-01             122.033           3.207e+01     
  79.000         315.000           -6.052e-01          -1.486e+01             292.582          -7.714e-01             121.953           3.018e+01     
  78.000         315.000           -5.753e-01          -1.435e+01             291.266          -7.612e-01             121.878           2.865e+01     
  77.000         315.000           -5.474e-01          -1.387e+01             290.098          -7.542e-01             121.808           2.737e+01     
  76.000         315.000           -5.218e-01          -1.342e+01             289.058          -7.505e-01             121.744           2.627e+01     
  75.000         315.000           -4.983e-01          -1.299e+01             288.130          -7.501e-01             121.686           2.532e+01     
  74.000         315.000           -4.771e-01          -1.259e+01             287.299          -7.529e-01             121.634           2.448e+01     
  73.000         315.000           -4.582e-01          -1.220e+01             286.555          -7.590e-01             121.587           2.373e+01     
  72.000         315.000           -4.418e-01          -1.184e+01             285.887          -7.683e-01             121.546           2.306e+01     
  71.000         315.000           -4.278e-01          -1.150e+01             285.289          -7.810e-01             121.512           2.245e+01     
  70.000         315.000           -4.163e-01          -1.118e+01             284.753          -7.970e-01             121.484           2.190e+01     
  69.000         315.000           -4.075e-01          -1.087e+01             284.273          -8.163e-01             121.463           2.140e+01     
  68.000         315.000           -4.014e-01          -1.059e+01             283.845          -8.390e-01             121.449           2.094e+01     
  67.000         315.000           -3.981e-01          -1.031e+01             283.465          -8.651e-01             121.441           2.052e+01     
  66.000         315.000           -3.977e-01          -1.006e+01             283.129          -8.945e-01             121.441           2.013e+01     
  65.000         315.000           -4.002e-01          -9.819e+00             282.835          -9.274e-01             121.449           1.977e+01     
  64.000         315.000           -4.059e-01          -9.594e+00             282.579          -9.637e-01             121.465           1.945e+01     
  63.000         315.000           -4.147e-01          -9.384e+00             282.361          -1.004e+00             121.490           1.914e+01     
  62.000         315.000           -4.269e-01          -9.187e+00             282.178          -1.047e+00             121.523           1.886e+01     
  61.000         315.000           -4.424e-01          -9.003e+00             282.030          -1.094e+00             121.566           1.861e+01     
  60.000         315.000           -4.615e-01          -8.833e+00             281.914          -1.144e+00             121.618           1.837e+01     
  59.000         315.000           -4.842e-01          -8.676e+00             281.830          -1.198e+00             121.681           1.816e+01     
  58.000         315.000           -5.107e-01          -8.531e+00             281.778          -1.256e+00             121.754           1.796e+01     
  57.000         315.000           -5.410e-01          -8.399e+00             281.758          -1.318e+00             121.839           1.778e+01     
  56.000         315.000           -5.753e-01          -8.279e+00             281.768          -1.383e+00             121.936           1.761e+01     
  55.000         315.000           -6.138e-01          -8.171e+00             281.810          -1.452e+00             122.046           1.746e+01     
  54.000         315.000           -6.564e-01          -8.075e+00             281.883          -1.525e+00             122.169           1.733e+01     
  53.000         315.000           -7.035e-01          -7.990e+00             281.988          -1.601e+00             122.307           1.721e+01     
  52.000         315.000           -7.550e-01          -7.918e+00             282.126          -1.682e+00             122.459           1.710e+01     
  51.000         315.000           -8.112e-01          -7.857e+00             282.297          -1.767e+00             122.627           1.701e+01     
  50.000         315.000           -8.721e-01          -7.807e+00             282.502          -1.855e+00             122.813           1.693e+01     
  49.000         315.000           -9.380e-01          -7.769e+00             282.743          -1.948e+00             123.016           1.687e+01     
  48.000         315.000           -1.009e+00          -7.742e+00             283.021          -2.044e+00             123.238           1.682e+01     
  47.000         315.000           -1.085e+00          -7.727e+00             283.338          -2.145e+00             123.481           1.678e+01     
  46.000         315.000           -1.166e+00          -7.724e+00             283.695          -2.250e+00             123.745           1.676e+01     
  45.000         315.000           -1.252e+00          -7.732e+00             284.096          -2.359e+00             124.032           1.675e+01     
  44.000         315.000           -1.344e+00          -7.752e+00             284.542          -2.472e+00             124.343           1.676e+01     
  43.000         315.000           -1.442e+00          -7.783e+00             285.036          -2.590e+00             124.680           1.678e+01     
  42.000         315.000           -1.545e+00          -7.825e+00             285.582          -2.711e+00             125.045           1.681e+01     
  41.000         315.000           -1.654e+00          -7.880e+00             286.183          -2.837e+00             125.439           1.687e+01     
  40.000         315.000           -1.769e+00          -7.946e+00             286.843          -2.968e+00             125.865           1.694e+01     
  39.000         315.000           -1.890e+00          -8.024e+00             287.567          -3.102e+00             126.324           1.703e+01     
  38.000         315.000           -2.016e+00          -8.113e+00             288.359          -3.241e+00             126.818           1.714e+01     
  37.000         315.000           -2.149e+00          -8.214e+00             289.224          -3.383e+00             127.351           1.728e+01     
  36.000         315.000           -2.287e+00          -8.327e+00             290.171          -3.530e+00             127.924           1.744e+01     
  35.000         315.000           -2.431e+00          -8.451e+00             291.204          -3.681e+00             128.540           1.764e+01     
  34.000         315.000           -2.581e+00          -8.586e+00             292.331          -3.835e+00             129.201           1.786e+01     
  33.000         315.000           -2.736e+00          -8.732e+00             293.561          -3.994e+00             129.912           1.813e+01     
  32.000         315.000           -2.896e+00          -8.888e+00             294.903          -4.155e+00             130.675           1.844e+01     
  31.000         315.000           -3.062e+00          -9.054e+00             296.366          -4.320e+00             131.494           1.881e+01     
  30.000         315.000           -3.231e+00          -9.229e+00             297.961          -4.488e+00             132.371           1.923e+01     
  29.000         315.000           -3.405e+00          -9.412e+00             299.700          -4.659e+00             133.311           1.974e+01     
  28.000         315.000           -3.582e+00          -9.602e+00             301.594          -4.831e+00             134.317           2.033e+01     
  27.000         315.000           -3.761e+00          -9.796e+00             303.656          -5.006e+00             135.394           2.104e+01     
  26.000         315.000           -3.942e+00          -9.993e+00             305.897          -5.181e+00             136.544           2.190e+01     
  25.000         315.000           -4.123e+00          -1.019e+01             308.330          -5.357e+00             137.772           2.296e+01     
  24.000         315.000           -4.303e+00          -1.038e+01             310.964          -5.533e+00             139.082           2.428e+01     
  23.000         315.000           -4.481e+00          -1.057e+01             313.809          -5.707e+00             140.477           2.600e+01     
  22.000         315.000           -4.654e+00          -1.075e+01             316.868          -5.880e+00             141.960           2.834e+01     
  21.000         315.000           -4.821e+00          -1.091e+01             320.142          -6.049e+00             143.534           3.187e+01     
  20.000         315.000           -4.979e+00          -1.104e+01             323.626          -6.213e+00             145.202           3.851e+01     
  19.000         315.000           -5.125e+00          -1.115e+01             327.306          -6.372e+00             146.965           4.000e+01     
  18.000         315.000           -5.259e+00          -1.123e+01             331.160          -6.523e+00             148.824           3.503e+01     
  17.000         315.000           -5.376e+00          -1.128e+01             335.159          -6.666e+00             150.777           2.952e+01     
  16.000         315.000           -5.473e+00          -1.128e+01             339.264          -6.798e+00             152.823           2.611e+01     
  15.000         315.000           -5.550e+00          -1.123e+01             343.431          -6.918e+00             154.959           2.365e+01     
  14.000         315.000           -5.602e+00          -1.115e+01             347.611          -7.023e+00             157.179           2.175e+01     
  13.000         315.000           -5.629e+00          -1.101e+01             351.756          -7.114e+00             159.476           2.023e+01     
  12.000         315.000           -5.629e+00          -1.084e+01             355.819          -7.187e+00             161.842           1.900e+01     
  11.000         315.000           -5.601e+00          -1.062e+01             359.758          -7.241e+00             164.266           1.799e+01     
  10.000         315.000           -5.545e+00          -1.038e+01               3.541          -7.276e+00             166.736           1.718e+01     
   9.000         315.000           -5.461e+00          -1.010e+01               7.142          -7.291e+00             169.238           1.652e+01     
   8.000         315.000           -5.350e+00          -9.795e+00              10.544          -7.284e+00             171.758           1.601e+01     
   7.000         315.000           -5.214e+00          -9.475e+00              13.738          -7.255e+00             174.282           1.561e+01     
   6.000         315.000           -5.056e+00          -9.141e+00              16.723          -7.205e+00             176.793           1.533e+01     
   5.000         315.000           -4.877e+00          -8.797e+00              19.501          -7.135e+00             179.277           1.514e+01     
   4.000         315.000           -4.679e+00          -8.449e+00              22.080          -7.043e+00             181.721           1.504e+01     
   3.000         315.000           -4.467e+00          -8.099e+00              24.468          -6.933e+00             184.111           1.500e+01     
   2.000         315.000           -4.242e+00          -7.750e+00              26.678          -6.805e+00             186.436           1.502e+01     
   1.000         315.000           -4.007e+00          -7.405e+00              28.721          -6.661e+00             188.686           1.509e+01     
