Theta [deg.]  Phi   [deg.]  Abs(Dir.)[dBi   ]   Abs(Theta)[dBi   ]  Phase(Theta)[deg.]  Abs(Phi  )[dBi   ]  Phase(Phi  )[deg.]  Ax.Ratio[dB    ]    
------------------------------------------------------------------------------------------------------------------------------------------------------
   0.000          90.000            3.438e+00           3.429e+00             181.814          -2.329e+01             162.603           3.639e+01     
   1.000          90.000            3.433e+00           3.422e+00             181.686          -2.261e+01             163.139           3.600e+01     
   2.000          90.000            3.424e+00           3.411e+00             181.562          -2.198e+01             163.576           3.562e+01     
   3.000          90.000            3.409e+00           3.395e+00             181.444          -2.140e+01             163.936           3.525e+01     
   4.000          90.000            3.390e+00           3.374e+00             181.330          -2.086e+01             164.232           3.489e+01     
   5.000          90.000            3.366e+00           3.348e+00             181.221          -2.035e+01             164.475           3.455e+01     
   6.000          90.000            3.338e+00           3.317e+00             181.117          -1.989e+01             164.676           3.420e+01     
   7.000          90.000            3.305e+00           3.282e+00             181.018          -1.945e+01             164.840           3.387e+01     
   8.000          90.000            3.267e+00           3.241e+00             180.924          -1.903e+01             164.974           3.354e+01     
   9.000          90.000            3.224e+00           3.196e+00             180.835          -1.865e+01             165.081           3.322e+01     
  10.000          90.000            3.177e+00           3.146e+00             180.751          -1.828e+01             165.165           3.290e+01     
  11.000          90.000            3.125e+00           3.091e+00             180.672          -1.794e+01             165.230           3.259e+01     
  12.000          90.000            3.069e+00           3.032e+00             180.597          -1.761e+01             165.277           3.227e+01     
  13.000          90.000            3.008e+00           2.967e+00             180.528          -1.730e+01             165.310           3.196e+01     
  14.000          90.000            2.942e+00           2.898e+00             180.463          -1.701e+01             165.330           3.166e+01     
  15.000          90.000            2.872e+00           2.824e+00             180.404          -1.674e+01             165.337           3.135e+01     
  16.000          90.000            2.797e+00           2.746e+00             180.349          -1.648e+01             165.335           3.105e+01     
  17.000          90.000            2.718e+00           2.663e+00             180.299          -1.623e+01             165.323           3.075e+01     
  18.000          90.000            2.635e+00           2.575e+00             180.254          -1.599e+01             165.303           3.045e+01     
  19.000          90.000            2.547e+00           2.482e+00             180.214          -1.577e+01             165.276           3.015e+01     
  20.000          90.000            2.454e+00           2.385e+00             180.179          -1.556e+01             165.242           2.985e+01     
  21.000          90.000            2.357e+00           2.283e+00             180.149          -1.536e+01             165.202           2.955e+01     
  22.000          90.000            2.256e+00           2.176e+00             180.123          -1.516e+01             165.157           2.925e+01     
  23.000          90.000            2.150e+00           2.065e+00             180.102          -1.498e+01             165.107           2.895e+01     
  24.000          90.000            2.040e+00           1.950e+00             180.086          -1.481e+01             165.053           2.865e+01     
  25.000          90.000            1.926e+00           1.829e+00             180.075          -1.465e+01             164.996           2.835e+01     
  26.000          90.000            1.808e+00           1.705e+00             180.068          -1.449e+01             164.934           2.805e+01     
  27.000          90.000            1.685e+00           1.575e+00             180.066          -1.434e+01             164.870           2.775e+01     
  28.000          90.000            1.558e+00           1.442e+00             180.069          -1.420e+01             164.803           2.746e+01     
  29.000          90.000            1.427e+00           1.303e+00             180.076          -1.407e+01             164.734           2.716e+01     
  30.000          90.000            1.292e+00           1.161e+00             180.087          -1.395e+01             164.663           2.686e+01     
  31.000          90.000            1.153e+00           1.013e+00             180.103          -1.383e+01             164.589           2.656e+01     
  32.000          90.000            1.010e+00           8.616e-01             180.124          -1.371e+01             164.514           2.626e+01     
  33.000          90.000            8.634e-01           7.055e-01             180.148          -1.361e+01             164.438           2.596e+01     
  34.000          90.000            7.125e-01           5.449e-01             180.177          -1.351e+01             164.361           2.565e+01     
  35.000          90.000            5.577e-01           3.800e-01             180.210          -1.341e+01             164.283           2.535e+01     
  36.000          90.000            3.990e-01           2.106e-01             180.247          -1.332e+01             164.204           2.505e+01     
  37.000          90.000            2.365e-01           3.684e-02             180.289          -1.324e+01             164.124           2.475e+01     
  38.000          90.000            7.025e-02          -1.413e-01             180.334          -1.316e+01             164.044           2.445e+01     
  39.000          90.000           -9.972e-02          -3.239e-01             180.383          -1.308e+01             163.964           2.415e+01     
  40.000          90.000           -2.734e-01          -5.109e-01             180.435          -1.301e+01             163.884           2.385e+01     
  41.000          90.000           -4.507e-01          -7.023e-01             180.491          -1.295e+01             163.804           2.355e+01     
  42.000          90.000           -6.315e-01          -8.981e-01             180.551          -1.288e+01             163.724           2.325e+01     
  43.000          90.000           -8.160e-01          -1.098e+00             180.614          -1.283e+01             163.645           2.295e+01     
  44.000          90.000           -1.004e+00          -1.303e+00             180.680          -1.277e+01             163.566           2.265e+01     
  45.000          90.000           -1.195e+00          -1.512e+00             180.749          -1.272e+01             163.488           2.235e+01     
  46.000          90.000           -1.390e+00          -1.726e+00             180.821          -1.268e+01             163.411           2.205e+01     
  47.000          90.000           -1.588e+00          -1.944e+00             180.896          -1.263e+01             163.335           2.175e+01     
  48.000          90.000           -1.790e+00          -2.167e+00             180.974          -1.259e+01             163.260           2.145e+01     
  49.000          90.000           -1.995e+00          -2.395e+00             181.054          -1.255e+01             163.186           2.115e+01     
  50.000          90.000           -2.203e+00          -2.627e+00             181.136          -1.252e+01             163.114           2.086e+01     
  51.000          90.000           -2.414e+00          -2.864e+00             181.220          -1.249e+01             163.043           2.056e+01     
  52.000          90.000           -2.629e+00          -3.106e+00             181.306          -1.246e+01             162.974           2.027e+01     
  53.000          90.000           -2.847e+00          -3.353e+00             181.394          -1.243e+01             162.906           1.998e+01     
  54.000          90.000           -3.067e+00          -3.605e+00             181.483          -1.241e+01             162.840           1.969e+01     
  55.000          90.000           -3.291e+00          -3.862e+00             181.573          -1.239e+01             162.777           1.940e+01     
  56.000          90.000           -3.518e+00          -4.125e+00             181.664          -1.237e+01             162.715           1.912e+01     
  57.000          90.000           -3.748e+00          -4.393e+00             181.756          -1.235e+01             162.655           1.883e+01     
  58.000          90.000           -3.980e+00          -4.667e+00             181.848          -1.233e+01             162.598           1.855e+01     
  59.000          90.000           -4.216e+00          -4.946e+00             181.941          -1.232e+01             162.543           1.828e+01     
  60.000          90.000           -4.454e+00          -5.232e+00             182.033          -1.230e+01             162.491           1.800e+01     
  61.000          90.000           -4.695e+00          -5.525e+00             182.125          -1.229e+01             162.441           1.773e+01     
  62.000          90.000           -4.939e+00          -5.824e+00             182.216          -1.228e+01             162.394           1.747e+01     
  63.000          90.000           -5.185e+00          -6.130e+00             182.307          -1.227e+01             162.350           1.721e+01     
  64.000          90.000           -5.434e+00          -6.443e+00             182.395          -1.227e+01             162.308           1.695e+01     
  65.000          90.000           -5.685e+00          -6.764e+00             182.483          -1.226e+01             162.270           1.670e+01     
  66.000          90.000           -5.939e+00          -7.094e+00             182.568          -1.226e+01             162.234           1.646e+01     
  67.000          90.000           -6.194e+00          -7.432e+00             182.651          -1.225e+01             162.202           1.622e+01     
  68.000          90.000           -6.452e+00          -7.779e+00             182.731          -1.225e+01             162.173           1.600e+01     
  69.000          90.000           -6.712e+00          -8.137e+00             182.808          -1.225e+01             162.147           1.578e+01     
  70.000          90.000           -6.973e+00          -8.505e+00             182.882          -1.224e+01             162.124           1.557e+01     
  71.000          90.000           -7.236e+00          -8.884e+00             182.952          -1.224e+01             162.105           1.538e+01     
  72.000          90.000           -7.500e+00          -9.276e+00             183.017          -1.224e+01             162.090           1.520e+01     
  73.000          90.000           -7.766e+00          -9.682e+00             183.077          -1.224e+01             162.077           1.504e+01     
  74.000          90.000           -8.031e+00          -1.010e+01             183.132          -1.224e+01             162.069           1.489e+01     
  75.000          90.000           -8.297e+00          -1.054e+01             183.181          -1.224e+01             162.064           1.477e+01     
  76.000          90.000           -8.563e+00          -1.099e+01             183.223          -1.224e+01             162.062           1.467e+01     
  77.000          90.000           -8.828e+00          -1.147e+01             183.258          -1.224e+01             162.064           1.460e+01     
  78.000          90.000           -9.091e+00          -1.196e+01             183.284          -1.224e+01             162.070           1.456e+01     
  79.000          90.000           -9.352e+00          -1.248e+01             183.302          -1.224e+01             162.080           1.455e+01     
  80.000          90.000           -9.611e+00          -1.303e+01             183.309          -1.225e+01             162.093           1.459e+01     
  81.000          90.000           -9.865e+00          -1.361e+01             183.304          -1.225e+01             162.110           1.467e+01     
  82.000          90.000           -1.011e+01          -1.423e+01             183.286          -1.225e+01             162.131           1.481e+01     
  83.000          90.000           -1.036e+01          -1.488e+01             183.253          -1.225e+01             162.156           1.502e+01     
  84.000          90.000           -1.059e+01          -1.559e+01             183.201          -1.225e+01             162.184           1.530e+01     
  85.000          90.000           -1.082e+01          -1.634e+01             183.128          -1.225e+01             162.216           1.567e+01     
  86.000          90.000           -1.104e+01          -1.717e+01             183.028          -1.225e+01             162.252           1.614e+01     
  87.000          90.000           -1.124e+01          -1.808e+01             182.894          -1.225e+01             162.292           1.673e+01     
  88.000          90.000           -1.143e+01          -1.908e+01             182.716          -1.225e+01             162.335           1.748e+01     
  89.000          90.000           -1.160e+01          -2.022e+01             182.478          -1.225e+01             162.382           1.841e+01     
  90.000          90.000           -1.176e+01          -2.151e+01             182.152          -1.225e+01             162.432           1.958e+01     
  91.000          90.000           -1.190e+01          -2.303e+01             181.695          -1.225e+01             162.486           2.107e+01     
  92.000          90.000           -1.201e+01          -2.486e+01             181.016          -1.224e+01             162.544           2.301e+01     
  93.000          90.000           -1.211e+01          -2.717e+01             179.920          -1.224e+01             162.605           2.570e+01     
  94.000          90.000           -1.217e+01          -3.031e+01             177.868          -1.224e+01             162.669           2.982e+01     
  95.000          90.000           -1.222e+01          -3.523e+01             172.687          -1.224e+01             162.737           3.829e+01     
  96.000          90.000           -1.224e+01          -4.592e+01             139.807          -1.224e+01             162.808           4.000e+01     
  97.000          90.000           -1.223e+01          -3.967e+01              24.546          -1.223e+01             162.882           3.099e+01     
  98.000          90.000           -1.219e+01          -3.262e+01              13.222          -1.223e+01             162.960           2.640e+01     
  99.000          90.000           -1.213e+01          -2.871e+01              10.000          -1.223e+01             163.040           2.351e+01     
 100.000          90.000           -1.205e+01          -2.601e+01               8.465          -1.223e+01             163.123           2.145e+01     
 101.000          90.000           -1.194e+01          -2.395e+01               7.552          -1.222e+01             163.209           1.990e+01     
 102.000          90.000           -1.181e+01          -2.228e+01               6.934          -1.222e+01             163.298           1.870e+01     
 103.000          90.000           -1.166e+01          -2.087e+01               6.478          -1.222e+01             163.390           1.775e+01     
 104.000          90.000           -1.149e+01          -1.965e+01               6.120          -1.221e+01             163.484           1.700e+01     
 105.000          90.000           -1.131e+01          -1.858e+01               5.824          -1.221e+01             163.581           1.641e+01     
 106.000          90.000           -1.111e+01          -1.762e+01               5.570          -1.221e+01             163.681           1.596e+01     
 107.000          90.000           -1.090e+01          -1.675e+01               5.346          -1.221e+01             163.782           1.562e+01     
 108.000          90.000           -1.068e+01          -1.596e+01               5.144          -1.220e+01             163.886           1.537e+01     
 109.000          90.000           -1.044e+01          -1.522e+01               4.956          -1.220e+01             163.992           1.521e+01     
 110.000          90.000           -1.020e+01          -1.454e+01               4.781          -1.220e+01             164.100           1.511e+01     
 111.000          90.000           -9.959e+00          -1.391e+01               4.614          -1.220e+01             164.210           1.507e+01     
 112.000          90.000           -9.708e+00          -1.331e+01               4.454          -1.220e+01             164.321           1.509e+01     
 113.000          90.000           -9.453e+00          -1.275e+01               4.300          -1.220e+01             164.435           1.515e+01     
 114.000          90.000           -9.195e+00          -1.221e+01               4.150          -1.220e+01             164.550           1.525e+01     
 115.000          90.000           -8.936e+00          -1.171e+01               4.004          -1.220e+01             164.666           1.539e+01     
 116.000          90.000           -8.675e+00          -1.122e+01               3.861          -1.220e+01             164.784           1.555e+01     
 117.000          90.000           -8.414e+00          -1.076e+01               3.720          -1.221e+01             164.904           1.574e+01     
 118.000          90.000           -8.153e+00          -1.032e+01               3.582          -1.221e+01             165.024           1.595e+01     
 119.000          90.000           -7.892e+00          -9.895e+00               3.446          -1.222e+01             165.146           1.618e+01     
 120.000          90.000           -7.633e+00          -9.487e+00               3.313          -1.222e+01             165.269           1.643e+01     
 121.000          90.000           -7.375e+00          -9.094e+00               3.181          -1.223e+01             165.393           1.669e+01     
 122.000          90.000           -7.119e+00          -8.715e+00               3.052          -1.224e+01             165.517           1.697e+01     
 123.000          90.000           -6.866e+00          -8.348e+00               2.925          -1.225e+01             165.642           1.725e+01     
 124.000          90.000           -6.614e+00          -7.993e+00               2.801          -1.227e+01             165.769           1.755e+01     
 125.000          90.000           -6.365e+00          -7.650e+00               2.679          -1.228e+01             165.895           1.785e+01     
 126.000          90.000           -6.119e+00          -7.317e+00               2.559          -1.230e+01             166.022           1.816e+01     
 127.000          90.000           -5.876e+00          -6.994e+00               2.443          -1.232e+01             166.150           1.848e+01     
 128.000          90.000           -5.636e+00          -6.680e+00               2.329          -1.234e+01             166.278           1.880e+01     
 129.000          90.000           -5.399e+00          -6.375e+00               2.219          -1.236e+01             166.406           1.913e+01     
 130.000          90.000           -5.166e+00          -6.079e+00               2.111          -1.239e+01             166.534           1.946e+01     
 131.000          90.000           -4.936e+00          -5.790e+00               2.007          -1.242e+01             166.663           1.979e+01     
 132.000          90.000           -4.710e+00          -5.510e+00               1.907          -1.245e+01             166.791           2.013e+01     
 133.000          90.000           -4.487e+00          -5.237e+00               1.811          -1.248e+01             166.920           2.047e+01     
 134.000          90.000           -4.268e+00          -4.971e+00               1.718          -1.252e+01             167.048           2.081e+01     
 135.000          90.000           -4.052e+00          -4.712e+00               1.630          -1.256e+01             167.176           2.116e+01     
 136.000          90.000           -3.841e+00          -4.460e+00               1.546          -1.260e+01             167.304           2.150e+01     
 137.000          90.000           -3.633e+00          -4.215e+00               1.467          -1.265e+01             167.431           2.185e+01     
 138.000          90.000           -3.429e+00          -3.976e+00               1.392          -1.270e+01             167.558           2.220e+01     
 139.000          90.000           -3.229e+00          -3.743e+00               1.322          -1.276e+01             167.685           2.254e+01     
 140.000          90.000           -3.034e+00          -3.516e+00               1.256          -1.282e+01             167.811           2.289e+01     
 141.000          90.000           -2.842e+00          -3.295e+00               1.196          -1.288e+01             167.936           2.324e+01     
 142.000          90.000           -2.654e+00          -3.081e+00               1.141          -1.294e+01             168.061           2.358e+01     
 143.000          90.000           -2.471e+00          -2.872e+00               1.092          -1.302e+01             168.184           2.393e+01     
 144.000          90.000           -2.291e+00          -2.668e+00               1.047          -1.309e+01             168.307           2.428e+01     
 145.000          90.000           -2.116e+00          -2.471e+00               1.009          -1.317e+01             168.429           2.462e+01     
 146.000          90.000           -1.945e+00          -2.279e+00               0.976          -1.326e+01             168.550           2.496e+01     
 147.000          90.000           -1.779e+00          -2.092e+00               0.949          -1.335e+01             168.670           2.530e+01     
 148.000          90.000           -1.616e+00          -1.911e+00               0.927          -1.344e+01             168.788           2.564e+01     
 149.000          90.000           -1.458e+00          -1.736e+00               0.912          -1.355e+01             168.905           2.598e+01     
 150.000          90.000           -1.305e+00          -1.565e+00               0.903          -1.365e+01             169.021           2.632e+01     
 151.000          90.000           -1.156e+00          -1.400e+00               0.900          -1.377e+01             169.135           2.665e+01     
 152.000          90.000           -1.011e+00          -1.241e+00               0.903          -1.389e+01             169.248           2.698e+01     
 153.000          90.000           -8.706e-01          -1.086e+00               0.912          -1.402e+01             169.358           2.731e+01     
 154.000          90.000           -7.348e-01          -9.372e-01               0.928          -1.415e+01             169.467           2.764e+01     
 155.000          90.000           -6.036e-01          -7.933e-01               0.950          -1.429e+01             169.573           2.797e+01     
 156.000          90.000           -4.769e-01          -6.547e-01               0.979          -1.444e+01             169.678           2.829e+01     
 157.000          90.000           -3.547e-01          -5.212e-01               1.014          -1.460e+01             169.779           2.861e+01     
 158.000          90.000           -2.371e-01          -3.929e-01               1.056          -1.477e+01             169.879           2.893e+01     
 159.000          90.000           -1.242e-01          -2.698e-01               1.104          -1.494e+01             169.975           2.924e+01     
 160.000          90.000           -1.583e-02          -1.518e-01               1.159          -1.513e+01             170.068           2.956e+01     
 161.000          90.000            8.787e-02          -3.894e-02               1.220          -1.532e+01             170.158           2.987e+01     
 162.000          90.000            1.869e-01           6.879e-02               1.288          -1.553e+01             170.244           3.018e+01     
 163.000          90.000            2.813e-01           1.714e-01               1.363          -1.574e+01             170.326           3.049e+01     
 164.000          90.000            3.710e-01           2.689e-01               1.444          -1.597e+01             170.404           3.079e+01     
 165.000          90.000            4.560e-01           3.614e-01               1.532          -1.621e+01             170.477           3.110e+01     
 166.000          90.000            5.363e-01           4.487e-01               1.627          -1.646e+01             170.544           3.140e+01     
 167.000          90.000            6.118e-01           5.310e-01               1.728          -1.673e+01             170.606           3.171e+01     
 168.000          90.000            6.827e-01           6.082e-01               1.836          -1.701e+01             170.660           3.201e+01     
 169.000          90.000            7.488e-01           6.803e-01               1.951          -1.731e+01             170.708           3.232e+01     
 170.000          90.000            8.102e-01           7.474e-01               2.072          -1.762e+01             170.747           3.263e+01     
 171.000          90.000            8.669e-01           8.095e-01               2.200          -1.795e+01             170.777           3.294e+01     
 172.000          90.000            9.188e-01           8.665e-01               2.335          -1.830e+01             170.796           3.325e+01     
 173.000          90.000            9.660e-01           9.186e-01               2.476          -1.868e+01             170.803           3.356e+01     
 174.000          90.000            1.008e+00           9.656e-01               2.624          -1.907e+01             170.796           3.389e+01     
 175.000          90.000            1.046e+00           1.008e+00               2.778          -1.949e+01             170.773           3.421e+01     
 176.000          90.000            1.079e+00           1.045e+00               2.938          -1.994e+01             170.731           3.455e+01     
 177.000          90.000            1.107e+00           1.077e+00               3.105          -2.043e+01             170.667           3.490e+01     
 178.000          90.000            1.131e+00           1.104e+00               3.279          -2.094e+01             170.576           3.525e+01     
 179.000          90.000            1.150e+00           1.126e+00               3.458          -2.150e+01             170.453           3.562e+01     
 180.000          90.000            1.164e+00           1.144e+00               3.644          -2.210e+01             170.290           3.601e+01     
 179.000         270.000            1.174e+00           1.156e+00             183.836          -2.275e+01             350.080           3.641e+01     
 178.000         270.000            1.179e+00           1.164e+00             184.034          -2.345e+01             349.808           3.684e+01     
 177.000         270.000            1.179e+00           1.166e+00             184.238          -2.423e+01             349.458           3.729e+01     
 176.000         270.000            1.174e+00           1.164e+00             184.448          -2.509e+01             349.005           3.777e+01     
 175.000         270.000            1.165e+00           1.157e+00             184.664          -2.606e+01             348.412           3.829e+01     
 174.000         270.000            1.152e+00           1.145e+00             184.886          -2.714e+01             347.623           3.885e+01     
 173.000         270.000            1.134e+00           1.129e+00             185.113          -2.838e+01             346.547           3.946e+01     
 172.000         270.000            1.111e+00           1.107e+00             185.346          -2.983e+01             345.029           4.000e+01     
 171.000         270.000            1.084e+00           1.081e+00             185.585          -3.157e+01             342.776           4.000e+01     
 170.000         270.000            1.052e+00           1.050e+00             185.828          -3.372e+01             339.175           4.000e+01     
 169.000         270.000            1.016e+00           1.015e+00             186.077          -3.649e+01             332.720           4.000e+01     
 168.000         270.000            9.750e-01           9.746e-01             186.331          -4.020e+01             318.852           4.000e+01     
 167.000         270.000            9.299e-01           9.298e-01             186.590          -4.419e+01             283.098           4.000e+01     
 166.000         270.000            8.804e-01           8.802e-01             186.854          -4.281e+01             231.036           4.000e+01     
 165.000         270.000            8.266e-01           8.261e-01             187.122          -3.861e+01             206.648           4.000e+01     
 164.000         270.000            7.684e-01           7.674e-01             187.395          -3.532e+01             196.706           4.000e+01     
 163.000         270.000            7.060e-01           7.041e-01             187.672          -3.284e+01             191.679           4.000e+01     
 162.000         270.000            6.393e-01           6.362e-01             187.954          -3.089e+01             188.721           4.000e+01     
 161.000         270.000            5.683e-01           5.638e-01             188.239          -2.930e+01             186.803           4.000e+01     
 160.000         270.000            4.931e-01           4.869e-01             188.528          -2.795e+01             185.478           4.000e+01     
 159.000         270.000            4.138e-01           4.055e-01             188.821          -2.678e+01             184.519           4.000e+01     
 158.000         270.000            3.303e-01           3.196e-01             189.118          -2.576e+01             183.804           4.000e+01     
 157.000         270.000            2.427e-01           2.292e-01             189.417          -2.486e+01             183.258           4.000e+01     
 156.000         270.000            1.510e-01           1.344e-01             189.720          -2.404e+01             182.833           4.000e+01     
 155.000         270.000            5.523e-02           3.515e-02             190.025          -2.331e+01             182.499           4.000e+01     
 154.000         270.000           -4.454e-02          -6.854e-02             190.333          -2.263e+01             182.234           3.963e+01     
 153.000         270.000           -1.483e-01          -1.767e-01             190.644          -2.201e+01             182.023           3.838e+01     
 152.000         270.000           -2.560e-01          -2.892e-01             190.956          -2.144e+01             181.854           3.723e+01     
 151.000         270.000           -3.677e-01          -4.062e-01             191.271          -2.091e+01             181.720           3.618e+01     
 150.000         270.000           -4.833e-01          -5.275e-01             191.587          -2.042e+01             181.614           3.521e+01     
 149.000         270.000           -6.027e-01          -6.533e-01             191.904          -1.996e+01             181.531           3.430e+01     
 148.000         270.000           -7.260e-01          -7.836e-01             192.222          -1.953e+01             181.467           3.344e+01     
 147.000         270.000           -8.532e-01          -9.183e-01             192.542          -1.913e+01             181.418           3.263e+01     
 146.000         270.000           -9.841e-01          -1.057e+00             192.861          -1.875e+01             181.384           3.186e+01     
 145.000         270.000           -1.119e+00          -1.201e+00             193.182          -1.839e+01             181.360           3.112e+01     
 144.000         270.000           -1.257e+00          -1.349e+00             193.502          -1.806e+01             181.346           3.042e+01     
 143.000         270.000           -1.400e+00          -1.502e+00             193.821          -1.774e+01             181.341           2.974e+01     
 142.000         270.000           -1.546e+00          -1.659e+00             194.140          -1.744e+01             181.342           2.909e+01     
 141.000         270.000           -1.696e+00          -1.821e+00             194.458          -1.715e+01             181.350           2.846e+01     
 140.000         270.000           -1.849e+00          -1.988e+00             194.775          -1.688e+01             181.362           2.785e+01     
 139.000         270.000           -2.006e+00          -2.159e+00             195.091          -1.663e+01             181.379           2.726e+01     
 138.000         270.000           -2.167e+00          -2.335e+00             195.404          -1.638e+01             181.400           2.669e+01     
 137.000         270.000           -2.332e+00          -2.516e+00             195.715          -1.615e+01             181.423           2.613e+01     
 136.000         270.000           -2.501e+00          -2.702e+00             196.024          -1.593e+01             181.450           2.559e+01     
 135.000         270.000           -2.673e+00          -2.894e+00             196.330          -1.572e+01             181.478           2.507e+01     
 134.000         270.000           -2.849e+00          -3.090e+00             196.632          -1.552e+01             181.508           2.455e+01     
 133.000         270.000           -3.028e+00          -3.292e+00             196.931          -1.533e+01             181.540           2.405e+01     
 132.000         270.000           -3.212e+00          -3.499e+00             197.227          -1.515e+01             181.573           2.357e+01     
 131.000         270.000           -3.399e+00          -3.712e+00             197.518          -1.498e+01             181.607           2.309e+01     
 130.000         270.000           -3.590e+00          -3.931e+00             197.804          -1.482e+01             181.641           2.263e+01     
 129.000         270.000           -3.785e+00          -4.156e+00             198.086          -1.466e+01             181.675           2.217e+01     
 128.000         270.000           -3.984e+00          -4.387e+00             198.363          -1.451e+01             181.710           2.173e+01     
 127.000         270.000           -4.187e+00          -4.625e+00             198.634          -1.437e+01             181.745           2.129e+01     
 126.000         270.000           -4.393e+00          -4.869e+00             198.899          -1.423e+01             181.779           2.087e+01     
 125.000         270.000           -4.604e+00          -5.121e+00             199.158          -1.411e+01             181.813           2.045e+01     
 124.000         270.000           -4.819e+00          -5.380e+00             199.411          -1.398e+01             181.847           2.005e+01     
 123.000         270.000           -5.037e+00          -5.647e+00             199.657          -1.387e+01             181.879           1.965e+01     
 122.000         270.000           -5.260e+00          -5.922e+00             199.896          -1.376e+01             181.911           1.926e+01     
 121.000         270.000           -5.487e+00          -6.206e+00             200.127          -1.365e+01             181.943           1.889e+01     
 120.000         270.000           -5.718e+00          -6.500e+00             200.351          -1.355e+01             181.973           1.852e+01     
 119.000         270.000           -5.953e+00          -6.803e+00             200.566          -1.345e+01             182.001           1.816e+01     
 118.000         270.000           -6.192e+00          -7.116e+00             200.774          -1.336e+01             182.029           1.781e+01     
 117.000         270.000           -6.435e+00          -7.441e+00             200.973          -1.328e+01             182.055           1.748e+01     
 116.000         270.000           -6.682e+00          -7.779e+00             201.163          -1.320e+01             182.080           1.716e+01     
 115.000         270.000           -6.933e+00          -8.129e+00             201.344          -1.312e+01             182.104           1.685e+01     
 114.000         270.000           -7.188e+00          -8.493e+00             201.516          -1.304e+01             182.126           1.655e+01     
 113.000         270.000           -7.446e+00          -8.873e+00             201.678          -1.298e+01             182.146           1.627e+01     
 112.000         270.000           -7.708e+00          -9.269e+00             201.830          -1.291e+01             182.165           1.601e+01     
 111.000         270.000           -7.973e+00          -9.684e+00             201.972          -1.285e+01             182.182           1.576e+01     
 110.000         270.000           -8.242e+00          -1.012e+01             202.103          -1.279e+01             182.197           1.554e+01     
 109.000         270.000           -8.512e+00          -1.058e+01             202.224          -1.273e+01             182.210           1.535e+01     
 108.000         270.000           -8.785e+00          -1.106e+01             202.334          -1.268e+01             182.222           1.518e+01     
 107.000         270.000           -9.058e+00          -1.157e+01             202.433          -1.264e+01             182.232           1.505e+01     
 106.000         270.000           -9.332e+00          -1.211e+01             202.520          -1.259e+01             182.239           1.496e+01     
 105.000         270.000           -9.606e+00          -1.269e+01             202.595          -1.255e+01             182.245           1.492e+01     
 104.000         270.000           -9.877e+00          -1.330e+01             202.658          -1.251e+01             182.249           1.493e+01     
 103.000         270.000           -1.015e+01          -1.397e+01             202.709          -1.247e+01             182.251           1.501e+01     
 102.000         270.000           -1.041e+01          -1.469e+01             202.746          -1.244e+01             182.251           1.516e+01     
 101.000         270.000           -1.067e+01          -1.547e+01             202.768          -1.241e+01             182.248           1.541e+01     
 100.000         270.000           -1.091e+01          -1.633e+01             202.776          -1.238e+01             182.244           1.576e+01     
  99.000         270.000           -1.115e+01          -1.729e+01             202.766          -1.236e+01             182.238           1.625e+01     
  98.000         270.000           -1.137e+01          -1.837e+01             202.738          -1.233e+01             182.229           1.690e+01     
  97.000         270.000           -1.157e+01          -1.961e+01             202.686          -1.231e+01             182.219           1.776e+01     
  96.000         270.000           -1.175e+01          -2.105e+01             202.605          -1.230e+01             182.207           1.888e+01     
  95.000         270.000           -1.191e+01          -2.278e+01             202.483          -1.228e+01             182.192           2.036e+01     
  94.000         270.000           -1.204e+01          -2.495e+01             202.292          -1.227e+01             182.176           2.236e+01     
  93.000         270.000           -1.214e+01          -2.787e+01             201.964          -1.226e+01             182.157           2.522e+01     
  92.000         270.000           -1.221e+01          -3.230e+01             201.245          -1.225e+01             182.137           2.982e+01     
  91.000         270.000           -1.224e+01          -4.185e+01             197.849          -1.225e+01             182.114           4.000e+01     
  90.000         270.000           -1.224e+01          -4.168e+01              27.658          -1.224e+01             182.090           3.674e+01     
  89.000         270.000           -1.220e+01          -3.220e+01              24.327          -1.224e+01             182.064           2.846e+01     
  88.000         270.000           -1.213e+01          -2.775e+01              23.570          -1.225e+01             182.035           2.442e+01     
  87.000         270.000           -1.202e+01          -2.482e+01              23.180          -1.225e+01             182.005           2.182e+01     
  86.000         270.000           -1.187e+01          -2.262e+01              22.906          -1.226e+01             181.973           1.998e+01     
  85.000         270.000           -1.170e+01          -2.086e+01              22.679          -1.227e+01             181.940           1.861e+01     
  84.000         270.000           -1.151e+01          -1.938e+01              22.473          -1.228e+01             181.904           1.759e+01     
  83.000         270.000           -1.128e+01          -1.812e+01              22.276          -1.229e+01             181.867           1.682e+01     
  82.000         270.000           -1.104e+01          -1.701e+01              22.082          -1.231e+01             181.828           1.625e+01     
  81.000         270.000           -1.078e+01          -1.602e+01              21.887          -1.233e+01             181.788           1.584e+01     
  80.000         270.000           -1.051e+01          -1.513e+01              21.690          -1.235e+01             181.746           1.556e+01     
  79.000         270.000           -1.022e+01          -1.431e+01              21.488          -1.237e+01             181.702           1.540e+01     
  78.000         270.000           -9.930e+00          -1.356e+01              21.281          -1.240e+01             181.658           1.532e+01     
  77.000         270.000           -9.629e+00          -1.286e+01              21.069          -1.243e+01             181.611           1.533e+01     
  76.000         270.000           -9.325e+00          -1.221e+01              20.851          -1.246e+01             181.564           1.540e+01     
  75.000         270.000           -9.017e+00          -1.160e+01              20.627          -1.249e+01             181.515           1.552e+01     
  74.000         270.000           -8.707e+00          -1.103e+01              20.397          -1.253e+01             181.465           1.570e+01     
  73.000         270.000           -8.398e+00          -1.049e+01              20.161          -1.257e+01             181.414           1.591e+01     
  72.000         270.000           -8.088e+00          -9.976e+00              19.920          -1.262e+01             181.361           1.615e+01     
  71.000         270.000           -7.781e+00          -9.487e+00              19.673          -1.266e+01             181.308           1.643e+01     
  70.000         270.000           -7.475e+00          -9.020e+00              19.421          -1.271e+01             181.254           1.672e+01     
  69.000         270.000           -7.172e+00          -8.574e+00              19.163          -1.277e+01             181.200           1.704e+01     
  68.000         270.000           -6.873e+00          -8.146e+00              18.901          -1.282e+01             181.144           1.738e+01     
  67.000         270.000           -6.576e+00          -7.734e+00              18.634          -1.288e+01             181.088           1.773e+01     
  66.000         270.000           -6.284e+00          -7.339e+00              18.362          -1.295e+01             181.032           1.810e+01     
  65.000         270.000           -5.995e+00          -6.957e+00              18.086          -1.301e+01             180.975           1.848e+01     
  64.000         270.000           -5.710e+00          -6.588e+00              17.807          -1.308e+01             180.918           1.888e+01     
  63.000         270.000           -5.430e+00          -6.232e+00              17.523          -1.316e+01             180.860           1.928e+01     
  62.000         270.000           -5.153e+00          -5.887e+00              17.237          -1.324e+01             180.803           1.969e+01     
  61.000         270.000           -4.881e+00          -5.553e+00              16.947          -1.332e+01             180.746           2.011e+01     
  60.000         270.000           -4.614e+00          -5.229e+00              16.654          -1.341e+01             180.689           2.054e+01     
  59.000         270.000           -4.351e+00          -4.914e+00              16.359          -1.350e+01             180.632           2.098e+01     
  58.000         270.000           -4.092e+00          -4.608e+00              16.062          -1.360e+01             180.576           2.143e+01     
  57.000         270.000           -3.837e+00          -4.310e+00              15.763          -1.370e+01             180.520           2.188e+01     
  56.000         270.000           -3.587e+00          -4.021e+00              15.462          -1.381e+01             180.466           2.235e+01     
  55.000         270.000           -3.342e+00          -3.739e+00              15.160          -1.392e+01             180.412           2.282e+01     
  54.000         270.000           -3.100e+00          -3.465e+00              14.856          -1.404e+01             180.360           2.329e+01     
  53.000         270.000           -2.863e+00          -3.198e+00              14.552          -1.416e+01             180.309           2.378e+01     
  52.000         270.000           -2.631e+00          -2.938e+00              14.247          -1.429e+01             180.259           2.427e+01     
  51.000         270.000           -2.403e+00          -2.684e+00              13.942          -1.443e+01             180.212           2.477e+01     
  50.000         270.000           -2.179e+00          -2.436e+00              13.637          -1.457e+01             180.166           2.528e+01     
  49.000         270.000           -1.959e+00          -2.195e+00              13.331          -1.472e+01             180.123           2.580e+01     
  48.000         270.000           -1.743e+00          -1.959e+00              13.026          -1.488e+01             180.083           2.633e+01     
  47.000         270.000           -1.532e+00          -1.730e+00              12.722          -1.505e+01             180.046           2.687e+01     
  46.000         270.000           -1.325e+00          -1.506e+00              12.419          -1.522e+01             180.013           2.742e+01     
  45.000         270.000           -1.123e+00          -1.288e+00              12.116          -1.541e+01             179.983           2.798e+01     
  44.000         270.000           -9.242e-01          -1.075e+00              11.816          -1.560e+01             179.958           2.856e+01     
  43.000         270.000           -7.300e-01          -8.673e-01              11.516          -1.580e+01             179.938           2.914e+01     
  42.000         270.000           -5.400e-01          -6.650e-01              11.218          -1.601e+01             179.923           2.975e+01     
  41.000         270.000           -3.543e-01          -4.680e-01              10.922          -1.623e+01             179.915           3.037e+01     
  40.000         270.000           -1.729e-01          -2.760e-01              10.628          -1.647e+01             179.913           3.100e+01     
  39.000         270.000            4.341e-03          -8.911e-02              10.336          -1.671e+01             179.919           3.166e+01     
  38.000         270.000            1.773e-01           9.277e-02              10.046          -1.697e+01             179.934           3.234e+01     
  37.000         270.000            3.459e-01           2.697e-01               9.759          -1.725e+01             179.959           3.304e+01     
  36.000         270.000            5.103e-01           4.417e-01               9.475          -1.754e+01             179.995           3.378e+01     
  35.000         270.000            6.704e-01           6.088e-01               9.193          -1.784e+01             180.044           3.454e+01     
  34.000         270.000            8.262e-01           7.710e-01               8.914          -1.816e+01             180.107           3.534e+01     
  33.000         270.000            9.776e-01           9.284e-01               8.639          -1.850e+01             180.188           3.618e+01     
  32.000         270.000            1.125e+00           1.081e+00               8.366          -1.886e+01             180.287           3.707e+01     
  31.000         270.000            1.267e+00           1.229e+00               8.097          -1.924e+01             180.409           3.802e+01     
  30.000         270.000            1.406e+00           1.372e+00               7.832          -1.965e+01             180.557           3.904e+01     
  29.000         270.000            1.540e+00           1.510e+00               7.570          -2.009e+01             180.735           4.000e+01     
  28.000         270.000            1.669e+00           1.643e+00               7.311          -2.055e+01             180.950           4.000e+01     
  27.000         270.000            1.795e+00           1.772e+00               7.056          -2.105e+01             181.208           4.000e+01     
  26.000         270.000            1.915e+00           1.896e+00               6.805          -2.158e+01             181.517           4.000e+01     
  25.000         270.000            2.031e+00           2.015e+00               6.558          -2.216e+01             181.891           4.000e+01     
  24.000         270.000            2.143e+00           2.129e+00               6.315          -2.278e+01             182.343           4.000e+01     
  23.000         270.000            2.250e+00           2.239e+00               6.076          -2.346e+01             182.895           4.000e+01     
  22.000         270.000            2.353e+00           2.344e+00               5.841          -2.420e+01             183.573           4.000e+01     
  21.000         270.000            2.451e+00           2.444e+00               5.611          -2.502e+01             184.416           4.000e+01     
  20.000         270.000            2.545e+00           2.539e+00               5.384          -2.593e+01             185.480           4.000e+01     
  19.000         270.000            2.634e+00           2.629e+00               5.162          -2.695e+01             186.850           4.000e+01     
  18.000         270.000            2.718e+00           2.715e+00               4.944          -2.810e+01             188.657           4.000e+01     
  17.000         270.000            2.798e+00           2.796e+00               4.731          -2.942e+01             191.116           4.000e+01     
  16.000         270.000            2.873e+00           2.872e+00               4.522          -3.097e+01             194.606           4.000e+01     
  15.000         270.000            2.944e+00           2.943e+00               4.318          -3.279e+01             199.837           4.000e+01     
  14.000         270.000            3.010e+00           3.009e+00               4.118          -3.496e+01             208.244           4.000e+01     
  13.000         270.000            3.071e+00           3.071e+00               3.923          -3.741e+01             222.785           4.000e+01     
  12.000         270.000            3.128e+00           3.127e+00               3.732          -3.943e+01             247.795           4.000e+01     
  11.000         270.000            3.179e+00           3.179e+00               3.546          -3.934e+01             279.765           4.000e+01     
  10.000         270.000            3.227e+00           3.226e+00               3.365          -3.722e+01             303.990           4.000e+01     
   9.000         270.000            3.269e+00           3.268e+00               3.188          -3.478e+01             317.976           4.000e+01     
   8.000         270.000            3.307e+00           3.306e+00               3.016          -3.262e+01             326.094           4.000e+01     
   7.000         270.000            3.340e+00           3.338e+00               2.849          -3.081e+01             331.170           3.974e+01     
   6.000         270.000            3.368e+00           3.366e+00               2.687          -2.927e+01             334.569           3.917e+01     
   5.000         270.000            3.392e+00           3.388e+00               2.529          -2.795e+01             336.971           3.864e+01     
   4.000         270.000            3.410e+00           3.406e+00               2.377          -2.679e+01             338.737           3.814e+01     
   3.000         270.000            3.424e+00           3.419e+00               2.229          -2.577e+01             340.078           3.767e+01     
   2.000         270.000            3.434e+00           3.427e+00               2.086          -2.486e+01             341.119           3.723e+01     
   1.000         270.000            3.438e+00           3.431e+00               1.947          -2.404e+01             341.942           3.680e+01     
