Theta [deg.]  Phi   [deg.]  Abs(Dir.)[dBi   ]   Abs(Theta)[dBi   ]  Phase(Theta)[deg.]  Abs(Phi  )[dBi   ]  Phase(Phi  )[deg.]  Ax.Ratio[dB    ]    
------------------------------------------------------------------------------------------------------------------------------------------------------
   0.000           0.000           -1.361e+00          -2.437e+01             220.221          -1.383e+00             246.802           3.001e+01     
   1.000           0.000           -1.432e+00          -2.451e+01             219.626          -1.453e+00             245.806           3.020e+01     
   2.000           0.000           -1.502e+00          -2.465e+01             219.021          -1.523e+00             244.807           3.039e+01     
   3.000           0.000           -1.571e+00          -2.480e+01             218.409          -1.592e+00             243.806           3.059e+01     
   4.000           0.000           -1.639e+00          -2.495e+01             217.787          -1.660e+00             242.804           3.080e+01     
   5.000           0.000           -1.707e+00          -2.511e+01             217.158          -1.727e+00             241.801           3.101e+01     
   6.000           0.000           -1.773e+00          -2.527e+01             216.519          -1.793e+00             240.797           3.123e+01     
   7.000           0.000           -1.838e+00          -2.543e+01             215.870          -1.857e+00             239.794           3.145e+01     
   8.000           0.000           -1.902e+00          -2.560e+01             215.212          -1.921e+00             238.791           3.167e+01     
   9.000           0.000           -1.965e+00          -2.578e+01             214.544          -1.983e+00             237.789           3.190e+01     
  10.000           0.000           -2.027e+00          -2.596e+01             213.866          -2.045e+00             236.789           3.214e+01     
  11.000           0.000           -2.088e+00          -2.615e+01             213.177          -2.105e+00             235.791           3.237e+01     
  12.000           0.000           -2.147e+00          -2.634e+01             212.476          -2.163e+00             234.797           3.261e+01     
  13.000           0.000           -2.205e+00          -2.654e+01             211.764          -2.221e+00             233.806           3.286e+01     
  14.000           0.000           -2.261e+00          -2.674e+01             211.039          -2.277e+00             232.820           3.310e+01     
  15.000           0.000           -2.317e+00          -2.695e+01             210.302          -2.332e+00             231.838           3.335e+01     
  16.000           0.000           -2.371e+00          -2.717e+01             209.552          -2.385e+00             230.862           3.360e+01     
  17.000           0.000           -2.423e+00          -2.739e+01             208.787          -2.437e+00             229.892           3.385e+01     
  18.000           0.000           -2.474e+00          -2.762e+01             208.007          -2.487e+00             228.929           3.410e+01     
  19.000           0.000           -2.524e+00          -2.785e+01             207.212          -2.536e+00             227.974           3.435e+01     
  20.000           0.000           -2.572e+00          -2.810e+01             206.400          -2.584e+00             227.028           3.459e+01     
  21.000           0.000           -2.618e+00          -2.835e+01             205.571          -2.630e+00             226.090           3.484e+01     
  22.000           0.000           -2.664e+00          -2.860e+01             204.723          -2.675e+00             225.162           3.509e+01     
  23.000           0.000           -2.707e+00          -2.887e+01             203.856          -2.718e+00             224.245           3.533e+01     
  24.000           0.000           -2.749e+00          -2.914e+01             202.967          -2.759e+00             223.338           3.557e+01     
  25.000           0.000           -2.790e+00          -2.943e+01             202.055          -2.800e+00             222.444           3.580e+01     
  26.000           0.000           -2.829e+00          -2.972e+01             201.118          -2.838e+00             221.563           3.603e+01     
  27.000           0.000           -2.867e+00          -3.002e+01             200.154          -2.876e+00             220.694           3.626e+01     
  28.000           0.000           -2.904e+00          -3.034e+01             199.162          -2.911e+00             219.840           3.648e+01     
  29.000           0.000           -2.939e+00          -3.066e+01             198.137          -2.946e+00             219.000           3.670e+01     
  30.000           0.000           -2.972e+00          -3.100e+01             197.078          -2.979e+00             218.176           3.690e+01     
  31.000           0.000           -3.004e+00          -3.134e+01             195.980          -3.011e+00             217.367           3.711e+01     
  32.000           0.000           -3.035e+00          -3.171e+01             194.839          -3.041e+00             216.576           3.730e+01     
  33.000           0.000           -3.065e+00          -3.208e+01             193.651          -3.070e+00             215.801           3.749e+01     
  34.000           0.000           -3.093e+00          -3.247e+01             192.409          -3.098e+00             215.045           3.768e+01     
  35.000           0.000           -3.120e+00          -3.288e+01             191.107          -3.124e+00             214.307           3.785e+01     
  36.000           0.000           -3.145e+00          -3.330e+01             189.737          -3.150e+00             213.588           3.802e+01     
  37.000           0.000           -3.170e+00          -3.374e+01             188.288          -3.174e+00             212.888           3.819e+01     
  38.000           0.000           -3.193e+00          -3.420e+01             186.750          -3.197e+00             212.209           3.835e+01     
  39.000           0.000           -3.215e+00          -3.469e+01             185.109          -3.219e+00             211.551           3.850e+01     
  40.000           0.000           -3.237e+00          -3.520e+01             183.346          -3.239e+00             210.914           3.865e+01     
  41.000           0.000           -3.257e+00          -3.573e+01             181.442          -3.259e+00             210.298           3.880e+01     
  42.000           0.000           -3.276e+00          -3.629e+01             179.371          -3.278e+00             209.705           3.895e+01     
  43.000           0.000           -3.294e+00          -3.688e+01             177.099          -3.296e+00             209.135           3.909e+01     
  44.000           0.000           -3.311e+00          -3.750e+01             174.588          -3.313e+00             208.587           3.923e+01     
  45.000           0.000           -3.327e+00          -3.815e+01             171.785          -3.329e+00             208.063           3.938e+01     
  46.000           0.000           -3.342e+00          -3.883e+01             168.628          -3.344e+00             207.563           3.953e+01     
  47.000           0.000           -3.357e+00          -3.955e+01             165.036          -3.358e+00             207.087           3.968e+01     
  48.000           0.000           -3.371e+00          -4.031e+01             160.907          -3.372e+00             206.636           3.984e+01     
  49.000           0.000           -3.384e+00          -4.108e+01             156.119          -3.384e+00             206.209           4.000e+01     
  50.000           0.000           -3.396e+00          -4.187e+01             150.527          -3.397e+00             205.808           4.000e+01     
  51.000           0.000           -3.408e+00          -4.264e+01             143.977          -3.408e+00             205.433           4.000e+01     
  52.000           0.000           -3.418e+00          -4.337e+01             136.335          -3.419e+00             205.083           4.000e+01     
  53.000           0.000           -3.429e+00          -4.398e+01             127.546          -3.429e+00             204.760           4.000e+01     
  54.000           0.000           -3.438e+00          -4.443e+01             117.725          -3.439e+00             204.463           4.000e+01     
  55.000           0.000           -3.447e+00          -4.464e+01             107.217          -3.448e+00             204.192           4.000e+01     
  56.000           0.000           -3.456e+00          -4.459e+01              96.575          -3.456e+00             203.948           4.000e+01     
  57.000           0.000           -3.464e+00          -4.428e+01              86.396          -3.464e+00             203.731           4.000e+01     
  58.000           0.000           -3.471e+00          -4.377e+01              77.133          -3.471e+00             203.541           4.000e+01     
  59.000           0.000           -3.478e+00          -4.313e+01              69.000          -3.478e+00             203.379           4.000e+01     
  60.000           0.000           -3.484e+00          -4.241e+01              62.008          -3.485e+00             203.243           4.000e+01     
  61.000           0.000           -3.490e+00          -4.167e+01              56.052          -3.491e+00             203.136           4.000e+01     
  62.000           0.000           -3.495e+00          -4.093e+01              50.980          -3.496e+00             203.056           4.000e+01     
  63.000           0.000           -3.500e+00          -4.020e+01              46.641          -3.501e+00             203.003           4.000e+01     
  64.000           0.000           -3.504e+00          -3.951e+01              42.902          -3.505e+00             202.979           4.000e+01     
  65.000           0.000           -3.508e+00          -3.885e+01              39.651          -3.509e+00             202.982           4.000e+01     
  66.000           0.000           -3.511e+00          -3.822e+01              36.799          -3.512e+00             203.013           4.000e+01     
  67.000           0.000           -3.513e+00          -3.762e+01              34.276          -3.515e+00             203.072           4.000e+01     
  68.000           0.000           -3.515e+00          -3.706e+01              32.024          -3.517e+00             203.158           4.000e+01     
  69.000           0.000           -3.516e+00          -3.653e+01              29.999          -3.519e+00             203.273           4.000e+01     
  70.000           0.000           -3.517e+00          -3.602e+01              28.166          -3.520e+00             203.415           4.000e+01     
  71.000           0.000           -3.517e+00          -3.554e+01              26.495          -3.520e+00             203.585           4.000e+01     
  72.000           0.000           -3.517e+00          -3.509e+01              24.963          -3.520e+00             203.783           4.000e+01     
  73.000           0.000           -3.515e+00          -3.465e+01              23.553          -3.519e+00             204.008           4.000e+01     
  74.000           0.000           -3.513e+00          -3.424e+01              22.247          -3.517e+00             204.261           4.000e+01     
  75.000           0.000           -3.511e+00          -3.385e+01              21.035          -3.515e+00             204.541           4.000e+01     
  76.000           0.000           -3.507e+00          -3.347e+01              19.904          -3.511e+00             204.847           4.000e+01     
  77.000           0.000           -3.502e+00          -3.312e+01              18.847          -3.507e+00             205.181           4.000e+01     
  78.000           0.000           -3.497e+00          -3.277e+01              17.856          -3.502e+00             205.542           4.000e+01     
  79.000           0.000           -3.491e+00          -3.244e+01              16.924          -3.496e+00             205.929           4.000e+01     
  80.000           0.000           -3.483e+00          -3.213e+01              16.047          -3.489e+00             206.342           4.000e+01     
  81.000           0.000           -3.475e+00          -3.182e+01              15.220          -3.481e+00             206.781           4.000e+01     
  82.000           0.000           -3.466e+00          -3.153e+01              14.438          -3.472e+00             207.245           4.000e+01     
  83.000           0.000           -3.455e+00          -3.125e+01              13.699          -3.462e+00             207.735           4.000e+01     
  84.000           0.000           -3.443e+00          -3.098e+01              13.000          -3.451e+00             208.249           3.914e+01     
  85.000           0.000           -3.430e+00          -3.072e+01              12.338          -3.438e+00             208.788           3.825e+01     
  86.000           0.000           -3.416e+00          -3.047e+01              11.710          -3.424e+00             209.351           3.743e+01     
  87.000           0.000           -3.400e+00          -3.022e+01              11.116          -3.409e+00             209.937           3.666e+01     
  88.000           0.000           -3.383e+00          -2.999e+01              10.553          -3.392e+00             210.547           3.594e+01     
  89.000           0.000           -3.364e+00          -2.976e+01              10.019          -3.374e+00             211.179           3.526e+01     
  90.000           0.000           -3.344e+00          -2.954e+01               9.513          -3.355e+00             211.832           3.462e+01     
  91.000           0.000           -3.323e+00          -2.933e+01               9.035          -3.333e+00             212.508           3.401e+01     
  92.000           0.000           -3.299e+00          -2.913e+01               8.583          -3.311e+00             213.204           3.344e+01     
  93.000           0.000           -3.274e+00          -2.893e+01               8.156          -3.286e+00             213.920           3.290e+01     
  94.000           0.000           -3.248e+00          -2.874e+01               7.753          -3.260e+00             214.656           3.238e+01     
  95.000           0.000           -3.219e+00          -2.855e+01               7.374          -3.232e+00             215.410           3.189e+01     
  96.000           0.000           -3.189e+00          -2.837e+01               7.017          -3.203e+00             216.183           3.143e+01     
  97.000           0.000           -3.157e+00          -2.819e+01               6.682          -3.171e+00             216.973           3.099e+01     
  98.000           0.000           -3.124e+00          -2.802e+01               6.369          -3.138e+00             217.780           3.057e+01     
  99.000           0.000           -3.088e+00          -2.786e+01               6.076          -3.103e+00             218.603           3.017e+01     
 100.000           0.000           -3.051e+00          -2.770e+01               5.805          -3.066e+00             219.441           2.979e+01     
 101.000           0.000           -3.011e+00          -2.754e+01               5.553          -3.027e+00             220.294           2.942e+01     
 102.000           0.000           -2.970e+00          -2.739e+01               5.320          -2.986e+00             221.160           2.908e+01     
 103.000           0.000           -2.927e+00          -2.725e+01               5.107          -2.943e+00             222.039           2.875e+01     
 104.000           0.000           -2.882e+00          -2.711e+01               4.912          -2.898e+00             222.930           2.844e+01     
 105.000           0.000           -2.835e+00          -2.697e+01               4.736          -2.851e+00             223.832           2.814e+01     
 106.000           0.000           -2.786e+00          -2.683e+01               4.578          -2.803e+00             224.744           2.786e+01     
 107.000           0.000           -2.735e+00          -2.670e+01               4.438          -2.752e+00             225.666           2.759e+01     
 108.000           0.000           -2.682e+00          -2.658e+01               4.316          -2.700e+00             226.597           2.734e+01     
 109.000           0.000           -2.627e+00          -2.646e+01               4.210          -2.645e+00             227.536           2.710e+01     
 110.000           0.000           -2.571e+00          -2.634e+01               4.122          -2.589e+00             228.481           2.688e+01     
 111.000           0.000           -2.512e+00          -2.622e+01               4.050          -2.531e+00             229.433           2.666e+01     
 112.000           0.000           -2.452e+00          -2.611e+01               3.994          -2.471e+00             230.391           2.646e+01     
 113.000           0.000           -2.390e+00          -2.600e+01               3.955          -2.409e+00             231.354           2.627e+01     
 114.000           0.000           -2.327e+00          -2.590e+01               3.932          -2.346e+00             232.320           2.609e+01     
 115.000           0.000           -2.261e+00          -2.579e+01               3.924          -2.281e+00             233.290           2.592e+01     
 116.000           0.000           -2.194e+00          -2.569e+01               3.932          -2.214e+00             234.263           2.577e+01     
 117.000           0.000           -2.126e+00          -2.560e+01               3.955          -2.146e+00             235.238           2.562e+01     
 118.000           0.000           -2.056e+00          -2.550e+01               3.994          -2.076e+00             236.214           2.548e+01     
 119.000           0.000           -1.985e+00          -2.541e+01               4.047          -2.004e+00             237.190           2.536e+01     
 120.000           0.000           -1.912e+00          -2.532e+01               4.114          -1.932e+00             238.167           2.524e+01     
 121.000           0.000           -1.838e+00          -2.524e+01               4.196          -1.858e+00             239.143           2.513e+01     
 122.000           0.000           -1.762e+00          -2.515e+01               4.292          -1.782e+00             240.118           2.503e+01     
 123.000           0.000           -1.686e+00          -2.507e+01               4.402          -1.706e+00             241.092           2.494e+01     
 124.000           0.000           -1.608e+00          -2.499e+01               4.525          -1.628e+00             242.063           2.485e+01     
 125.000           0.000           -1.529e+00          -2.491e+01               4.662          -1.549e+00             243.032           2.477e+01     
 126.000           0.000           -1.450e+00          -2.484e+01               4.812          -1.470e+00             243.998           2.470e+01     
 127.000           0.000           -1.369e+00          -2.477e+01               4.975          -1.389e+00             244.961           2.464e+01     
 128.000           0.000           -1.288e+00          -2.470e+01               5.150          -1.307e+00             245.920           2.458e+01     
 129.000           0.000           -1.205e+00          -2.463e+01               5.338          -1.225e+00             246.874           2.453e+01     
 130.000           0.000           -1.122e+00          -2.456e+01               5.538          -1.142e+00             247.824           2.449e+01     
 131.000           0.000           -1.039e+00          -2.450e+01               5.750          -1.059e+00             248.770           2.445e+01     
 132.000           0.000           -9.548e-01          -2.444e+01               5.973          -9.743e-01             249.710           2.442e+01     
 133.000           0.000           -8.702e-01          -2.438e+01               6.208          -8.897e-01             250.645           2.439e+01     
 134.000           0.000           -7.853e-01          -2.432e+01               6.453          -8.046e-01             251.574           2.437e+01     
 135.000           0.000           -7.000e-01          -2.426e+01               6.709          -7.191e-01             252.497           2.435e+01     
 136.000           0.000           -6.144e-01          -2.421e+01               6.976          -6.334e-01             253.414           2.433e+01     
 137.000           0.000           -5.285e-01          -2.415e+01               7.252          -5.474e-01             254.325           2.433e+01     
 138.000           0.000           -4.426e-01          -2.410e+01               7.538          -4.613e-01             255.230           2.432e+01     
 139.000           0.000           -3.565e-01          -2.405e+01               7.834          -3.751e-01             256.128           2.432e+01     
 140.000           0.000           -2.704e-01          -2.400e+01               8.139          -2.889e-01             257.020           2.432e+01     
 141.000           0.000           -1.844e-01          -2.395e+01               8.452          -2.027e-01             257.904           2.433e+01     
 142.000           0.000           -9.843e-02          -2.391e+01               8.773          -1.165e-01             258.782           2.433e+01     
 143.000           0.000           -1.261e-02          -2.386e+01               9.103          -3.054e-02             259.653           2.435e+01     
 144.000           0.000            7.302e-02          -2.382e+01               9.440           5.526e-02             260.517           2.436e+01     
 145.000           0.000            1.584e-01          -2.378e+01               9.784           1.408e-01             261.373           2.438e+01     
 146.000           0.000            2.435e-01          -2.374e+01              10.136           2.261e-01             262.223           2.440e+01     
 147.000           0.000            3.282e-01          -2.370e+01              10.493           3.110e-01             263.065           2.442e+01     
 148.000           0.000            4.126e-01          -2.366e+01              10.857           3.956e-01             263.900           2.444e+01     
 149.000           0.000            4.965e-01          -2.362e+01              11.226           4.797e-01             264.728           2.447e+01     
 150.000           0.000            5.800e-01          -2.359e+01              11.600           5.633e-01             265.548           2.450e+01     
 151.000           0.000            6.629e-01          -2.355e+01              11.979           6.465e-01             266.361           2.453e+01     
 152.000           0.000            7.453e-01          -2.352e+01              12.363           7.290e-01             267.167           2.456e+01     
 153.000           0.000            8.272e-01          -2.349e+01              12.750           8.110e-01             267.965           2.459e+01     
 154.000           0.000            9.084e-01          -2.346e+01              13.141           8.924e-01             268.756           2.463e+01     
 155.000           0.000            9.889e-01          -2.343e+01              13.535           9.732e-01             269.539           2.466e+01     
 156.000           0.000            1.069e+00          -2.340e+01              13.932           1.053e+00             270.315           2.470e+01     
 157.000           0.000            1.148e+00          -2.337e+01              14.331           1.133e+00             271.084           2.474e+01     
 158.000           0.000            1.226e+00          -2.334e+01              14.732           1.211e+00             271.845           2.478e+01     
 159.000           0.000            1.304e+00          -2.332e+01              15.134           1.289e+00             272.599           2.482e+01     
 160.000           0.000            1.381e+00          -2.329e+01              15.537           1.366e+00             273.346           2.486e+01     
 161.000           0.000            1.457e+00          -2.327e+01              15.941           1.442e+00             274.085           2.490e+01     
 162.000           0.000            1.532e+00          -2.325e+01              16.344           1.518e+00             274.817           2.495e+01     
 163.000           0.000            1.606e+00          -2.323e+01              16.748           1.592e+00             275.542           2.499e+01     
 164.000           0.000            1.680e+00          -2.321e+01              17.150           1.666e+00             276.259           2.504e+01     
 165.000           0.000            1.753e+00          -2.319e+01              17.551           1.739e+00             276.969           2.508e+01     
 166.000           0.000            1.824e+00          -2.318e+01              17.951           1.811e+00             277.672           2.513e+01     
 167.000           0.000            1.895e+00          -2.316e+01              18.348           1.881e+00             278.368           2.518e+01     
 168.000           0.000            1.965e+00          -2.315e+01              18.743           1.951e+00             279.056           2.523e+01     
 169.000           0.000            2.034e+00          -2.314e+01              19.136           2.021e+00             279.737           2.527e+01     
 170.000           0.000            2.102e+00          -2.313e+01              19.524           2.089e+00             280.410           2.533e+01     
 171.000           0.000            2.169e+00          -2.312e+01              19.909           2.156e+00             281.076           2.538e+01     
 172.000           0.000            2.235e+00          -2.311e+01              20.290           2.222e+00             281.735           2.543e+01     
 173.000           0.000            2.300e+00          -2.310e+01              20.667           2.287e+00             282.387           2.548e+01     
 174.000           0.000            2.364e+00          -2.310e+01              21.038           2.351e+00             283.031           2.553e+01     
 175.000           0.000            2.427e+00          -2.309e+01              21.405           2.414e+00             283.668           2.559e+01     
 176.000           0.000            2.489e+00          -2.309e+01              21.765           2.477e+00             284.298           2.564e+01     
 177.000           0.000            2.550e+00          -2.309e+01              22.120           2.538e+00             284.920           2.570e+01     
 178.000           0.000            2.610e+00          -2.309e+01              22.468           2.598e+00             285.535           2.575e+01     
 179.000           0.000            2.668e+00          -2.310e+01              22.810           2.657e+00             286.143           2.581e+01     
 180.000           0.000            2.726e+00          -2.310e+01              23.144           2.715e+00             286.742           2.587e+01     
 179.000         180.000            2.783e+00          -2.311e+01             203.471           2.772e+00             107.335           2.593e+01     
 178.000         180.000            2.839e+00          -2.312e+01             203.790           2.828e+00             107.921           2.599e+01     
 177.000         180.000            2.894e+00          -2.313e+01             204.101           2.883e+00             108.499           2.605e+01     
 176.000         180.000            2.947e+00          -2.314e+01             204.403           2.937e+00             109.069           2.612e+01     
 175.000         180.000            3.000e+00          -2.316e+01             204.697           2.990e+00             109.632           2.618e+01     
 174.000         180.000            3.052e+00          -2.317e+01             204.981           3.041e+00             110.188           2.625e+01     
 173.000         180.000            3.102e+00          -2.319e+01             205.256           3.092e+00             110.736           2.631e+01     
 172.000         180.000            3.152e+00          -2.322e+01             205.520           3.142e+00             111.276           2.638e+01     
 171.000         180.000            3.200e+00          -2.324e+01             205.775           3.191e+00             111.809           2.645e+01     
 170.000         180.000            3.248e+00          -2.327e+01             206.019           3.238e+00             112.334           2.652e+01     
 169.000         180.000            3.294e+00          -2.330e+01             206.252           3.285e+00             112.852           2.660e+01     
 168.000         180.000            3.340e+00          -2.333e+01             206.474           3.330e+00             113.361           2.667e+01     
 167.000         180.000            3.384e+00          -2.336e+01             206.685           3.375e+00             113.863           2.675e+01     
 166.000         180.000            3.427e+00          -2.340e+01             206.883           3.418e+00             114.357           2.683e+01     
 165.000         180.000            3.470e+00          -2.344e+01             207.069           3.461e+00             114.844           2.691e+01     
 164.000         180.000            3.511e+00          -2.348e+01             207.242           3.502e+00             115.322           2.699e+01     
 163.000         180.000            3.551e+00          -2.353e+01             207.403           3.543e+00             115.793           2.707e+01     
 162.000         180.000            3.590e+00          -2.358e+01             207.549           3.582e+00             116.255           2.716e+01     
 161.000         180.000            3.629e+00          -2.363e+01             207.682           3.620e+00             116.709           2.725e+01     
 160.000         180.000            3.666e+00          -2.368e+01             207.801           3.658e+00             117.156           2.734e+01     
 159.000         180.000            3.702e+00          -2.374e+01             207.904           3.694e+00             117.594           2.744e+01     
 158.000         180.000            3.737e+00          -2.380e+01             207.993           3.729e+00             118.024           2.753e+01     
 157.000         180.000            3.771e+00          -2.387e+01             208.065           3.764e+00             118.446           2.763e+01     
 156.000         180.000            3.804e+00          -2.394e+01             208.122           3.797e+00             118.859           2.774e+01     
 155.000         180.000            3.836e+00          -2.401e+01             208.162           3.829e+00             119.264           2.784e+01     
 154.000         180.000            3.868e+00          -2.409e+01             208.184           3.861e+00             119.661           2.795e+01     
 153.000         180.000            3.898e+00          -2.417e+01             208.188           3.891e+00             120.049           2.806e+01     
 152.000         180.000            3.927e+00          -2.425e+01             208.174           3.920e+00             120.429           2.818e+01     
 151.000         180.000            3.955e+00          -2.434e+01             208.140           3.949e+00             120.800           2.830e+01     
 150.000         180.000            3.982e+00          -2.443e+01             208.087           3.976e+00             121.163           2.842e+01     
 149.000         180.000            4.008e+00          -2.453e+01             208.012           4.002e+00             121.517           2.855e+01     
 148.000         180.000            4.034e+00          -2.463e+01             207.916           4.028e+00             121.862           2.868e+01     
 147.000         180.000            4.058e+00          -2.473e+01             207.797           4.052e+00             122.199           2.881e+01     
 146.000         180.000            4.081e+00          -2.484e+01             207.655           4.076e+00             122.527           2.895e+01     
 145.000         180.000            4.104e+00          -2.496e+01             207.488           4.098e+00             122.846           2.909e+01     
 144.000         180.000            4.125e+00          -2.508e+01             207.295           4.120e+00             123.156           2.924e+01     
 143.000         180.000            4.145e+00          -2.520e+01             207.075           4.140e+00             123.457           2.940e+01     
 142.000         180.000            4.165e+00          -2.533e+01             206.827           4.160e+00             123.749           2.956e+01     
 141.000         180.000            4.183e+00          -2.547e+01             206.549           4.179e+00             124.032           2.972e+01     
 140.000         180.000            4.201e+00          -2.561e+01             206.240           4.196e+00             124.305           2.989e+01     
 139.000         180.000            4.218e+00          -2.575e+01             205.897           4.213e+00             124.570           3.006e+01     
 138.000         180.000            4.233e+00          -2.590e+01             205.520           4.229e+00             124.825           3.025e+01     
 137.000         180.000            4.248e+00          -2.606e+01             205.106           4.244e+00             125.072           3.044e+01     
 136.000         180.000            4.262e+00          -2.622e+01             204.652           4.258e+00             125.308           3.063e+01     
 135.000         180.000            4.275e+00          -2.639e+01             204.157           4.271e+00             125.536           3.083e+01     
 134.000         180.000            4.287e+00          -2.656e+01             203.617           4.284e+00             125.754           3.104e+01     
 133.000         180.000            4.298e+00          -2.674e+01             203.030           4.295e+00             125.962           3.126e+01     
 132.000         180.000            4.308e+00          -2.693e+01             202.393           4.305e+00             126.161           3.149e+01     
 131.000         180.000            4.318e+00          -2.712e+01             201.703           4.315e+00             126.351           3.173e+01     
 130.000         180.000            4.326e+00          -2.732e+01             200.954           4.323e+00             126.531           3.197e+01     
 129.000         180.000            4.334e+00          -2.753e+01             200.144           4.331e+00             126.701           3.223e+01     
 128.000         180.000            4.340e+00          -2.774e+01             199.268           4.338e+00             126.862           3.250e+01     
 127.000         180.000            4.346e+00          -2.796e+01             198.320           4.344e+00             127.013           3.278e+01     
 126.000         180.000            4.351e+00          -2.819e+01             197.296           4.349e+00             127.154           3.307e+01     
 125.000         180.000            4.355e+00          -2.842e+01             196.190           4.353e+00             127.285           3.337e+01     
 124.000         180.000            4.358e+00          -2.865e+01             194.995           4.356e+00             127.407           3.369e+01     
 123.000         180.000            4.360e+00          -2.890e+01             193.704           4.358e+00             127.518           3.403e+01     
 122.000         180.000            4.362e+00          -2.914e+01             192.310           4.360e+00             127.620           3.438e+01     
 121.000         180.000            4.362e+00          -2.939e+01             190.805           4.360e+00             127.712           3.475e+01     
 120.000         180.000            4.362e+00          -2.965e+01             189.181           4.360e+00             127.794           3.514e+01     
 119.000         180.000            4.360e+00          -2.991e+01             187.430           4.359e+00             127.866           3.556e+01     
 118.000         180.000            4.358e+00          -3.017e+01             185.542           4.357e+00             127.927           3.599e+01     
 117.000         180.000            4.355e+00          -3.043e+01             183.508           4.354e+00             127.979           3.646e+01     
 116.000         180.000            4.351e+00          -3.069e+01             181.321           4.350e+00             128.021           3.696e+01     
 115.000         180.000            4.346e+00          -3.094e+01             178.972           4.345e+00             128.053           3.749e+01     
 114.000         180.000            4.341e+00          -3.119e+01             176.454           4.340e+00             128.074           3.806e+01     
 113.000         180.000            4.334e+00          -3.143e+01             173.763           4.333e+00             128.085           3.867e+01     
 112.000         180.000            4.327e+00          -3.165e+01             170.896           4.326e+00             128.087           3.933e+01     
 111.000         180.000            4.319e+00          -3.186e+01             167.855           4.318e+00             128.078           4.000e+01     
 110.000         180.000            4.310e+00          -3.205e+01             164.643           4.309e+00             128.058           4.000e+01     
 109.000         180.000            4.300e+00          -3.222e+01             161.272           4.299e+00             128.029           4.000e+01     
 108.000         180.000            4.289e+00          -3.236e+01             157.756           4.288e+00             127.989           4.000e+01     
 107.000         180.000            4.278e+00          -3.246e+01             154.116           4.277e+00             127.940           4.000e+01     
 106.000         180.000            4.265e+00          -3.254e+01             150.379           4.265e+00             127.879           4.000e+01     
 105.000         180.000            4.252e+00          -3.257e+01             146.574           4.251e+00             127.809           4.000e+01     
 104.000         180.000            4.238e+00          -3.257e+01             142.737           4.237e+00             127.728           4.000e+01     
 103.000         180.000            4.223e+00          -3.253e+01             138.901           4.222e+00             127.637           4.000e+01     
 102.000         180.000            4.207e+00          -3.245e+01             135.103           4.207e+00             127.536           4.000e+01     
 101.000         180.000            4.191e+00          -3.234e+01             131.375           4.190e+00             127.425           4.000e+01     
 100.000         180.000            4.173e+00          -3.220e+01             127.746           4.172e+00             127.303           4.000e+01     
  99.000         180.000            4.155e+00          -3.202e+01             124.241           4.154e+00             127.171           4.000e+01     
  98.000         180.000            4.136e+00          -3.182e+01             120.877           4.135e+00             127.028           4.000e+01     
  97.000         180.000            4.116e+00          -3.159e+01             117.668           4.115e+00             126.876           4.000e+01     
  96.000         180.000            4.095e+00          -3.135e+01             114.622           4.094e+00             126.713           4.000e+01     
  95.000         180.000            4.074e+00          -3.109e+01             111.742           4.072e+00             126.539           4.000e+01     
  94.000         180.000            4.051e+00          -3.083e+01             109.027           4.050e+00             126.356           4.000e+01     
  93.000         180.000            4.028e+00          -3.055e+01             106.474           4.026e+00             126.162           4.000e+01     
  92.000         180.000            4.004e+00          -3.027e+01             104.078           4.002e+00             125.958           4.000e+01     
  91.000         180.000            3.979e+00          -2.998e+01             101.830           3.977e+00             125.744           4.000e+01     
  90.000         180.000            3.953e+00          -2.970e+01              99.724           3.951e+00             125.519           4.000e+01     
  89.000         180.000            3.926e+00          -2.941e+01              97.749           3.924e+00             125.284           4.000e+01     
  88.000         180.000            3.899e+00          -2.913e+01              95.898           3.897e+00             125.039           3.928e+01     
  87.000         180.000            3.870e+00          -2.885e+01              94.161           3.868e+00             124.784           3.858e+01     
  86.000         180.000            3.841e+00          -2.858e+01              92.530           3.839e+00             124.518           3.794e+01     
  85.000         180.000            3.811e+00          -2.831e+01              90.997           3.809e+00             124.243           3.734e+01     
  84.000         180.000            3.780e+00          -2.804e+01              89.554           3.778e+00             123.957           3.678e+01     
  83.000         180.000            3.749e+00          -2.779e+01              88.194           3.746e+00             123.661           3.626e+01     
  82.000         180.000            3.716e+00          -2.753e+01              86.910           3.713e+00             123.355           3.577e+01     
  81.000         180.000            3.683e+00          -2.729e+01              85.696           3.679e+00             123.039           3.531e+01     
  80.000         180.000            3.649e+00          -2.705e+01              84.546           3.645e+00             122.712           3.488e+01     
  79.000         180.000            3.614e+00          -2.682e+01              83.456           3.610e+00             122.376           3.447e+01     
  78.000         180.000            3.578e+00          -2.659e+01              82.419           3.574e+00             122.030           3.408e+01     
  77.000         180.000            3.541e+00          -2.637e+01              81.433           3.537e+00             121.673           3.371e+01     
  76.000         180.000            3.503e+00          -2.616e+01              80.492           3.499e+00             121.307           3.335e+01     
  75.000         180.000            3.465e+00          -2.595e+01              79.594           3.460e+00             120.931           3.302e+01     
  74.000         180.000            3.426e+00          -2.575e+01              78.734           3.420e+00             120.544           3.270e+01     
  73.000         180.000            3.386e+00          -2.556e+01              77.911           3.380e+00             120.148           3.239e+01     
  72.000         180.000            3.345e+00          -2.537e+01              77.120           3.339e+00             119.742           3.210e+01     
  71.000         180.000            3.303e+00          -2.519e+01              76.359           3.297e+00             119.326           3.182e+01     
  70.000         180.000            3.260e+00          -2.502e+01              75.626           3.254e+00             118.900           3.156e+01     
  69.000         180.000            3.217e+00          -2.485e+01              74.919           3.210e+00             118.465           3.130e+01     
  68.000         180.000            3.173e+00          -2.469e+01              74.235           3.165e+00             118.019           3.106e+01     
  67.000         180.000            3.127e+00          -2.453e+01              73.573           3.120e+00             117.564           3.083e+01     
  66.000         180.000            3.081e+00          -2.438e+01              72.932           3.074e+00             117.099           3.060e+01     
  65.000         180.000            3.035e+00          -2.424e+01              72.309           3.026e+00             116.625           3.039e+01     
  64.000         180.000            2.987e+00          -2.410e+01              71.703           2.978e+00             116.140           3.018e+01     
  63.000         180.000            2.938e+00          -2.396e+01              71.113           2.930e+00             115.646           2.998e+01     
  62.000         180.000            2.889e+00          -2.384e+01              70.538           2.880e+00             115.143           2.980e+01     
  61.000         180.000            2.839e+00          -2.371e+01              69.976           2.829e+00             114.630           2.961e+01     
  60.000         180.000            2.788e+00          -2.359e+01              69.426           2.778e+00             114.107           2.944e+01     
  59.000         180.000            2.736e+00          -2.348e+01              68.888           2.726e+00             113.575           2.928e+01     
  58.000         180.000            2.683e+00          -2.337e+01              68.360           2.673e+00             113.033           2.912e+01     
  57.000         180.000            2.630e+00          -2.327e+01              67.842           2.619e+00             112.482           2.897e+01     
  56.000         180.000            2.576e+00          -2.317e+01              67.333           2.564e+00             111.922           2.882e+01     
  55.000         180.000            2.521e+00          -2.308e+01              66.832           2.509e+00             111.352           2.869e+01     
  54.000         180.000            2.465e+00          -2.299e+01              66.338           2.452e+00             110.772           2.855e+01     
  53.000         180.000            2.408e+00          -2.291e+01              65.851           2.395e+00             110.183           2.843e+01     
  52.000         180.000            2.350e+00          -2.283e+01              65.370           2.337e+00             109.585           2.831e+01     
  51.000         180.000            2.292e+00          -2.276e+01              64.895           2.278e+00             108.978           2.820e+01     
  50.000         180.000            2.233e+00          -2.269e+01              64.424           2.219e+00             108.361           2.809e+01     
  49.000         180.000            2.173e+00          -2.262e+01              63.958           2.159e+00             107.736           2.799e+01     
  48.000         180.000            2.112e+00          -2.256e+01              63.496           2.097e+00             107.101           2.790e+01     
  47.000         180.000            2.051e+00          -2.250e+01              63.038           2.036e+00             106.456           2.781e+01     
  46.000         180.000            1.989e+00          -2.245e+01              62.583           1.973e+00             105.803           2.773e+01     
  45.000         180.000            1.926e+00          -2.240e+01              62.130           1.910e+00             105.141           2.765e+01     
  44.000         180.000            1.862e+00          -2.236e+01              61.680           1.845e+00             104.469           2.758e+01     
  43.000         180.000            1.797e+00          -2.232e+01              61.232           1.781e+00             103.788           2.752e+01     
  42.000         180.000            1.732e+00          -2.229e+01              60.785           1.715e+00             103.099           2.746e+01     
  41.000         180.000            1.666e+00          -2.225e+01              60.340           1.649e+00             102.400           2.740e+01     
  40.000         180.000            1.600e+00          -2.223e+01              59.896           1.582e+00             101.693           2.735e+01     
  39.000         180.000            1.532e+00          -2.220e+01              59.452           1.514e+00             100.976           2.731e+01     
  38.000         180.000            1.465e+00          -2.218e+01              59.009           1.446e+00             100.251           2.727e+01     
  37.000         180.000            1.396e+00          -2.217e+01              58.566           1.377e+00              99.517           2.724e+01     
  36.000         180.000            1.327e+00          -2.216e+01              58.122           1.307e+00              98.773           2.721e+01     
  35.000         180.000            1.257e+00          -2.215e+01              57.678           1.237e+00              98.022           2.719e+01     
  34.000         180.000            1.186e+00          -2.215e+01              57.234           1.166e+00              97.261           2.717e+01     
  33.000         180.000            1.115e+00          -2.215e+01              56.788           1.095e+00              96.492           2.716e+01     
  32.000         180.000            1.044e+00          -2.215e+01              56.342           1.023e+00              95.714           2.715e+01     
  31.000         180.000            9.715e-01          -2.216e+01              55.894           9.503e-01              94.927           2.715e+01     
  30.000         180.000            8.988e-01          -2.217e+01              55.444           8.773e-01              94.132           2.716e+01     
  29.000         180.000            8.256e-01          -2.219e+01              54.992           8.039e-01              93.329           2.717e+01     
  28.000         180.000            7.519e-01          -2.221e+01              54.539           7.299e-01              92.517           2.719e+01     
  27.000         180.000            6.778e-01          -2.224e+01              54.083           6.555e-01              91.696           2.721e+01     
  26.000         180.000            6.033e-01          -2.226e+01              53.624           5.808e-01              90.868           2.724e+01     
  25.000         180.000            5.284e-01          -2.230e+01              53.163           5.056e-01              90.031           2.727e+01     
  24.000         180.000            4.531e-01          -2.233e+01              52.699           4.301e-01              89.185           2.731e+01     
  23.000         180.000            3.775e-01          -2.237e+01              52.232           3.543e-01              88.332           2.735e+01     
  22.000         180.000            3.015e-01          -2.241e+01              51.762           2.782e-01              87.471           2.740e+01     
  21.000         180.000            2.254e-01          -2.246e+01              51.288           2.019e-01              86.602           2.746e+01     
  20.000         180.000            1.490e-01          -2.251e+01              50.811           1.254e-01              85.725           2.752e+01     
  19.000         180.000            7.237e-02          -2.257e+01              50.330           4.866e-02              84.840           2.758e+01     
  18.000         180.000           -4.378e-03          -2.263e+01              49.845          -2.818e-02              83.948           2.766e+01     
  17.000         180.000           -8.124e-02          -2.269e+01              49.356          -1.051e-01              83.049           2.774e+01     
  16.000         180.000           -1.582e-01          -2.276e+01              48.862          -1.821e-01              82.142           2.782e+01     
  15.000         180.000           -2.351e-01          -2.283e+01              48.364          -2.591e-01              81.228           2.791e+01     
  14.000         180.000           -3.121e-01          -2.290e+01              47.861          -3.361e-01              80.307           2.801e+01     
  13.000         180.000           -3.890e-01          -2.298e+01              47.353          -4.129e-01              79.379           2.811e+01     
  12.000         180.000           -4.658e-01          -2.306e+01              46.840          -4.897e-01              78.444           2.822e+01     
  11.000         180.000           -5.424e-01          -2.315e+01              46.322          -5.663e-01              77.503           2.834e+01     
  10.000         180.000           -6.188e-01          -2.324e+01              45.799          -6.426e-01              76.556           2.846e+01     
   9.000         180.000           -6.950e-01          -2.334e+01              45.270          -7.187e-01              75.603           2.859e+01     
   8.000         180.000           -7.709e-01          -2.343e+01              44.735          -7.945e-01              74.644           2.872e+01     
   7.000         180.000           -8.465e-01          -2.354e+01              44.194          -8.699e-01              73.680           2.886e+01     
   6.000         180.000           -9.216e-01          -2.364e+01              43.646          -9.449e-01              72.710           2.901e+01     
   5.000         180.000           -9.963e-01          -2.375e+01              43.093          -1.019e+00              71.736           2.916e+01     
   4.000         180.000           -1.070e+00          -2.387e+01              42.533          -1.093e+00              70.757           2.932e+01     
   3.000         180.000           -1.144e+00          -2.399e+01              41.966          -1.167e+00              69.774           2.948e+01     
   2.000         180.000           -1.217e+00          -2.411e+01              41.391          -1.240e+00              68.786           2.965e+01     
   1.000         180.000           -1.290e+00          -2.424e+01              40.810          -1.312e+00              67.796           2.983e+01     
