Theta [deg.]  Phi   [deg.]  Abs(Dir.)[dBi   ]   Abs(Theta)[dBi   ]  Phase(Theta)[deg.]  Abs(Phi  )[dBi   ]  Phase(Phi  )[deg.]  Ax.Ratio[dB    ]    
------------------------------------------------------------------------------------------------------------------------------------------------------
   0.000           0.000            2.823e+00          -1.410e+01             257.383           2.734e+00             224.807           2.234e+01     
   1.000           0.000            2.837e+00          -1.413e+01             257.110           2.749e+00             224.535           2.238e+01     
   2.000           0.000            2.850e+00          -1.416e+01             256.841           2.763e+00             224.264           2.242e+01     
   3.000           0.000            2.863e+00          -1.419e+01             256.575           2.776e+00             223.995           2.247e+01     
   4.000           0.000            2.875e+00          -1.422e+01             256.312           2.789e+00             223.729           2.251e+01     
   5.000           0.000            2.886e+00          -1.426e+01             256.052           2.801e+00             223.464           2.256e+01     
   6.000           0.000            2.897e+00          -1.430e+01             255.796           2.813e+00             223.202           2.261e+01     
   7.000           0.000            2.907e+00          -1.435e+01             255.542           2.824e+00             222.942           2.266e+01     
   8.000           0.000            2.916e+00          -1.439e+01             255.292           2.835e+00             222.685           2.271e+01     
   9.000           0.000            2.925e+00          -1.444e+01             255.045           2.845e+00             222.429           2.277e+01     
  10.000           0.000            2.934e+00          -1.450e+01             254.801           2.854e+00             222.177           2.283e+01     
  11.000           0.000            2.941e+00          -1.455e+01             254.560           2.863e+00             221.927           2.289e+01     
  12.000           0.000            2.949e+00          -1.462e+01             254.323           2.872e+00             221.679           2.296e+01     
  13.000           0.000            2.955e+00          -1.468e+01             254.088           2.880e+00             221.434           2.303e+01     
  14.000           0.000            2.961e+00          -1.475e+01             253.855           2.887e+00             221.192           2.310e+01     
  15.000           0.000            2.967e+00          -1.482e+01             253.626           2.894e+00             220.953           2.317e+01     
  16.000           0.000            2.972e+00          -1.489e+01             253.400           2.900e+00             220.717           2.325e+01     
  17.000           0.000            2.976e+00          -1.497e+01             253.176           2.906e+00             220.484           2.333e+01     
  18.000           0.000            2.980e+00          -1.505e+01             252.955           2.911e+00             220.253           2.341e+01     
  19.000           0.000            2.983e+00          -1.514e+01             252.736           2.916e+00             220.026           2.350e+01     
  20.000           0.000            2.986e+00          -1.523e+01             252.520           2.920e+00             219.802           2.358e+01     
  21.000           0.000            2.989e+00          -1.532e+01             252.307           2.924e+00             219.581           2.368e+01     
  22.000           0.000            2.990e+00          -1.542e+01             252.095           2.927e+00             219.363           2.378e+01     
  23.000           0.000            2.992e+00          -1.552e+01             251.886           2.930e+00             219.149           2.388e+01     
  24.000           0.000            2.993e+00          -1.562e+01             251.679           2.933e+00             218.938           2.398e+01     
  25.000           0.000            2.994e+00          -1.573e+01             251.474           2.935e+00             218.731           2.409e+01     
  26.000           0.000            2.994e+00          -1.585e+01             251.271           2.937e+00             218.527           2.420e+01     
  27.000           0.000            2.994e+00          -1.597e+01             251.070           2.938e+00             218.327           2.432e+01     
  28.000           0.000            2.993e+00          -1.609e+01             250.870           2.939e+00             218.131           2.444e+01     
  29.000           0.000            2.992e+00          -1.622e+01             250.672           2.939e+00             217.938           2.457e+01     
  30.000           0.000            2.991e+00          -1.635e+01             250.475           2.940e+00             217.749           2.470e+01     
  31.000           0.000            2.989e+00          -1.649e+01             250.280           2.939e+00             217.564           2.484e+01     
  32.000           0.000            2.987e+00          -1.663e+01             250.085           2.939e+00             217.382           2.498e+01     
  33.000           0.000            2.984e+00          -1.677e+01             249.891           2.938e+00             217.205           2.513e+01     
  34.000           0.000            2.982e+00          -1.693e+01             249.697           2.937e+00             217.032           2.528e+01     
  35.000           0.000            2.979e+00          -1.709e+01             249.504           2.936e+00             216.863           2.544e+01     
  36.000           0.000            2.975e+00          -1.725e+01             249.310           2.934e+00             216.698           2.561e+01     
  37.000           0.000            2.972e+00          -1.742e+01             249.117           2.932e+00             216.537           2.578e+01     
  38.000           0.000            2.968e+00          -1.760e+01             248.922           2.930e+00             216.380           2.597e+01     
  39.000           0.000            2.964e+00          -1.778e+01             248.726           2.927e+00             216.228           2.615e+01     
  40.000           0.000            2.960e+00          -1.797e+01             248.529           2.925e+00             216.080           2.635e+01     
  41.000           0.000            2.955e+00          -1.816e+01             248.330           2.922e+00             215.937           2.655e+01     
  42.000           0.000            2.951e+00          -1.836e+01             248.128           2.919e+00             215.798           2.677e+01     
  43.000           0.000            2.946e+00          -1.858e+01             247.923           2.915e+00             215.664           2.699e+01     
  44.000           0.000            2.941e+00          -1.879e+01             247.715           2.912e+00             215.534           2.722e+01     
  45.000           0.000            2.936e+00          -1.902e+01             247.502           2.908e+00             215.408           2.746e+01     
  46.000           0.000            2.931e+00          -1.925e+01             247.283           2.904e+00             215.288           2.771e+01     
  47.000           0.000            2.925e+00          -1.950e+01             247.059           2.900e+00             215.172           2.798e+01     
  48.000           0.000            2.920e+00          -1.975e+01             246.827           2.896e+00             215.061           2.826e+01     
  49.000           0.000            2.914e+00          -2.002e+01             246.587           2.892e+00             214.955           2.855e+01     
  50.000           0.000            2.908e+00          -2.029e+01             246.337           2.888e+00             214.854           2.885e+01     
  51.000           0.000            2.903e+00          -2.058e+01             246.076           2.883e+00             214.757           2.917e+01     
  52.000           0.000            2.897e+00          -2.088e+01             245.801           2.879e+00             214.666           2.951e+01     
  53.000           0.000            2.891e+00          -2.119e+01             245.512           2.874e+00             214.579           2.987e+01     
  54.000           0.000            2.885e+00          -2.151e+01             245.206           2.869e+00             214.498           3.024e+01     
  55.000           0.000            2.879e+00          -2.185e+01             244.879           2.865e+00             214.422           3.064e+01     
  56.000           0.000            2.873e+00          -2.221e+01             244.529           2.860e+00             214.350           3.106e+01     
  57.000           0.000            2.867e+00          -2.258e+01             244.151           2.855e+00             214.284           3.151e+01     
  58.000           0.000            2.862e+00          -2.297e+01             243.743           2.850e+00             214.223           3.199e+01     
  59.000           0.000            2.856e+00          -2.338e+01             243.297           2.845e+00             214.167           3.250e+01     
  60.000           0.000            2.850e+00          -2.382e+01             242.807           2.841e+00             214.117           3.305e+01     
  61.000           0.000            2.844e+00          -2.428e+01             242.267           2.836e+00             214.071           3.364e+01     
  62.000           0.000            2.838e+00          -2.476e+01             241.664           2.831e+00             214.031           3.428e+01     
  63.000           0.000            2.833e+00          -2.528e+01             240.989           2.826e+00             213.996           3.498e+01     
  64.000           0.000            2.827e+00          -2.583e+01             240.224           2.821e+00             213.967           3.574e+01     
  65.000           0.000            2.822e+00          -2.641e+01             239.352           2.816e+00             213.943           3.659e+01     
  66.000           0.000            2.816e+00          -2.704e+01             238.346           2.812e+00             213.924           3.753e+01     
  67.000           0.000            2.811e+00          -2.772e+01             237.173           2.807e+00             213.910           3.860e+01     
  68.000           0.000            2.806e+00          -2.845e+01             235.788           2.802e+00             213.902           3.983e+01     
  69.000           0.000            2.801e+00          -2.924e+01             234.132           2.798e+00             213.899           4.000e+01     
  70.000           0.000            2.796e+00          -3.011e+01             232.118           2.793e+00             213.902           4.000e+01     
  71.000           0.000            2.791e+00          -3.106e+01             229.627           2.789e+00             213.909           4.000e+01     
  72.000           0.000            2.786e+00          -3.210e+01             226.482           2.785e+00             213.923           4.000e+01     
  73.000           0.000            2.781e+00          -3.324e+01             222.421           2.780e+00             213.941           4.000e+01     
  74.000           0.000            2.777e+00          -3.449e+01             217.048           2.776e+00             213.965           4.000e+01     
  75.000           0.000            2.772e+00          -3.583e+01             209.778           2.772e+00             213.995           4.000e+01     
  76.000           0.000            2.768e+00          -3.718e+01             199.821           2.768e+00             214.029           4.000e+01     
  77.000           0.000            2.764e+00          -3.836e+01             186.425           2.764e+00             214.069           4.000e+01     
  78.000           0.000            2.760e+00          -3.903e+01             169.760           2.760e+00             214.115           4.000e+01     
  79.000           0.000            2.756e+00          -3.890e+01             151.983           2.756e+00             214.165           4.000e+01     
  80.000           0.000            2.753e+00          -3.805e+01             136.179           2.752e+00             214.221           4.000e+01     
  81.000           0.000            2.749e+00          -3.679e+01             123.879           2.749e+00             214.282           3.954e+01     
  82.000           0.000            2.746e+00          -3.543e+01             114.841           2.745e+00             214.349           3.830e+01     
  83.000           0.000            2.743e+00          -3.412e+01             108.243           2.742e+00             214.421           3.721e+01     
  84.000           0.000            2.740e+00          -3.290e+01             103.351           2.739e+00             214.497           3.625e+01     
  85.000           0.000            2.737e+00          -3.179e+01              99.642           2.735e+00             214.579           3.538e+01     
  86.000           0.000            2.734e+00          -3.079e+01              96.766           2.732e+00             214.667           3.459e+01     
  87.000           0.000            2.731e+00          -2.987e+01              94.491           2.729e+00             214.759           3.387e+01     
  88.000           0.000            2.729e+00          -2.903e+01              92.660           2.726e+00             214.856           3.321e+01     
  89.000           0.000            2.726e+00          -2.826e+01              91.163           2.723e+00             214.958           3.259e+01     
  90.000           0.000            2.724e+00          -2.755e+01              89.925           2.720e+00             215.066           3.202e+01     
  91.000           0.000            2.722e+00          -2.689e+01              88.891           2.717e+00             215.178           3.148e+01     
  92.000           0.000            2.720e+00          -2.628e+01              88.019           2.715e+00             215.295           3.098e+01     
  93.000           0.000            2.718e+00          -2.570e+01              87.280           2.712e+00             215.417           3.051e+01     
  94.000           0.000            2.716e+00          -2.517e+01              86.649           2.709e+00             215.543           3.006e+01     
  95.000           0.000            2.715e+00          -2.466e+01              86.109           2.707e+00             215.675           2.964e+01     
  96.000           0.000            2.713e+00          -2.419e+01              85.644           2.704e+00             215.811           2.924e+01     
  97.000           0.000            2.711e+00          -2.374e+01              85.244           2.702e+00             215.952           2.886e+01     
  98.000           0.000            2.710e+00          -2.331e+01              84.900           2.699e+00             216.097           2.849e+01     
  99.000           0.000            2.708e+00          -2.291e+01              84.604           2.696e+00             216.247           2.815e+01     
 100.000           0.000            2.707e+00          -2.253e+01              84.349           2.694e+00             216.401           2.782e+01     
 101.000           0.000            2.706e+00          -2.216e+01              84.131           2.692e+00             216.560           2.750e+01     
 102.000           0.000            2.704e+00          -2.181e+01              83.946           2.689e+00             216.723           2.720e+01     
 103.000           0.000            2.703e+00          -2.148e+01              83.788           2.687e+00             216.890           2.691e+01     
 104.000           0.000            2.702e+00          -2.116e+01              83.656           2.684e+00             217.062           2.664e+01     
 105.000           0.000            2.701e+00          -2.085e+01              83.547           2.681e+00             217.237           2.637e+01     
 106.000           0.000            2.699e+00          -2.056e+01              83.459           2.679e+00             217.417           2.612e+01     
 107.000           0.000            2.698e+00          -2.028e+01              83.388           2.676e+00             217.601           2.587e+01     
 108.000           0.000            2.697e+00          -2.001e+01              83.335           2.673e+00             217.788           2.564e+01     
 109.000           0.000            2.695e+00          -1.975e+01              83.296           2.671e+00             217.980           2.541e+01     
 110.000           0.000            2.694e+00          -1.950e+01              83.272           2.668e+00             218.175           2.519e+01     
 111.000           0.000            2.692e+00          -1.926e+01              83.260           2.665e+00             218.374           2.498e+01     
 112.000           0.000            2.691e+00          -1.903e+01              83.259           2.662e+00             218.576           2.478e+01     
 113.000           0.000            2.689e+00          -1.881e+01              83.269           2.658e+00             218.783           2.459e+01     
 114.000           0.000            2.688e+00          -1.859e+01              83.288           2.655e+00             218.992           2.440e+01     
 115.000           0.000            2.686e+00          -1.838e+01              83.317           2.652e+00             219.205           2.422e+01     
 116.000           0.000            2.684e+00          -1.818e+01              83.353           2.648e+00             219.422           2.404e+01     
 117.000           0.000            2.681e+00          -1.799e+01              83.397           2.644e+00             219.641           2.388e+01     
 118.000           0.000            2.679e+00          -1.780e+01              83.448           2.640e+00             219.864           2.371e+01     
 119.000           0.000            2.677e+00          -1.762e+01              83.506           2.636e+00             220.090           2.356e+01     
 120.000           0.000            2.674e+00          -1.745e+01              83.569           2.632e+00             220.319           2.341e+01     
 121.000           0.000            2.671e+00          -1.728e+01              83.637           2.627e+00             220.550           2.326e+01     
 122.000           0.000            2.668e+00          -1.712e+01              83.711           2.622e+00             220.785           2.313e+01     
 123.000           0.000            2.665e+00          -1.696e+01              83.789           2.617e+00             221.022           2.299e+01     
 124.000           0.000            2.661e+00          -1.681e+01              83.872           2.612e+00             221.263           2.286e+01     
 125.000           0.000            2.657e+00          -1.666e+01              83.958           2.606e+00             221.505           2.274e+01     
 126.000           0.000            2.653e+00          -1.652e+01              84.047           2.601e+00             221.751           2.262e+01     
 127.000           0.000            2.649e+00          -1.638e+01              84.140           2.594e+00             221.998           2.250e+01     
 128.000           0.000            2.644e+00          -1.625e+01              84.236           2.588e+00             222.248           2.239e+01     
 129.000           0.000            2.639e+00          -1.612e+01              84.335           2.581e+00             222.501           2.229e+01     
 130.000           0.000            2.634e+00          -1.600e+01              84.436           2.574e+00             222.755           2.219e+01     
 131.000           0.000            2.629e+00          -1.588e+01              84.539           2.567e+00             223.012           2.209e+01     
 132.000           0.000            2.623e+00          -1.577e+01              84.644           2.559e+00             223.271           2.200e+01     
 133.000           0.000            2.616e+00          -1.566e+01              84.750           2.551e+00             223.531           2.191e+01     
 134.000           0.000            2.610e+00          -1.555e+01              84.858           2.543e+00             223.794           2.182e+01     
 135.000           0.000            2.603e+00          -1.545e+01              84.968           2.534e+00             224.059           2.174e+01     
 136.000           0.000            2.595e+00          -1.535e+01              85.078           2.525e+00             224.325           2.166e+01     
 137.000           0.000            2.587e+00          -1.526e+01              85.189           2.516e+00             224.593           2.159e+01     
 138.000           0.000            2.579e+00          -1.517e+01              85.301           2.506e+00             224.862           2.152e+01     
 139.000           0.000            2.571e+00          -1.508e+01              85.414           2.495e+00             225.133           2.145e+01     
 140.000           0.000            2.561e+00          -1.500e+01              85.526           2.485e+00             225.405           2.139e+01     
 141.000           0.000            2.552e+00          -1.492e+01              85.639           2.473e+00             225.679           2.133e+01     
 142.000           0.000            2.542e+00          -1.484e+01              85.752           2.462e+00             225.954           2.127e+01     
 143.000           0.000            2.531e+00          -1.477e+01              85.865           2.450e+00             226.231           2.122e+01     
 144.000           0.000            2.520e+00          -1.470e+01              85.977           2.437e+00             226.508           2.117e+01     
 145.000           0.000            2.509e+00          -1.463e+01              86.089           2.424e+00             226.786           2.113e+01     
 146.000           0.000            2.497e+00          -1.457e+01              86.200           2.411e+00             227.066           2.108e+01     
 147.000           0.000            2.485e+00          -1.451e+01              86.310           2.397e+00             227.346           2.105e+01     
 148.000           0.000            2.472e+00          -1.446e+01              86.420           2.383e+00             227.627           2.101e+01     
 149.000           0.000            2.458e+00          -1.440e+01              86.528           2.368e+00             227.909           2.098e+01     
 150.000           0.000            2.444e+00          -1.435e+01              86.635           2.353e+00             228.192           2.095e+01     
 151.000           0.000            2.430e+00          -1.431e+01              86.741           2.337e+00             228.475           2.092e+01     
 152.000           0.000            2.415e+00          -1.426e+01              86.845           2.320e+00             228.759           2.090e+01     
 153.000           0.000            2.399e+00          -1.422e+01              86.948           2.304e+00             229.043           2.088e+01     
 154.000           0.000            2.383e+00          -1.419e+01              87.049           2.286e+00             229.328           2.086e+01     
 155.000           0.000            2.366e+00          -1.415e+01              87.147           2.268e+00             229.613           2.085e+01     
 156.000           0.000            2.349e+00          -1.412e+01              87.244           2.250e+00             229.899           2.084e+01     
 157.000           0.000            2.331e+00          -1.409e+01              87.339           2.231e+00             230.184           2.083e+01     
 158.000           0.000            2.313e+00          -1.407e+01              87.432           2.212e+00             230.470           2.083e+01     
 159.000           0.000            2.294e+00          -1.404e+01              87.522           2.192e+00             230.756           2.083e+01     
 160.000           0.000            2.275e+00          -1.403e+01              87.609           2.172e+00             231.042           2.083e+01     
 161.000           0.000            2.255e+00          -1.401e+01              87.694           2.151e+00             231.328           2.084e+01     
 162.000           0.000            2.234e+00          -1.400e+01              87.776           2.130e+00             231.613           2.084e+01     
 163.000           0.000            2.213e+00          -1.398e+01              87.855           2.108e+00             231.899           2.086e+01     
 164.000           0.000            2.191e+00          -1.398e+01              87.931           2.085e+00             232.184           2.087e+01     
 165.000           0.000            2.169e+00          -1.397e+01              88.004           2.062e+00             232.469           2.089e+01     
 166.000           0.000            2.147e+00          -1.397e+01              88.074           2.039e+00             232.754           2.091e+01     
 167.000           0.000            2.123e+00          -1.397e+01              88.140           2.015e+00             233.038           2.094e+01     
 168.000           0.000            2.099e+00          -1.398e+01              88.202           1.991e+00             233.322           2.097e+01     
 169.000           0.000            2.075e+00          -1.398e+01              88.261           1.966e+00             233.605           2.100e+01     
 170.000           0.000            2.050e+00          -1.399e+01              88.316           1.941e+00             233.888           2.104e+01     
 171.000           0.000            2.025e+00          -1.401e+01              88.367           1.915e+00             234.170           2.108e+01     
 172.000           0.000            1.999e+00          -1.402e+01              88.414           1.889e+00             234.451           2.112e+01     
 173.000           0.000            1.972e+00          -1.404e+01              88.456           1.862e+00             234.732           2.117e+01     
 174.000           0.000            1.945e+00          -1.406e+01              88.494           1.835e+00             235.011           2.122e+01     
 175.000           0.000            1.918e+00          -1.409e+01              88.528           1.807e+00             235.290           2.127e+01     
 176.000           0.000            1.890e+00          -1.411e+01              88.557           1.779e+00             235.567           2.133e+01     
 177.000           0.000            1.861e+00          -1.414e+01              88.581           1.751e+00             235.844           2.139e+01     
 178.000           0.000            1.832e+00          -1.418e+01              88.600           1.722e+00             236.120           2.146e+01     
 179.000           0.000            1.803e+00          -1.421e+01              88.614           1.693e+00             236.394           2.153e+01     
 180.000           0.000            1.773e+00          -1.425e+01              88.623           1.663e+00             236.667           2.160e+01     
 179.000         180.000            1.743e+00          -1.429e+01             268.626           1.633e+00              56.939           2.168e+01     
 178.000         180.000            1.712e+00          -1.434e+01             268.624           1.603e+00              57.209           2.176e+01     
 177.000         180.000            1.681e+00          -1.438e+01             268.615           1.572e+00              57.479           2.185e+01     
 176.000         180.000            1.650e+00          -1.443e+01             268.601           1.541e+00              57.746           2.194e+01     
 175.000         180.000            1.618e+00          -1.449e+01             268.581           1.510e+00              58.012           2.203e+01     
 174.000         180.000            1.586e+00          -1.454e+01             268.554           1.478e+00              58.277           2.213e+01     
 173.000         180.000            1.553e+00          -1.460e+01             268.521           1.447e+00              58.540           2.224e+01     
 172.000         180.000            1.520e+00          -1.467e+01             268.481           1.414e+00              58.801           2.235e+01     
 171.000         180.000            1.487e+00          -1.473e+01             268.434           1.382e+00              59.060           2.246e+01     
 170.000         180.000            1.454e+00          -1.480e+01             268.380           1.350e+00              59.318           2.258e+01     
 169.000         180.000            1.420e+00          -1.487e+01             268.319           1.317e+00              59.574           2.271e+01     
 168.000         180.000            1.386e+00          -1.495e+01             268.250           1.284e+00              59.827           2.284e+01     
 167.000         180.000            1.352e+00          -1.503e+01             268.173           1.251e+00              60.079           2.298e+01     
 166.000         180.000            1.318e+00          -1.511e+01             268.088           1.218e+00              60.328           2.312e+01     
 165.000         180.000            1.283e+00          -1.519e+01             267.995           1.184e+00              60.576           2.327e+01     
 164.000         180.000            1.248e+00          -1.528e+01             267.893           1.151e+00              60.821           2.342e+01     
 163.000         180.000            1.214e+00          -1.537e+01             267.783           1.117e+00              61.064           2.359e+01     
 162.000         180.000            1.179e+00          -1.546e+01             267.663           1.084e+00              61.304           2.375e+01     
 161.000         180.000            1.144e+00          -1.556e+01             267.533           1.050e+00              61.542           2.393e+01     
 160.000         180.000            1.109e+00          -1.566e+01             267.394           1.017e+00              61.777           2.411e+01     
 159.000         180.000            1.074e+00          -1.577e+01             267.244           9.830e-01              62.010           2.431e+01     
 158.000         180.000            1.039e+00          -1.588e+01             267.084           9.495e-01              62.241           2.451e+01     
 157.000         180.000            1.004e+00          -1.599e+01             266.913           9.160e-01              62.468           2.471e+01     
 156.000         180.000            9.688e-01          -1.610e+01             266.731           8.827e-01              62.693           2.493e+01     
 155.000         180.000            9.339e-01          -1.622e+01             266.537           8.495e-01              62.914           2.516e+01     
 154.000         180.000            8.991e-01          -1.634e+01             266.330           8.164e-01              63.133           2.539e+01     
 153.000         180.000            8.645e-01          -1.647e+01             266.111           7.835e-01              63.349           2.564e+01     
 152.000         180.000            8.300e-01          -1.660e+01             265.879           7.508e-01              63.562           2.590e+01     
 151.000         180.000            7.957e-01          -1.673e+01             265.633           7.184e-01              63.771           2.617e+01     
 150.000         180.000            7.617e-01          -1.687e+01             265.372           6.862e-01              63.977           2.645e+01     
 149.000         180.000            7.279e-01          -1.702e+01             265.096           6.542e-01              64.180           2.674e+01     
 148.000         180.000            6.944e-01          -1.716e+01             264.805           6.226e-01              64.379           2.705e+01     
 147.000         180.000            6.612e-01          -1.731e+01             264.497           5.914e-01              64.575           2.738e+01     
 146.000         180.000            6.283e-01          -1.747e+01             264.172           5.605e-01              64.768           2.772e+01     
 145.000         180.000            5.958e-01          -1.763e+01             263.829           5.299e-01              64.956           2.808e+01     
 144.000         180.000            5.637e-01          -1.779e+01             263.467           4.998e-01              65.141           2.846e+01     
 143.000         180.000            5.321e-01          -1.796e+01             263.085           4.702e-01              65.322           2.885e+01     
 142.000         180.000            5.009e-01          -1.813e+01             262.681           4.410e-01              65.499           2.927e+01     
 141.000         180.000            4.702e-01          -1.831e+01             262.256           4.123e-01              65.673           2.972e+01     
 140.000         180.000            4.400e-01          -1.849e+01             261.807           3.842e-01              65.842           3.019e+01     
 139.000         180.000            4.104e-01          -1.868e+01             261.334           3.566e-01              66.006           3.070e+01     
 138.000         180.000            3.814e-01          -1.888e+01             260.834           3.295e-01              66.167           3.123e+01     
 137.000         180.000            3.529e-01          -1.908e+01             260.306           3.031e-01              66.323           3.181e+01     
 136.000         180.000            3.251e-01          -1.928e+01             259.749           2.773e-01              66.475           3.243e+01     
 135.000         180.000            2.980e-01          -1.949e+01             259.160           2.521e-01              66.623           3.310e+01     
 134.000         180.000            2.715e-01          -1.971e+01             258.537           2.277e-01              66.766           3.383e+01     
 133.000         180.000            2.458e-01          -1.993e+01             257.878           2.039e-01              66.904           3.462e+01     
 132.000         180.000            2.208e-01          -2.016e+01             257.181           1.809e-01              67.037           3.550e+01     
 131.000         180.000            1.966e-01          -2.040e+01             256.442           1.586e-01              67.166           3.648e+01     
 130.000         180.000            1.732e-01          -2.064e+01             255.658           1.371e-01              67.290           3.759e+01     
 129.000         180.000            1.507e-01          -2.089e+01             254.827           1.163e-01              67.408           3.885e+01     
 128.000         180.000            1.289e-01          -2.114e+01             253.944           9.642e-02              67.522           4.000e+01     
 127.000         180.000            1.081e-01          -2.141e+01             253.004           7.734e-02              67.631           4.000e+01     
 126.000         180.000            8.815e-02          -2.168e+01             252.004           5.912e-02              67.734           4.000e+01     
 125.000         180.000            6.912e-02          -2.195e+01             250.938           4.177e-02              67.832           4.000e+01     
 124.000         180.000            5.102e-02          -2.224e+01             249.800           2.532e-02              67.925           4.000e+01     
 123.000         180.000            3.389e-02          -2.253e+01             248.584           9.776e-03              68.012           4.000e+01     
 122.000         180.000            1.774e-02          -2.283e+01             247.282          -4.841e-03              68.094           4.000e+01     
 121.000         180.000            2.592e-03          -2.314e+01             245.887          -1.851e-02              68.171           4.000e+01     
 120.000         180.000           -1.154e-02          -2.346e+01             244.390          -3.123e-02              68.242           4.000e+01     
 119.000         180.000           -2.464e-02          -2.378e+01             242.780          -4.297e-02              68.307           4.000e+01     
 118.000         180.000           -3.669e-02          -2.411e+01             241.048          -5.373e-02              68.366           4.000e+01     
 117.000         180.000           -4.768e-02          -2.445e+01             239.181          -6.348e-02              68.420           4.000e+01     
 116.000         180.000           -5.759e-02          -2.479e+01             237.167          -7.223e-02              68.468           3.890e+01     
 115.000         180.000           -6.642e-02          -2.513e+01             234.992          -7.996e-02              68.510           3.770e+01     
 114.000         180.000           -7.414e-02          -2.548e+01             232.641          -8.666e-02              68.546           3.666e+01     
 113.000         180.000           -8.075e-02          -2.583e+01             230.099          -9.232e-02              68.576           3.574e+01     
 112.000         180.000           -8.624e-02          -2.618e+01             227.353          -9.694e-02              68.600           3.491e+01     
 111.000         180.000           -9.061e-02          -2.652e+01             224.386          -1.005e-01              68.619           3.417e+01     
 110.000         180.000           -9.384e-02          -2.685e+01             221.187          -1.030e-01              68.631           3.349e+01     
 109.000         180.000           -9.594e-02          -2.717e+01             217.747          -1.045e-01              68.637           3.287e+01     
 108.000         180.000           -9.689e-02          -2.747e+01             214.060          -1.049e-01              68.637           3.229e+01     
 107.000         180.000           -9.670e-02          -2.774e+01             210.129          -1.042e-01              68.631           3.176e+01     
 106.000         180.000           -9.536e-02          -2.798e+01             205.964          -1.024e-01              68.618           3.127e+01     
 105.000         180.000           -9.288e-02          -2.818e+01             201.585          -9.963e-02              68.600           3.081e+01     
 104.000         180.000           -8.925e-02          -2.834e+01             197.025          -9.575e-02              68.576           3.037e+01     
 103.000         180.000           -8.449e-02          -2.845e+01             192.326          -9.082e-02              68.545           2.997e+01     
 102.000         180.000           -7.858e-02          -2.850e+01             187.541          -8.482e-02              68.508           2.959e+01     
 101.000         180.000           -7.154e-02          -2.850e+01             182.726          -7.777e-02              68.465           2.923e+01     
 100.000         180.000           -6.337e-02          -2.844e+01             177.942          -6.968e-02              68.416           2.889e+01     
  99.000         180.000           -5.408e-02          -2.833e+01             173.248          -6.054e-02              68.361           2.857e+01     
  98.000         180.000           -4.368e-02          -2.817e+01             168.692          -5.036e-02              68.300           2.827e+01     
  97.000         180.000           -3.217e-02          -2.797e+01             164.316          -3.916e-02              68.232           2.798e+01     
  96.000         180.000           -1.958e-02          -2.773e+01             160.151          -2.695e-02              68.159           2.770e+01     
  95.000         180.000           -5.901e-03          -2.745e+01             156.215          -1.372e-02              68.080           2.744e+01     
  94.000         180.000            8.842e-03          -2.716e+01             152.518           4.922e-04              67.994           2.720e+01     
  93.000         180.000            2.464e-02          -2.684e+01             149.059           1.569e-02              67.903           2.696e+01     
  92.000         180.000            4.147e-02          -2.651e+01             145.834           3.186e-02              67.806           2.674e+01     
  91.000         180.000            5.933e-02          -2.617e+01             142.832           4.898e-02              67.702           2.652e+01     
  90.000         180.000            7.820e-02          -2.583e+01             140.041           6.704e-02              67.594           2.632e+01     
  89.000         180.000            9.804e-02          -2.549e+01             137.446           8.603e-02              67.479           2.612e+01     
  88.000         180.000            1.189e-01          -2.514e+01             135.032           1.059e-01              67.358           2.593e+01     
  87.000         180.000            1.406e-01          -2.480e+01             132.785           1.267e-01              67.232           2.575e+01     
  86.000         180.000            1.633e-01          -2.447e+01             130.691           1.484e-01              67.101           2.558e+01     
  85.000         180.000            1.869e-01          -2.414e+01             128.735           1.709e-01              66.964           2.542e+01     
  84.000         180.000            2.114e-01          -2.381e+01             126.904           1.942e-01              66.821           2.526e+01     
  83.000         180.000            2.368e-01          -2.350e+01             125.189           2.183e-01              66.673           2.511e+01     
  82.000         180.000            2.630e-01          -2.318e+01             123.577           2.433e-01              66.520           2.496e+01     
  81.000         180.000            2.900e-01          -2.288e+01             122.059           2.690e-01              66.361           2.482e+01     
  80.000         180.000            3.178e-01          -2.259e+01             120.628           2.955e-01              66.198           2.469e+01     
  79.000         180.000            3.463e-01          -2.230e+01             119.274           3.226e-01              66.029           2.456e+01     
  78.000         180.000            3.756e-01          -2.202e+01             117.991           3.505e-01              65.855           2.444e+01     
  77.000         180.000            4.057e-01          -2.174e+01             116.773           3.791e-01              65.677           2.432e+01     
  76.000         180.000            4.364e-01          -2.148e+01             115.614           4.083e-01              65.493           2.421e+01     
  75.000         180.000            4.677e-01          -2.122e+01             114.508           4.382e-01              65.305           2.410e+01     
  74.000         180.000            4.997e-01          -2.097e+01             113.452           4.686e-01              65.112           2.400e+01     
  73.000         180.000            5.323e-01          -2.072e+01             112.442           4.996e-01              64.915           2.390e+01     
  72.000         180.000            5.655e-01          -2.048e+01             111.473           5.312e-01              64.713           2.380e+01     
  71.000         180.000            5.992e-01          -2.025e+01             110.542           5.633e-01              64.507           2.371e+01     
  70.000         180.000            6.334e-01          -2.003e+01             109.647           5.960e-01              64.297           2.362e+01     
  69.000         180.000            6.682e-01          -1.981e+01             108.784           6.291e-01              64.082           2.353e+01     
  68.000         180.000            7.034e-01          -1.959e+01             107.951           6.626e-01              63.864           2.345e+01     
  67.000         180.000            7.390e-01          -1.939e+01             107.146           6.966e-01              63.641           2.337e+01     
  66.000         180.000            7.750e-01          -1.918e+01             106.367           7.309e-01              63.415           2.329e+01     
  65.000         180.000            8.114e-01          -1.899e+01             105.612           7.657e-01              63.185           2.322e+01     
  64.000         180.000            8.481e-01          -1.880e+01             104.880           8.007e-01              62.951           2.315e+01     
  63.000         180.000            8.852e-01          -1.861e+01             104.168           8.361e-01              62.714           2.308e+01     
  62.000         180.000            9.225e-01          -1.843e+01             103.476           8.718e-01              62.473           2.302e+01     
  61.000         180.000            9.601e-01          -1.825e+01             102.803           9.078e-01              62.229           2.296e+01     
  60.000         180.000            9.980e-01          -1.808e+01             102.146           9.439e-01              61.982           2.290e+01     
  59.000         180.000            1.036e+00          -1.791e+01             101.506           9.803e-01              61.731           2.284e+01     
  58.000         180.000            1.074e+00          -1.775e+01             100.881           1.017e+00              61.478           2.278e+01     
  57.000         180.000            1.113e+00          -1.759e+01             100.270           1.054e+00              61.222           2.273e+01     
  56.000         180.000            1.151e+00          -1.744e+01              99.672           1.091e+00              60.963           2.268e+01     
  55.000         180.000            1.190e+00          -1.729e+01              99.088           1.127e+00              60.701           2.263e+01     
  54.000         180.000            1.228e+00          -1.714e+01              98.515           1.165e+00              60.436           2.259e+01     
  53.000         180.000            1.267e+00          -1.700e+01              97.954           1.202e+00              60.169           2.254e+01     
  52.000         180.000            1.305e+00          -1.686e+01              97.404           1.239e+00              59.900           2.250e+01     
  51.000         180.000            1.344e+00          -1.673e+01              96.864           1.276e+00              59.628           2.246e+01     
  50.000         180.000            1.383e+00          -1.660e+01              96.334           1.313e+00              59.354           2.242e+01     
  49.000         180.000            1.421e+00          -1.647e+01              95.813           1.350e+00              59.078           2.238e+01     
  48.000         180.000            1.460e+00          -1.635e+01              95.301           1.387e+00              58.800           2.234e+01     
  47.000         180.000            1.498e+00          -1.623e+01              94.798           1.424e+00              58.520           2.231e+01     
  46.000         180.000            1.536e+00          -1.612e+01              94.303           1.461e+00              58.238           2.228e+01     
  45.000         180.000            1.574e+00          -1.600e+01              93.816           1.497e+00              57.954           2.225e+01     
  44.000         180.000            1.612e+00          -1.590e+01              93.337           1.534e+00              57.669           2.222e+01     
  43.000         180.000            1.649e+00          -1.579e+01              92.865           1.570e+00              57.382           2.219e+01     
  42.000         180.000            1.687e+00          -1.569e+01              92.400           1.606e+00              57.094           2.216e+01     
  41.000         180.000            1.724e+00          -1.559e+01              91.941           1.642e+00              56.805           2.214e+01     
  40.000         180.000            1.760e+00          -1.549e+01              91.490           1.678e+00              56.514           2.212e+01     
  39.000         180.000            1.797e+00          -1.540e+01              91.044           1.713e+00              56.222           2.209e+01     
  38.000         180.000            1.833e+00          -1.531e+01              90.605           1.748e+00              55.929           2.207e+01     
  37.000         180.000            1.869e+00          -1.523e+01              90.172           1.783e+00              55.635           2.206e+01     
  36.000         180.000            1.904e+00          -1.514e+01              89.744           1.818e+00              55.340           2.204e+01     
  35.000         180.000            1.939e+00          -1.506e+01              89.323           1.852e+00              55.044           2.202e+01     
  34.000         180.000            1.974e+00          -1.499e+01              88.906           1.885e+00              54.748           2.201e+01     
  33.000         180.000            2.008e+00          -1.491e+01              88.495           1.919e+00              54.451           2.199e+01     
  32.000         180.000            2.042e+00          -1.484e+01              88.090           1.952e+00              54.153           2.198e+01     
  31.000         180.000            2.075e+00          -1.477e+01              87.689           1.984e+00              53.855           2.197e+01     
  30.000         180.000            2.108e+00          -1.471e+01              87.293           2.017e+00              53.557           2.196e+01     
  29.000         180.000            2.140e+00          -1.465e+01              86.903           2.048e+00              53.258           2.195e+01     
  28.000         180.000            2.172e+00          -1.459e+01              86.517           2.080e+00              52.959           2.195e+01     
  27.000         180.000            2.204e+00          -1.453e+01              86.135           2.110e+00              52.660           2.194e+01     
  26.000         180.000            2.234e+00          -1.448e+01              85.758           2.141e+00              52.360           2.194e+01     
  25.000         180.000            2.265e+00          -1.443e+01              85.386           2.171e+00              52.061           2.193e+01     
  24.000         180.000            2.294e+00          -1.438e+01              85.018           2.200e+00              51.762           2.193e+01     
  23.000         180.000            2.324e+00          -1.434e+01              84.655           2.229e+00              51.463           2.193e+01     
  22.000         180.000            2.352e+00          -1.429e+01              84.296           2.257e+00              51.165           2.193e+01     
  21.000         180.000            2.380e+00          -1.425e+01              83.941           2.285e+00              50.866           2.194e+01     
  20.000         180.000            2.408e+00          -1.422e+01              83.590           2.312e+00              50.568           2.194e+01     
  19.000         180.000            2.434e+00          -1.419e+01              83.244           2.339e+00              50.271           2.194e+01     
  18.000         180.000            2.461e+00          -1.416e+01              82.901           2.365e+00              49.974           2.195e+01     
  17.000         180.000            2.486e+00          -1.413e+01              82.563           2.391e+00              49.678           2.196e+01     
  16.000         180.000            2.511e+00          -1.410e+01              82.228           2.416e+00              49.382           2.197e+01     
  15.000         180.000            2.536e+00          -1.408e+01              81.898           2.440e+00              49.087           2.198e+01     
  14.000         180.000            2.559e+00          -1.406e+01              81.571           2.464e+00              48.793           2.199e+01     
  13.000         180.000            2.582e+00          -1.405e+01              81.248           2.487e+00              48.500           2.201e+01     
  12.000         180.000            2.605e+00          -1.403e+01              80.929           2.510e+00              48.208           2.202e+01     
  11.000         180.000            2.627e+00          -1.402e+01              80.613           2.532e+00              47.918           2.204e+01     
  10.000         180.000            2.648e+00          -1.402e+01              80.302           2.553e+00              47.628           2.206e+01     
   9.000         180.000            2.668e+00          -1.401e+01              79.994           2.574e+00              47.339           2.208e+01     
   8.000         180.000            2.688e+00          -1.401e+01              79.689           2.594e+00              47.052           2.210e+01     
   7.000         180.000            2.707e+00          -1.401e+01              79.389           2.614e+00              46.766           2.213e+01     
   6.000         180.000            2.726e+00          -1.402e+01              79.092           2.633e+00              46.481           2.215e+01     
   5.000         180.000            2.743e+00          -1.402e+01              78.798           2.651e+00              46.198           2.218e+01     
   4.000         180.000            2.761e+00          -1.403e+01              78.508           2.669e+00              45.917           2.221e+01     
   3.000         180.000            2.777e+00          -1.405e+01              78.222           2.686e+00              45.637           2.224e+01     
   2.000         180.000            2.793e+00          -1.406e+01              77.939           2.703e+00              45.358           2.227e+01     
   1.000         180.000            2.808e+00          -1.408e+01              77.659           2.718e+00              45.082           2.231e+01     
