Theta [deg.]  Phi   [deg.]  Abs(Dir.)[dBi   ]   Abs(Theta)[dBi   ]  Phase(Theta)[deg.]  Abs(Phi  )[dBi   ]  Phase(Phi  )[deg.]  Ax.Ratio[dB    ]    
------------------------------------------------------------------------------------------------------------------------------------------------------
   0.000          90.000            3.100e+00           3.079e+00             183.126          -1.997e+01              78.616           2.333e+01     
   1.000          90.000            3.106e+00           3.085e+00             183.139          -2.002e+01              80.494           2.332e+01     
   2.000          90.000            3.108e+00           3.087e+00             183.155          -2.005e+01              82.373           2.330e+01     
   3.000          90.000            3.105e+00           3.085e+00             183.176          -2.009e+01              84.248           2.328e+01     
   4.000          90.000            3.099e+00           3.078e+00             183.200          -2.011e+01              86.114           2.326e+01     
   5.000          90.000            3.089e+00           3.068e+00             183.228          -2.013e+01              87.969           2.324e+01     
   6.000          90.000            3.075e+00           3.054e+00             183.259          -2.014e+01              89.807           2.321e+01     
   7.000          90.000            3.056e+00           3.036e+00             183.294          -2.015e+01              91.625           2.319e+01     
   8.000          90.000            3.034e+00           3.013e+00             183.333          -2.015e+01              93.420           2.316e+01     
   9.000          90.000            3.008e+00           2.987e+00             183.375          -2.014e+01              95.188           2.313e+01     
  10.000          90.000            2.977e+00           2.956e+00             183.421          -2.013e+01              96.926           2.310e+01     
  11.000          90.000            2.943e+00           2.921e+00             183.471          -2.011e+01              98.633           2.307e+01     
  12.000          90.000            2.904e+00           2.883e+00             183.524          -2.009e+01             100.305           2.303e+01     
  13.000          90.000            2.862e+00           2.840e+00             183.581          -2.006e+01             101.942           2.300e+01     
  14.000          90.000            2.815e+00           2.793e+00             183.641          -2.003e+01             103.541           2.296e+01     
  15.000          90.000            2.765e+00           2.742e+00             183.704          -2.000e+01             105.102           2.292e+01     
  16.000          90.000            2.710e+00           2.687e+00             183.771          -1.997e+01             106.624           2.287e+01     
  17.000          90.000            2.652e+00           2.628e+00             183.842          -1.993e+01             108.106           2.283e+01     
  18.000          90.000            2.589e+00           2.564e+00             183.916          -1.989e+01             109.549           2.279e+01     
  19.000          90.000            2.522e+00           2.497e+00             183.993          -1.985e+01             110.952           2.274e+01     
  20.000          90.000            2.451e+00           2.426e+00             184.073          -1.981e+01             112.315           2.269e+01     
  21.000          90.000            2.377e+00           2.350e+00             184.157          -1.977e+01             113.639           2.264e+01     
  22.000          90.000            2.298e+00           2.270e+00             184.244          -1.973e+01             114.925           2.258e+01     
  23.000          90.000            2.215e+00           2.187e+00             184.334          -1.968e+01             116.173           2.253e+01     
  24.000          90.000            2.128e+00           2.099e+00             184.427          -1.964e+01             117.384           2.247e+01     
  25.000          90.000            2.037e+00           2.007e+00             184.523          -1.960e+01             118.559           2.241e+01     
  26.000          90.000            1.941e+00           1.911e+00             184.622          -1.956e+01             119.699           2.235e+01     
  27.000          90.000            1.842e+00           1.810e+00             184.724          -1.953e+01             120.805           2.228e+01     
  28.000          90.000            1.739e+00           1.706e+00             184.829          -1.949e+01             121.879           2.221e+01     
  29.000          90.000            1.631e+00           1.597e+00             184.937          -1.945e+01             122.921           2.214e+01     
  30.000          90.000            1.519e+00           1.484e+00             185.047          -1.942e+01             123.932           2.207e+01     
  31.000          90.000            1.403e+00           1.367e+00             185.161          -1.939e+01             124.914           2.200e+01     
  32.000          90.000            1.283e+00           1.246e+00             185.276          -1.936e+01             125.868           2.192e+01     
  33.000          90.000            1.159e+00           1.120e+00             185.395          -1.933e+01             126.794           2.184e+01     
  34.000          90.000            1.030e+00           9.900e-01             185.516          -1.930e+01             127.695           2.176e+01     
  35.000          90.000            8.976e-01           8.556e-01             185.639          -1.928e+01             128.571           2.168e+01     
  36.000          90.000            7.604e-01           7.169e-01             185.765          -1.926e+01             129.424           2.159e+01     
  37.000          90.000            6.188e-01           5.737e-01             185.892          -1.923e+01             130.253           2.150e+01     
  38.000          90.000            4.729e-01           4.260e-01             186.022          -1.922e+01             131.061           2.141e+01     
  39.000          90.000            3.224e-01           2.737e-01             186.155          -1.920e+01             131.848           2.132e+01     
  40.000          90.000            1.675e-01           1.168e-01             186.289          -1.919e+01             132.616           2.122e+01     
  41.000          90.000            8.020e-03          -4.471e-02             186.425          -1.918e+01             133.364           2.112e+01     
  42.000          90.000           -1.561e-01          -2.110e-01             186.563          -1.917e+01             134.095           2.101e+01     
  43.000          90.000           -3.249e-01          -3.821e-01             186.702          -1.916e+01             134.808           2.090e+01     
  44.000          90.000           -4.986e-01          -5.582e-01             186.843          -1.915e+01             135.505           2.079e+01     
  45.000          90.000           -6.770e-01          -7.392e-01             186.986          -1.915e+01             136.185           2.067e+01     
  46.000          90.000           -8.605e-01          -9.254e-01             187.130          -1.915e+01             136.851           2.055e+01     
  47.000          90.000           -1.049e+00          -1.117e+00             187.276          -1.914e+01             137.502           2.043e+01     
  48.000          90.000           -1.243e+00          -1.314e+00             187.422          -1.915e+01             138.140           2.030e+01     
  49.000          90.000           -1.442e+00          -1.516e+00             187.570          -1.915e+01             138.763           2.017e+01     
  50.000          90.000           -1.646e+00          -1.724e+00             187.719          -1.915e+01             139.374           2.003e+01     
  51.000          90.000           -1.856e+00          -1.938e+00             187.869          -1.916e+01             139.973           1.989e+01     
  52.000          90.000           -2.072e+00          -2.158e+00             188.020          -1.917e+01             140.559           1.974e+01     
  53.000          90.000           -2.294e+00          -2.384e+00             188.171          -1.917e+01             141.134           1.959e+01     
  54.000          90.000           -2.522e+00          -2.616e+00             188.323          -1.918e+01             141.697           1.943e+01     
  55.000          90.000           -2.756e+00          -2.856e+00             188.476          -1.919e+01             142.250           1.926e+01     
  56.000          90.000           -2.997e+00          -3.102e+00             188.629          -1.920e+01             142.791           1.909e+01     
  57.000          90.000           -3.244e+00          -3.355e+00             188.782          -1.921e+01             143.322           1.891e+01     
  58.000          90.000           -3.499e+00          -3.617e+00             188.936          -1.923e+01             143.842           1.873e+01     
  59.000          90.000           -3.761e+00          -3.886e+00             189.089          -1.924e+01             144.352           1.853e+01     
  60.000          90.000           -4.031e+00          -4.163e+00             189.243          -1.925e+01             144.852           1.833e+01     
  61.000          90.000           -4.309e+00          -4.450e+00             189.396          -1.927e+01             145.342           1.812e+01     
  62.000          90.000           -4.595e+00          -4.745e+00             189.549          -1.928e+01             145.821           1.790e+01     
  63.000          90.000           -4.891e+00          -5.051e+00             189.702          -1.929e+01             146.290           1.768e+01     
  64.000          90.000           -5.195e+00          -5.367e+00             189.854          -1.931e+01             146.750           1.744e+01     
  65.000          90.000           -5.510e+00          -5.695e+00             190.005          -1.932e+01             147.199           1.719e+01     
  66.000          90.000           -5.835e+00          -6.034e+00             190.156          -1.934e+01             147.638           1.693e+01     
  67.000          90.000           -6.172e+00          -6.386e+00             190.307          -1.935e+01             148.066           1.666e+01     
  68.000          90.000           -6.520e+00          -6.752e+00             190.456          -1.936e+01             148.484           1.637e+01     
  69.000          90.000           -6.881e+00          -7.133e+00             190.604          -1.938e+01             148.892           1.607e+01     
  70.000          90.000           -7.256e+00          -7.530e+00             190.752          -1.939e+01             149.288           1.576e+01     
  71.000          90.000           -7.645e+00          -7.945e+00             190.898          -1.940e+01             149.674           1.543e+01     
  72.000          90.000           -8.049e+00          -8.379e+00             191.043          -1.941e+01             150.049           1.509e+01     
  73.000          90.000           -8.470e+00          -8.834e+00             191.186          -1.942e+01             150.412           1.472e+01     
  74.000          90.000           -8.910e+00          -9.313e+00             191.329          -1.943e+01             150.764           1.435e+01     
  75.000          90.000           -9.368e+00          -9.818e+00             191.470          -1.943e+01             151.103           1.395e+01     
  76.000          90.000           -9.847e+00          -1.035e+01             191.610          -1.944e+01             151.431           1.353e+01     
  77.000          90.000           -1.035e+01          -1.092e+01             191.748          -1.945e+01             151.747           1.309e+01     
  78.000          90.000           -1.087e+01          -1.152e+01             191.885          -1.945e+01             152.050           1.263e+01     
  79.000          90.000           -1.143e+01          -1.217e+01             192.021          -1.945e+01             152.341           1.216e+01     
  80.000          90.000           -1.201e+01          -1.287e+01             192.156          -1.946e+01             152.618           1.166e+01     
  81.000          90.000           -1.262e+01          -1.362e+01             192.290          -1.946e+01             152.883           1.115e+01     
  82.000          90.000           -1.325e+01          -1.445e+01             192.424          -1.946e+01             153.134           1.064e+01     
  83.000          90.000           -1.393e+01          -1.535e+01             192.559          -1.945e+01             153.371           1.014e+01     
  84.000          90.000           -1.463e+01          -1.636e+01             192.695          -1.945e+01             153.595           9.674e+00     
  85.000          90.000           -1.535e+01          -1.750e+01             192.833          -1.945e+01             153.805           9.287e+00     
  86.000          90.000           -1.610e+01          -1.880e+01             192.978          -1.944e+01             154.001           9.052e+00     
  87.000          90.000           -1.685e+01          -2.033e+01             193.133          -1.943e+01             154.182           9.089e+00     
  88.000          90.000           -1.758e+01          -2.218e+01             193.309          -1.942e+01             154.349           9.574e+00     
  89.000          90.000           -1.825e+01          -2.453e+01             193.527          -1.941e+01             154.502           1.077e+01     
  90.000          90.000           -1.881e+01          -2.776e+01             193.845          -1.940e+01             154.640           1.311e+01     
  91.000          90.000           -1.920e+01          -3.291e+01             194.522          -1.939e+01             154.763           1.764e+01     
  92.000          90.000           -1.936e+01          -4.721e+01             200.090          -1.937e+01             154.871           3.082e+01     
  93.000          90.000           -1.928e+01          -3.713e+01              11.273          -1.935e+01             154.964           2.242e+01     
  94.000          90.000           -1.897e+01          -2.987e+01              12.557          -1.934e+01             155.043           1.532e+01     
  95.000          90.000           -1.847e+01          -2.597e+01              12.968          -1.932e+01             155.106           1.207e+01     
  96.000          90.000           -1.784e+01          -2.330e+01              13.200          -1.930e+01             155.155           1.035e+01     
  97.000          90.000           -1.715e+01          -2.126e+01              13.362          -1.927e+01             155.188           9.503e+00     
  98.000          90.000           -1.642e+01          -1.962e+01              13.490          -1.925e+01             155.207           9.201e+00     
  99.000          90.000           -1.569e+01          -1.824e+01              13.596          -1.923e+01             155.211           9.238e+00     
 100.000          90.000           -1.498e+01          -1.705e+01              13.688          -1.920e+01             155.200           9.476e+00     
 101.000          90.000           -1.429e+01          -1.600e+01              13.769          -1.918e+01             155.174           9.827e+00     
 102.000          90.000           -1.364e+01          -1.507e+01              13.842          -1.915e+01             155.134           1.024e+01     
 103.000          90.000           -1.301e+01          -1.423e+01              13.908          -1.912e+01             155.079           1.067e+01     
 104.000          90.000           -1.242e+01          -1.347e+01              13.967          -1.909e+01             155.010           1.111e+01     
 105.000          90.000           -1.185e+01          -1.277e+01              14.020          -1.906e+01             154.926           1.154e+01     
 106.000          90.000           -1.131e+01          -1.212e+01              14.068          -1.903e+01             154.828           1.197e+01     
 107.000          90.000           -1.080e+01          -1.151e+01              14.112          -1.900e+01             154.716           1.237e+01     
 108.000          90.000           -1.032e+01          -1.095e+01              14.150          -1.897e+01             154.590           1.276e+01     
 109.000          90.000           -9.852e+00          -1.042e+01              14.184          -1.894e+01             154.451           1.313e+01     
 110.000          90.000           -9.409e+00          -9.927e+00              14.214          -1.891e+01             154.297           1.349e+01     
 111.000          90.000           -8.987e+00          -9.457e+00              14.239          -1.887e+01             154.130           1.382e+01     
 112.000          90.000           -8.582e+00          -9.012e+00              14.260          -1.884e+01             153.950           1.414e+01     
 113.000          90.000           -8.195e+00          -8.590e+00              14.278          -1.881e+01             153.756           1.445e+01     
 114.000          90.000           -7.824e+00          -8.187e+00              14.291          -1.878e+01             153.550           1.473e+01     
 115.000          90.000           -7.467e+00          -7.803e+00              14.301          -1.874e+01             153.330           1.501e+01     
 116.000          90.000           -7.124e+00          -7.436e+00              14.307          -1.871e+01             153.097           1.527e+01     
 117.000          90.000           -6.794e+00          -7.085e+00              14.309          -1.868e+01             152.851           1.552e+01     
 118.000          90.000           -6.476e+00          -6.748e+00              14.308          -1.865e+01             152.592           1.575e+01     
 119.000          90.000           -6.169e+00          -6.424e+00              14.303          -1.862e+01             152.321           1.598e+01     
 120.000          90.000           -5.873e+00          -6.112e+00              14.295          -1.859e+01             152.037           1.619e+01     
 121.000          90.000           -5.587e+00          -5.812e+00              14.283          -1.856e+01             151.740           1.640e+01     
 122.000          90.000           -5.311e+00          -5.523e+00              14.268          -1.853e+01             151.431           1.659e+01     
 123.000          90.000           -5.043e+00          -5.244e+00              14.251          -1.850e+01             151.108           1.678e+01     
 124.000          90.000           -4.785e+00          -4.975e+00              14.230          -1.847e+01             150.773           1.695e+01     
 125.000          90.000           -4.534e+00          -4.714e+00              14.206          -1.845e+01             150.425           1.712e+01     
 126.000          90.000           -4.291e+00          -4.462e+00              14.179          -1.842e+01             150.065           1.729e+01     
 127.000          90.000           -4.056e+00          -4.219e+00              14.150          -1.840e+01             149.691           1.744e+01     
 128.000          90.000           -3.828e+00          -3.983e+00              14.118          -1.838e+01             149.304           1.759e+01     
 129.000          90.000           -3.607e+00          -3.755e+00              14.083          -1.836e+01             148.903           1.774e+01     
 130.000          90.000           -3.392e+00          -3.533e+00              14.046          -1.834e+01             148.489           1.787e+01     
 131.000          90.000           -3.184e+00          -3.319e+00              14.006          -1.832e+01             148.061           1.801e+01     
 132.000          90.000           -2.981e+00          -3.111e+00              13.964          -1.831e+01             147.619           1.813e+01     
 133.000          90.000           -2.785e+00          -2.909e+00              13.920          -1.829e+01             147.163           1.826e+01     
 134.000          90.000           -2.595e+00          -2.714e+00              13.874          -1.828e+01             146.691           1.837e+01     
 135.000          90.000           -2.410e+00          -2.524e+00              13.826          -1.827e+01             146.205           1.849e+01     
 136.000          90.000           -2.230e+00          -2.340e+00              13.776          -1.827e+01             145.703           1.860e+01     
 137.000          90.000           -2.056e+00          -2.161e+00              13.724          -1.826e+01             145.185           1.870e+01     
 138.000          90.000           -1.887e+00          -1.988e+00              13.670          -1.826e+01             144.650           1.880e+01     
 139.000          90.000           -1.723e+00          -1.820e+00              13.615          -1.826e+01             144.099           1.890e+01     
 140.000          90.000           -1.564e+00          -1.658e+00              13.558          -1.826e+01             143.530           1.900e+01     
 141.000          90.000           -1.410e+00          -1.500e+00              13.500          -1.827e+01             142.942           1.909e+01     
 142.000          90.000           -1.260e+00          -1.347e+00              13.441          -1.828e+01             142.336           1.918e+01     
 143.000          90.000           -1.115e+00          -1.199e+00              13.380          -1.829e+01             141.710           1.926e+01     
 144.000          90.000           -9.747e-01          -1.056e+00              13.319          -1.830e+01             141.063           1.935e+01     
 145.000          90.000           -8.388e-01          -9.171e-01              13.256          -1.832e+01             140.395           1.943e+01     
 146.000          90.000           -7.073e-01          -7.829e-01              13.193          -1.834e+01             139.705           1.951e+01     
 147.000          90.000           -5.802e-01          -6.533e-01              13.128          -1.836e+01             138.993           1.958e+01     
 148.000          90.000           -4.574e-01          -5.280e-01              13.064          -1.838e+01             138.256           1.966e+01     
 149.000          90.000           -3.389e-01          -4.071e-01              12.998          -1.841e+01             137.494           1.973e+01     
 150.000          90.000           -2.246e-01          -2.906e-01              12.932          -1.844e+01             136.707           1.980e+01     
 151.000          90.000           -1.144e-01          -1.783e-01              12.865          -1.847e+01             135.892           1.986e+01     
 152.000          90.000           -8.429e-03          -7.023e-02              12.799          -1.851e+01             135.049           1.993e+01     
 153.000          90.000            9.347e-02           3.364e-02              12.732          -1.854e+01             134.177           1.999e+01     
 154.000          90.000            1.913e-01           1.334e-01              12.664          -1.859e+01             133.275           2.005e+01     
 155.000          90.000            2.851e-01           2.289e-01              12.597          -1.863e+01             132.341           2.011e+01     
 156.000          90.000            3.749e-01           3.204e-01              12.530          -1.867e+01             131.374           2.017e+01     
 157.000          90.000            4.606e-01           4.079e-01              12.462          -1.872e+01             130.372           2.023e+01     
 158.000          90.000            5.424e-01           4.912e-01              12.395          -1.877e+01             129.336           2.028e+01     
 159.000          90.000            6.203e-01           5.706e-01              12.328          -1.882e+01             128.262           2.033e+01     
 160.000          90.000            6.942e-01           6.459e-01              12.262          -1.887e+01             127.151           2.038e+01     
 161.000          90.000            7.641e-01           7.173e-01              12.196          -1.893e+01             126.000           2.043e+01     
 162.000          90.000            8.302e-01           7.846e-01              12.130          -1.898e+01             124.809           2.048e+01     
 163.000          90.000            8.924e-01           8.480e-01              12.064          -1.904e+01             123.576           2.053e+01     
 164.000          90.000            9.506e-01           9.075e-01              11.999          -1.910e+01             122.301           2.057e+01     
 165.000          90.000            1.005e+00           9.630e-01              11.935          -1.915e+01             120.982           2.062e+01     
 166.000          90.000            1.056e+00           1.015e+00              11.871          -1.921e+01             119.619           2.066e+01     
 167.000          90.000            1.102e+00           1.062e+00              11.808          -1.927e+01             118.211           2.070e+01     
 168.000          90.000            1.145e+00           1.106e+00              11.746          -1.932e+01             116.758           2.074e+01     
 169.000          90.000            1.184e+00           1.146e+00              11.684          -1.938e+01             115.259           2.077e+01     
 170.000          90.000            1.219e+00           1.182e+00              11.623          -1.943e+01             113.714           2.081e+01     
 171.000          90.000            1.250e+00           1.213e+00              11.563          -1.948e+01             112.125           2.085e+01     
 172.000          90.000            1.278e+00           1.242e+00              11.504          -1.953e+01             110.490           2.088e+01     
 173.000          90.000            1.301e+00           1.266e+00              11.445          -1.957e+01             108.812           2.091e+01     
 174.000          90.000            1.321e+00           1.286e+00              11.388          -1.961e+01             107.091           2.094e+01     
 175.000          90.000            1.337e+00           1.302e+00              11.331          -1.965e+01             105.330           2.097e+01     
 176.000          90.000            1.349e+00           1.315e+00              11.275          -1.968e+01             103.530           2.100e+01     
 177.000          90.000            1.358e+00           1.323e+00              11.220          -1.970e+01             101.695           2.102e+01     
 178.000          90.000            1.362e+00           1.328e+00              11.166          -1.972e+01              99.826           2.105e+01     
 179.000          90.000            1.363e+00           1.329e+00              11.113          -1.973e+01              97.928           2.107e+01     
 180.000          90.000            1.360e+00           1.326e+00              11.061          -1.974e+01              96.004           2.110e+01     
 179.000         270.000            1.353e+00           1.319e+00             191.009          -1.973e+01             274.059           2.112e+01     
 178.000         270.000            1.342e+00           1.308e+00             190.959          -1.972e+01             272.096           2.114e+01     
 177.000         270.000            1.328e+00           1.294e+00             190.909          -1.970e+01             270.121           2.115e+01     
 176.000         270.000            1.310e+00           1.275e+00             190.860          -1.968e+01             268.138           2.117e+01     
 175.000         270.000            1.288e+00           1.252e+00             190.812          -1.964e+01             266.152           2.119e+01     
 174.000         270.000            1.262e+00           1.226e+00             190.764          -1.960e+01             264.169           2.120e+01     
 173.000         270.000            1.232e+00           1.196e+00             190.717          -1.955e+01             262.194           2.121e+01     
 172.000         270.000            1.199e+00           1.162e+00             190.671          -1.949e+01             260.231           2.122e+01     
 171.000         270.000            1.162e+00           1.124e+00             190.626          -1.942e+01             258.285           2.123e+01     
 170.000         270.000            1.121e+00           1.082e+00             190.581          -1.935e+01             256.361           2.124e+01     
 169.000         270.000            1.076e+00           1.036e+00             190.537          -1.927e+01             254.462           2.125e+01     
 168.000         270.000            1.028e+00           9.864e-01             190.493          -1.918e+01             252.594           2.125e+01     
 167.000         270.000            9.759e-01           9.328e-01             190.450          -1.908e+01             250.758           2.126e+01     
 166.000         270.000            9.201e-01           8.754e-01             190.407          -1.898e+01             248.959           2.126e+01     
 165.000         270.000            8.605e-01           8.141e-01             190.365          -1.888e+01             247.199           2.126e+01     
 164.000         270.000            7.971e-01           7.488e-01             190.322          -1.876e+01             245.480           2.126e+01     
 163.000         270.000            7.301e-01           6.797e-01             190.280          -1.865e+01             243.805           2.126e+01     
 162.000         270.000            6.593e-01           6.067e-01             190.238          -1.853e+01             242.174           2.125e+01     
 161.000         270.000            5.848e-01           5.297e-01             190.196          -1.841e+01             240.588           2.125e+01     
 160.000         270.000            5.066e-01           4.488e-01             190.154          -1.828e+01             239.049           2.124e+01     
 159.000         270.000            4.246e-01           3.640e-01             190.112          -1.816e+01             237.556           2.123e+01     
 158.000         270.000            3.390e-01           2.753e-01             190.070          -1.803e+01             236.110           2.122e+01     
 157.000         270.000            2.496e-01           1.826e-01             190.027          -1.790e+01             234.711           2.121e+01     
 156.000         270.000            1.565e-01           8.596e-02             189.984          -1.777e+01             233.358           2.120e+01     
 155.000         270.000            5.973e-02          -1.467e-02             189.941          -1.764e+01             232.051           2.118e+01     
 154.000         270.000           -4.079e-02          -1.193e-01             189.896          -1.751e+01             230.788           2.116e+01     
 153.000         270.000           -1.450e-01          -2.279e-01             189.851          -1.738e+01             229.570           2.114e+01     
 152.000         270.000           -2.530e-01          -3.406e-01             189.806          -1.725e+01             228.394           2.112e+01     
 151.000         270.000           -3.647e-01          -4.573e-01             189.759          -1.712e+01             227.260           2.109e+01     
 150.000         270.000           -4.801e-01          -5.781e-01             189.711          -1.699e+01             226.167           2.107e+01     
 149.000         270.000           -5.993e-01          -7.030e-01             189.662          -1.687e+01             225.114           2.104e+01     
 148.000         270.000           -7.222e-01          -8.321e-01             189.612          -1.675e+01             224.099           2.100e+01     
 147.000         270.000           -8.489e-01          -9.653e-01             189.560          -1.662e+01             223.120           2.097e+01     
 146.000         270.000           -9.794e-01          -1.103e+00             189.506          -1.650e+01             222.178           2.093e+01     
 145.000         270.000           -1.114e+00          -1.245e+00             189.451          -1.639e+01             221.270           2.089e+01     
 144.000         270.000           -1.252e+00          -1.391e+00             189.394          -1.627e+01             220.395           2.085e+01     
 143.000         270.000           -1.394e+00          -1.541e+00             189.334          -1.616e+01             219.552           2.080e+01     
 142.000         270.000           -1.539e+00          -1.696e+00             189.273          -1.605e+01             218.740           2.075e+01     
 141.000         270.000           -1.689e+00          -1.855e+00             189.209          -1.594e+01             217.957           2.070e+01     
 140.000         270.000           -1.843e+00          -2.019e+00             189.142          -1.583e+01             217.203           2.064e+01     
 139.000         270.000           -2.000e+00          -2.188e+00             189.072          -1.573e+01             216.476           2.058e+01     
 138.000         270.000           -2.162e+00          -2.362e+00             189.000          -1.563e+01             215.776           2.052e+01     
 137.000         270.000           -2.327e+00          -2.540e+00             188.924          -1.554e+01             215.100           2.045e+01     
 136.000         270.000           -2.497e+00          -2.723e+00             188.845          -1.544e+01             214.449           2.038e+01     
 135.000         270.000           -2.671e+00          -2.912e+00             188.762          -1.535e+01             213.821           2.030e+01     
 134.000         270.000           -2.849e+00          -3.105e+00             188.675          -1.526e+01             213.216           2.022e+01     
 133.000         270.000           -3.031e+00          -3.304e+00             188.583          -1.518e+01             212.632           2.013e+01     
 132.000         270.000           -3.217e+00          -3.509e+00             188.488          -1.509e+01             212.068           2.004e+01     
 131.000         270.000           -3.408e+00          -3.719e+00             188.387          -1.501e+01             211.525           1.994e+01     
 130.000         270.000           -3.604e+00          -3.936e+00             188.281          -1.494e+01             211.000           1.984e+01     
 129.000         270.000           -3.804e+00          -4.158e+00             188.169          -1.486e+01             210.494           1.973e+01     
 128.000         270.000           -4.008e+00          -4.387e+00             188.052          -1.479e+01             210.006           1.961e+01     
 127.000         270.000           -4.217e+00          -4.623e+00             187.928          -1.472e+01             209.535           1.949e+01     
 126.000         270.000           -4.431e+00          -4.865e+00             187.797          -1.465e+01             209.080           1.936e+01     
 125.000         270.000           -4.650e+00          -5.115e+00             187.659          -1.459e+01             208.641           1.922e+01     
 124.000         270.000           -4.874e+00          -5.372e+00             187.513          -1.453e+01             208.218           1.907e+01     
 123.000         270.000           -5.103e+00          -5.638e+00             187.358          -1.447e+01             207.809           1.892e+01     
 122.000         270.000           -5.338e+00          -5.912e+00             187.194          -1.441e+01             207.414           1.876e+01     
 121.000         270.000           -5.577e+00          -6.195e+00             187.019          -1.436e+01             207.034           1.859e+01     
 120.000         270.000           -5.823e+00          -6.487e+00             186.834          -1.430e+01             206.667           1.841e+01     
 119.000         270.000           -6.073e+00          -6.790e+00             186.636          -1.425e+01             206.313           1.822e+01     
 118.000         270.000           -6.330e+00          -7.103e+00             186.426          -1.420e+01             205.971           1.802e+01     
 117.000         270.000           -6.592e+00          -7.428e+00             186.201          -1.416e+01             205.642           1.782e+01     
 116.000         270.000           -6.860e+00          -7.765e+00             185.960          -1.412e+01             205.325           1.760e+01     
 115.000         270.000           -7.134e+00          -8.116e+00             185.701          -1.407e+01             205.019           1.737e+01     
 114.000         270.000           -7.414e+00          -8.481e+00             185.422          -1.403e+01             204.725           1.714e+01     
 113.000         270.000           -7.700e+00          -8.861e+00             185.121          -1.400e+01             204.442           1.689e+01     
 112.000         270.000           -7.992e+00          -9.259e+00             184.795          -1.396e+01             204.169           1.663e+01     
 111.000         270.000           -8.290e+00          -9.675e+00             184.440          -1.393e+01             203.907           1.637e+01     
 110.000         270.000           -8.594e+00          -1.011e+01             184.053          -1.390e+01             203.656           1.610e+01     
 109.000         270.000           -8.903e+00          -1.057e+01             183.628          -1.387e+01             203.414           1.582e+01     
 108.000         270.000           -9.217e+00          -1.105e+01             183.160          -1.384e+01             203.183           1.553e+01     
 107.000         270.000           -9.536e+00          -1.157e+01             182.640          -1.381e+01             202.961           1.524e+01     
 106.000         270.000           -9.858e+00          -1.211e+01             182.060          -1.379e+01             202.748           1.495e+01     
 105.000         270.000           -1.018e+01          -1.269e+01             181.407          -1.376e+01             202.545           1.465e+01     
 104.000         270.000           -1.051e+01          -1.331e+01             180.666          -1.374e+01             202.351           1.437e+01     
 103.000         270.000           -1.084e+01          -1.397e+01             179.816          -1.372e+01             202.167           1.409e+01     
 102.000         270.000           -1.116e+01          -1.469e+01             178.829          -1.370e+01             201.991           1.383e+01     
 101.000         270.000           -1.148e+01          -1.547e+01             177.668          -1.369e+01             201.824           1.359e+01     
 100.000         270.000           -1.179e+01          -1.633e+01             176.279          -1.367e+01             201.666           1.339e+01     
  99.000         270.000           -1.209e+01          -1.727e+01             174.586          -1.366e+01             201.517           1.323e+01     
  98.000         270.000           -1.237e+01          -1.832e+01             172.473          -1.364e+01             201.376           1.312e+01     
  97.000         270.000           -1.263e+01          -1.949e+01             169.761          -1.363e+01             201.244           1.309e+01     
  96.000         270.000           -1.287e+01          -2.083e+01             166.159          -1.362e+01             201.120           1.315e+01     
  95.000         270.000           -1.307e+01          -2.236e+01             161.169          -1.361e+01             201.005           1.331e+01     
  94.000         270.000           -1.324e+01          -2.411e+01             153.907          -1.361e+01             200.898           1.359e+01     
  93.000         270.000           -1.336e+01          -2.603e+01             142.805          -1.360e+01             200.800           1.401e+01     
  92.000         270.000           -1.344e+01          -2.786e+01             125.555          -1.360e+01             200.710           1.458e+01     
  91.000         270.000           -1.346e+01          -2.880e+01             101.462          -1.359e+01             200.628           1.532e+01     
  90.000         270.000           -1.344e+01          -2.811e+01              76.539          -1.359e+01             200.554           1.625e+01     
  89.000         270.000           -1.337e+01          -2.635e+01              57.923          -1.359e+01             200.489           1.737e+01     
  88.000         270.000           -1.324e+01          -2.438e+01              45.853          -1.359e+01             200.432           1.871e+01     
  87.000         270.000           -1.308e+01          -2.257e+01              38.009          -1.359e+01             200.384           2.031e+01     
  86.000         270.000           -1.287e+01          -2.097e+01              32.663          -1.360e+01             200.344           2.220e+01     
  85.000         270.000           -1.262e+01          -1.958e+01              28.830          -1.360e+01             200.312           2.449e+01     
  84.000         270.000           -1.235e+01          -1.835e+01              25.957          -1.361e+01             200.289           2.735e+01     
  83.000         270.000           -1.205e+01          -1.725e+01              23.724          -1.361e+01             200.274           3.117e+01     
  82.000         270.000           -1.173e+01          -1.626e+01              21.934          -1.362e+01             200.267           3.714e+01     
  81.000         270.000           -1.140e+01          -1.537e+01              20.464          -1.363e+01             200.270           4.000e+01     
  80.000         270.000           -1.106e+01          -1.455e+01              19.231          -1.364e+01             200.280           4.000e+01     
  79.000         270.000           -1.071e+01          -1.380e+01              18.177          -1.365e+01             200.300           3.464e+01     
  78.000         270.000           -1.036e+01          -1.310e+01              17.263          -1.367e+01             200.328           3.147e+01     
  77.000         270.000           -1.001e+01          -1.244e+01              16.459          -1.368e+01             200.365           2.943e+01     
  76.000         270.000           -9.657e+00          -1.183e+01              15.745          -1.370e+01             200.411           2.800e+01     
  75.000         270.000           -9.306e+00          -1.126e+01              15.103          -1.372e+01             200.466           2.693e+01     
  74.000         270.000           -8.959e+00          -1.072e+01              14.520          -1.374e+01             200.530           2.612e+01     
  73.000         270.000           -8.616e+00          -1.020e+01              13.989          -1.376e+01             200.604           2.548e+01     
  72.000         270.000           -8.277e+00          -9.714e+00              13.499          -1.378e+01             200.687           2.497e+01     
  71.000         270.000           -7.945e+00          -9.249e+00              13.045          -1.380e+01             200.779           2.455e+01     
  70.000         270.000           -7.617e+00          -8.805e+00              12.623          -1.383e+01             200.881           2.422e+01     
  69.000         270.000           -7.296e+00          -8.380e+00              12.227          -1.386e+01             200.993           2.395e+01     
  68.000         270.000           -6.981e+00          -7.972e+00              11.855          -1.388e+01             201.115           2.373e+01     
  67.000         270.000           -6.672e+00          -7.580e+00              11.504          -1.392e+01             201.247           2.354e+01     
  66.000         270.000           -6.370e+00          -7.203e+00              11.170          -1.395e+01             201.389           2.339e+01     
  65.000         270.000           -6.073e+00          -6.840e+00              10.853          -1.398e+01             201.542           2.327e+01     
  64.000         270.000           -5.783e+00          -6.490e+00              10.551          -1.402e+01             201.706           2.317e+01     
  63.000         270.000           -5.499e+00          -6.151e+00              10.262          -1.405e+01             201.881           2.308e+01     
  62.000         270.000           -5.221e+00          -5.824e+00               9.984          -1.409e+01             202.067           2.302e+01     
  61.000         270.000           -4.948e+00          -5.506e+00               9.718          -1.413e+01             202.265           2.296e+01     
  60.000         270.000           -4.682e+00          -5.199e+00               9.461          -1.418e+01             202.474           2.292e+01     
  59.000         270.000           -4.421e+00          -4.901e+00               9.214          -1.422e+01             202.696           2.289e+01     
  58.000         270.000           -4.166e+00          -4.612e+00               8.975          -1.427e+01             202.930           2.286e+01     
  57.000         270.000           -3.916e+00          -4.330e+00               8.744          -1.432e+01             203.177           2.284e+01     
  56.000         270.000           -3.671e+00          -4.057e+00               8.520          -1.437e+01             203.437           2.283e+01     
  55.000         270.000           -3.432e+00          -3.792e+00               8.303          -1.443e+01             203.710           2.282e+01     
  54.000         270.000           -3.198e+00          -3.533e+00               8.093          -1.448e+01             203.997           2.282e+01     
  53.000         270.000           -2.969e+00          -3.282e+00               7.888          -1.454e+01             204.299           2.282e+01     
  52.000         270.000           -2.744e+00          -3.037e+00               7.690          -1.460e+01             204.615           2.282e+01     
  51.000         270.000           -2.525e+00          -2.799e+00               7.497          -1.466e+01             204.946           2.283e+01     
  50.000         270.000           -2.310e+00          -2.567e+00               7.310          -1.473e+01             205.293           2.284e+01     
  49.000         270.000           -2.101e+00          -2.340e+00               7.127          -1.480e+01             205.656           2.285e+01     
  48.000         270.000           -1.895e+00          -2.120e+00               6.950          -1.487e+01             206.036           2.286e+01     
  47.000         270.000           -1.695e+00          -1.905e+00               6.777          -1.494e+01             206.433           2.288e+01     
  46.000         270.000           -1.498e+00          -1.696e+00               6.609          -1.502e+01             206.848           2.289e+01     
  45.000         270.000           -1.307e+00          -1.492e+00               6.446          -1.510e+01             207.281           2.291e+01     
  44.000         270.000           -1.119e+00          -1.293e+00               6.287          -1.518e+01             207.734           2.293e+01     
  43.000         270.000           -9.362e-01          -1.100e+00               6.132          -1.526e+01             208.206           2.295e+01     
  42.000         270.000           -7.575e-01          -9.111e-01               5.982          -1.535e+01             208.698           2.296e+01     
  41.000         270.000           -5.830e-01          -7.274e-01               5.835          -1.544e+01             209.212           2.298e+01     
  40.000         270.000           -4.127e-01          -5.485e-01               5.693          -1.553e+01             209.748           2.300e+01     
  39.000         270.000           -2.465e-01          -3.743e-01               5.555          -1.562e+01             210.307           2.302e+01     
  38.000         270.000           -8.455e-02          -2.048e-01               5.420          -1.572e+01             210.889           2.304e+01     
  37.000         270.000            7.331e-02          -3.996e-02               5.290          -1.582e+01             211.496           2.306e+01     
  36.000         270.000            2.271e-01           1.204e-01               5.164          -1.592e+01             212.129           2.308e+01     
  35.000         270.000            3.768e-01           2.762e-01               5.041          -1.603e+01             212.788           2.310e+01     
  34.000         270.000            5.224e-01           4.276e-01               4.922          -1.614e+01             213.474           2.312e+01     
  33.000         270.000            6.640e-01           5.746e-01               4.807          -1.625e+01             214.189           2.314e+01     
  32.000         270.000            8.015e-01           7.172e-01               4.696          -1.636e+01             214.933           2.316e+01     
  31.000         270.000            9.351e-01           8.555e-01               4.589          -1.647e+01             215.708           2.318e+01     
  30.000         270.000            1.065e+00           9.895e-01               4.485          -1.659e+01             216.515           2.320e+01     
  29.000         270.000            1.190e+00           1.119e+00               4.386          -1.671e+01             217.354           2.322e+01     
  28.000         270.000            1.312e+00           1.245e+00               4.290          -1.683e+01             218.227           2.323e+01     
  27.000         270.000            1.429e+00           1.366e+00               4.197          -1.696e+01             219.135           2.325e+01     
  26.000         270.000            1.543e+00           1.483e+00               4.109          -1.708e+01             220.079           2.327e+01     
  25.000         270.000            1.653e+00           1.596e+00               4.024          -1.721e+01             221.061           2.328e+01     
  24.000         270.000            1.758e+00           1.705e+00               3.943          -1.734e+01             222.081           2.330e+01     
  23.000         270.000            1.860e+00           1.809e+00               3.866          -1.747e+01             223.140           2.331e+01     
  22.000         270.000            1.958e+00           1.909e+00               3.792          -1.760e+01             224.239           2.332e+01     
  21.000         270.000            2.052e+00           2.006e+00               3.722          -1.773e+01             225.379           2.334e+01     
  20.000         270.000            2.141e+00           2.098e+00               3.656          -1.786e+01             226.562           2.335e+01     
  19.000         270.000            2.227e+00           2.186e+00               3.594          -1.800e+01             227.788           2.336e+01     
  18.000         270.000            2.309e+00           2.270e+00               3.536          -1.813e+01             229.056           2.337e+01     
  17.000         270.000            2.387e+00           2.349e+00               3.481          -1.826e+01             230.369           2.338e+01     
  16.000         270.000            2.461e+00           2.425e+00               3.430          -1.839e+01             231.726           2.338e+01     
  15.000         270.000            2.531e+00           2.496e+00               3.382          -1.852e+01             233.127           2.339e+01     
  14.000         270.000            2.597e+00           2.564e+00               3.339          -1.864e+01             234.572           2.340e+01     
  13.000         270.000            2.659e+00           2.627e+00               3.299          -1.877e+01             236.060           2.340e+01     
  12.000         270.000            2.717e+00           2.686e+00               3.263          -1.889e+01             237.592           2.340e+01     
  11.000         270.000            2.771e+00           2.742e+00               3.231          -1.901e+01             239.165           2.340e+01     
  10.000         270.000            2.821e+00           2.793e+00               3.203          -1.912e+01             240.779           2.340e+01     
   9.000         270.000            2.867e+00           2.840e+00               3.178          -1.923e+01             242.432           2.340e+01     
   8.000         270.000            2.909e+00           2.883e+00               3.157          -1.934e+01             244.122           2.340e+01     
   7.000         270.000            2.946e+00           2.921e+00               3.140          -1.944e+01             245.846           2.340e+01     
   6.000         270.000            2.980e+00           2.956e+00               3.127          -1.954e+01             247.602           2.339e+01     
   5.000         270.000            3.010e+00           2.987e+00               3.117          -1.962e+01             249.387           2.339e+01     
   4.000         270.000            3.036e+00           3.013e+00               3.111          -1.971e+01             251.198           2.338e+01     
   3.000         270.000            3.058e+00           3.036e+00               3.109          -1.978e+01             253.030           2.337e+01     
   2.000         270.000            3.076e+00           3.054e+00               3.111          -1.985e+01             254.880           2.336e+01     
   1.000         270.000            3.090e+00           3.068e+00               3.117          -1.991e+01             256.743           2.334e+01     
