Theta [deg.]  Phi   [deg.]  Abs(Dir.)[dBi   ]   Abs(Theta)[dBi   ]  Phase(Theta)[deg.]  Abs(Phi  )[dBi   ]  Phase(Phi  )[deg.]  Ax.Ratio[dB    ]    
------------------------------------------------------------------------------------------------------------------------------------------------------
   0.000          45.000           -8.511e-01          -1.834e+00             267.024          -7.787e+00             298.363           1.319e+01     
   1.000          45.000           -8.834e-01          -1.856e+00             266.668          -7.861e+00             297.204           1.345e+01     
   2.000          45.000           -9.172e-01          -1.880e+00             266.313          -7.931e+00             296.022           1.371e+01     
   3.000          45.000           -9.526e-01          -1.908e+00             265.960          -7.997e+00             294.820           1.399e+01     
   4.000          45.000           -9.894e-01          -1.939e+00             265.608          -8.059e+00             293.600           1.427e+01     
   5.000          45.000           -1.028e+00          -1.972e+00             265.257          -8.116e+00             292.363           1.456e+01     
   6.000          45.000           -1.067e+00          -2.009e+00             264.908          -8.169e+00             291.112           1.486e+01     
   7.000          45.000           -1.108e+00          -2.048e+00             264.561          -8.216e+00             289.848           1.518e+01     
   8.000          45.000           -1.151e+00          -2.091e+00             264.216          -8.258e+00             288.573           1.550e+01     
   9.000          45.000           -1.195e+00          -2.137e+00             263.873          -8.295e+00             287.290           1.583e+01     
  10.000          45.000           -1.240e+00          -2.185e+00             263.531          -8.326e+00             286.001           1.618e+01     
  11.000          45.000           -1.287e+00          -2.237e+00             263.193          -8.352e+00             284.708           1.654e+01     
  12.000          45.000           -1.334e+00          -2.292e+00             262.856          -8.372e+00             283.415           1.691e+01     
  13.000          45.000           -1.384e+00          -2.350e+00             262.522          -8.386e+00             282.123           1.730e+01     
  14.000          45.000           -1.434e+00          -2.411e+00             262.191          -8.395e+00             280.834           1.770e+01     
  15.000          45.000           -1.486e+00          -2.475e+00             261.863          -8.398e+00             279.553           1.811e+01     
  16.000          45.000           -1.539e+00          -2.542e+00             261.537          -8.396e+00             278.280           1.855e+01     
  17.000          45.000           -1.593e+00          -2.613e+00             261.215          -8.388e+00             277.019           1.900e+01     
  18.000          45.000           -1.649e+00          -2.687e+00             260.896          -8.374e+00             275.772           1.948e+01     
  19.000          45.000           -1.706e+00          -2.764e+00             260.580          -8.356e+00             274.542           1.997e+01     
  20.000          45.000           -1.764e+00          -2.845e+00             260.268          -8.332e+00             273.329           2.049e+01     
  21.000          45.000           -1.822e+00          -2.929e+00             259.959          -8.303e+00             272.137           2.104e+01     
  22.000          45.000           -1.883e+00          -3.016e+00             259.654          -8.270e+00             270.967           2.161e+01     
  23.000          45.000           -1.944e+00          -3.107e+00             259.353          -8.232e+00             269.822           2.221e+01     
  24.000          45.000           -2.006e+00          -3.202e+00             259.056          -8.191e+00             268.702           2.285e+01     
  25.000          45.000           -2.069e+00          -3.300e+00             258.763          -8.145e+00             267.609           2.353e+01     
  26.000          45.000           -2.133e+00          -3.402e+00             258.474          -8.095e+00             266.545           2.425e+01     
  27.000          45.000           -2.198e+00          -3.508e+00             258.190          -8.042e+00             265.510           2.502e+01     
  28.000          45.000           -2.264e+00          -3.617e+00             257.910          -7.986e+00             264.505           2.585e+01     
  29.000          45.000           -2.330e+00          -3.731e+00             257.635          -7.927e+00             263.532           2.674e+01     
  30.000          45.000           -2.398e+00          -3.848e+00             257.365          -7.866e+00             262.591           2.772e+01     
  31.000          45.000           -2.466e+00          -3.970e+00             257.100          -7.802e+00             261.682           2.878e+01     
  32.000          45.000           -2.535e+00          -4.096e+00             256.840          -7.736e+00             260.806           2.996e+01     
  33.000          45.000           -2.604e+00          -4.226e+00             256.586          -7.668e+00             259.963           3.128e+01     
  34.000          45.000           -2.675e+00          -4.361e+00             256.336          -7.599e+00             259.153           3.278e+01     
  35.000          45.000           -2.745e+00          -4.500e+00             256.093          -7.528e+00             258.376           3.453e+01     
  36.000          45.000           -2.816e+00          -4.644e+00             255.855          -7.456e+00             257.632           3.663e+01     
  37.000          45.000           -2.888e+00          -4.793e+00             255.622          -7.384e+00             256.922           3.929e+01     
  38.000          45.000           -2.960e+00          -4.947e+00             255.396          -7.310e+00             256.243           4.000e+01     
  39.000          45.000           -3.032e+00          -5.107e+00             255.176          -7.236e+00             255.598           4.000e+01     
  40.000          45.000           -3.104e+00          -5.271e+00             254.961          -7.162e+00             254.984           4.000e+01     
  41.000          45.000           -3.177e+00          -5.442e+00             254.753          -7.088e+00             254.402           4.000e+01     
  42.000          45.000           -3.250e+00          -5.618e+00             254.551          -7.013e+00             253.852           4.000e+01     
  43.000          45.000           -3.322e+00          -5.800e+00             254.356          -6.939e+00             253.332           4.000e+01     
  44.000          45.000           -3.395e+00          -5.989e+00             254.167          -6.865e+00             252.842           3.878e+01     
  45.000          45.000           -3.467e+00          -6.184e+00             253.985          -6.792e+00             252.382           3.711e+01     
  46.000          45.000           -3.539e+00          -6.387e+00             253.809          -6.719e+00             251.952           3.581e+01     
  47.000          45.000           -3.611e+00          -6.596e+00             253.640          -6.646e+00             251.550           3.478e+01     
  48.000          45.000           -3.682e+00          -6.813e+00             253.477          -6.575e+00             251.176           3.395e+01     
  49.000          45.000           -3.753e+00          -7.039e+00             253.321          -6.504e+00             250.830           3.327e+01     
  50.000          45.000           -3.823e+00          -7.272e+00             253.172          -6.434e+00             250.511           3.272e+01     
  51.000          45.000           -3.892e+00          -7.515e+00             253.030          -6.365e+00             250.218           3.228e+01     
  52.000          45.000           -3.960e+00          -7.767e+00             252.894          -6.297e+00             249.951           3.193e+01     
  53.000          45.000           -4.027e+00          -8.030e+00             252.764          -6.230e+00             249.710           3.167e+01     
  54.000          45.000           -4.093e+00          -8.303e+00             252.641          -6.164e+00             249.494           3.148e+01     
  55.000          45.000           -4.157e+00          -8.587e+00             252.525          -6.099e+00             249.302           3.137e+01     
  56.000          45.000           -4.220e+00          -8.884e+00             252.414          -6.036e+00             249.134           3.132e+01     
  57.000          45.000           -4.282e+00          -9.194e+00             252.309          -5.974e+00             248.989           3.134e+01     
  58.000          45.000           -4.342e+00          -9.518e+00             252.210          -5.913e+00             248.868           3.143e+01     
  59.000          45.000           -4.399e+00          -9.858e+00             252.116          -5.853e+00             248.769           3.158e+01     
  60.000          45.000           -4.455e+00          -1.021e+01             252.027          -5.795e+00             248.692           3.180e+01     
  61.000          45.000           -4.508e+00          -1.059e+01             251.942          -5.738e+00             248.637           3.209e+01     
  62.000          45.000           -4.559e+00          -1.098e+01             251.860          -5.682e+00             248.603           3.245e+01     
  63.000          45.000           -4.608e+00          -1.140e+01             251.781          -5.628e+00             248.590           3.289e+01     
  64.000          45.000           -4.653e+00          -1.184e+01             251.704          -5.575e+00             248.598           3.343e+01     
  65.000          45.000           -4.696e+00          -1.231e+01             251.626          -5.523e+00             248.625           3.406e+01     
  66.000          45.000           -4.736e+00          -1.280e+01             251.547          -5.472e+00             248.673           3.480e+01     
  67.000          45.000           -4.772e+00          -1.333e+01             251.464          -5.423e+00             248.741           3.567e+01     
  68.000          45.000           -4.805e+00          -1.390e+01             251.375          -5.375e+00             248.828           3.671e+01     
  69.000          45.000           -4.834e+00          -1.451e+01             251.275          -5.329e+00             248.933           3.795e+01     
  70.000          45.000           -4.860e+00          -1.518e+01             251.160          -5.284e+00             249.058           3.945e+01     
  71.000          45.000           -4.882e+00          -1.590e+01             251.023          -5.240e+00             249.201           4.000e+01     
  72.000          45.000           -4.899e+00          -1.669e+01             250.854          -5.197e+00             249.363           4.000e+01     
  73.000          45.000           -4.913e+00          -1.757e+01             250.640          -5.155e+00             249.543           4.000e+01     
  74.000          45.000           -4.922e+00          -1.855e+01             250.361          -5.115e+00             249.740           4.000e+01     
  75.000          45.000           -4.927e+00          -1.966e+01             249.985          -5.075e+00             249.956           4.000e+01     
  76.000          45.000           -4.927e+00          -2.094e+01             249.461          -5.037e+00             250.189           4.000e+01     
  77.000          45.000           -4.923e+00          -2.245e+01             248.697          -5.000e+00             250.439           4.000e+01     
  78.000          45.000           -4.914e+00          -2.429e+01             247.514          -4.964e+00             250.707           4.000e+01     
  79.000          45.000           -4.900e+00          -2.662e+01             245.513          -4.929e+00             250.992           4.000e+01     
  80.000          45.000           -4.882e+00          -2.981e+01             241.580          -4.896e+00             251.294           4.000e+01     
  81.000          45.000           -4.858e+00          -3.472e+01             231.260          -4.863e+00             251.613           3.904e+01     
  82.000          45.000           -4.830e+00          -4.231e+01             180.950          -4.831e+00             251.949           3.796e+01     
  83.000          45.000           -4.797e+00          -3.666e+01             105.454          -4.799e+00             252.301           3.710e+01     
  84.000          45.000           -4.759e+00          -3.089e+01              90.499          -4.769e+00             252.670           3.642e+01     
  85.000          45.000           -4.716e+00          -2.730e+01              85.579          -4.740e+00             253.056           3.589e+01     
  86.000          45.000           -4.668e+00          -2.474e+01              83.266          -4.711e+00             253.458           3.548e+01     
  87.000          45.000           -4.616e+00          -2.274e+01              81.992          -4.683e+00             253.876           3.520e+01     
  88.000          45.000           -4.559e+00          -2.111e+01              81.237          -4.656e+00             254.311           3.502e+01     
  89.000          45.000           -4.497e+00          -1.973e+01              80.780          -4.629e+00             254.762           3.495e+01     
  90.000          45.000           -4.431e+00          -1.854e+01              80.511          -4.603e+00             255.229           3.499e+01     
  91.000          45.000           -4.361e+00          -1.748e+01              80.372          -4.578e+00             255.713           3.514e+01     
  92.000          45.000           -4.286e+00          -1.654e+01              80.324          -4.553e+00             256.212           3.541e+01     
  93.000          45.000           -4.208e+00          -1.569e+01              80.346          -4.528e+00             256.727           3.579e+01     
  94.000          45.000           -4.125e+00          -1.490e+01              80.422          -4.504e+00             257.259           3.632e+01     
  95.000          45.000           -4.039e+00          -1.419e+01              80.540          -4.480e+00             257.806           3.702e+01     
  96.000          45.000           -3.949e+00          -1.352e+01              80.695          -4.457e+00             258.369           3.791e+01     
  97.000          45.000           -3.855e+00          -1.290e+01              80.880          -4.433e+00             258.948           3.907e+01     
  98.000          45.000           -3.759e+00          -1.232e+01              81.090          -4.410e+00             259.542           4.000e+01     
  99.000          45.000           -3.659e+00          -1.177e+01              81.324          -4.387e+00             260.152           4.000e+01     
 100.000          45.000           -3.556e+00          -1.126e+01              81.577          -4.364e+00             260.777           4.000e+01     
 101.000          45.000           -3.450e+00          -1.077e+01              81.848          -4.341e+00             261.417           4.000e+01     
 102.000          45.000           -3.342e+00          -1.031e+01              82.137          -4.318e+00             262.073           4.000e+01     
 103.000          45.000           -3.232e+00          -9.867e+00              82.440          -4.294e+00             262.743           4.000e+01     
 104.000          45.000           -3.119e+00          -9.447e+00              82.757          -4.271e+00             263.429           4.000e+01     
 105.000          45.000           -3.004e+00          -9.046e+00              83.088          -4.247e+00             264.129           4.000e+01     
 106.000          45.000           -2.888e+00          -8.661e+00              83.430          -4.223e+00             264.843           3.927e+01     
 107.000          45.000           -2.769e+00          -8.292e+00              83.784          -4.198e+00             265.572           3.707e+01     
 108.000          45.000           -2.650e+00          -7.938e+00              84.149          -4.173e+00             266.315           3.526e+01     
 109.000          45.000           -2.528e+00          -7.597e+00              84.524          -4.148e+00             267.072           3.372e+01     
 110.000          45.000           -2.406e+00          -7.269e+00              84.908          -4.122e+00             267.842           3.239e+01     
 111.000          45.000           -2.282e+00          -6.952e+00              85.302          -4.095e+00             268.626           3.121e+01     
 112.000          45.000           -2.158e+00          -6.647e+00              85.704          -4.067e+00             269.422           3.015e+01     
 113.000          45.000           -2.033e+00          -6.351e+00              86.114          -4.039e+00             270.231           2.919e+01     
 114.000          45.000           -1.907e+00          -6.065e+00              86.533          -4.010e+00             271.053           2.832e+01     
 115.000          45.000           -1.780e+00          -5.789e+00              86.959          -3.980e+00             271.886           2.751e+01     
 116.000          45.000           -1.654e+00          -5.521e+00              87.392          -3.949e+00             272.730           2.677e+01     
 117.000          45.000           -1.527e+00          -5.261e+00              87.833          -3.917e+00             273.586           2.608e+01     
 118.000          45.000           -1.400e+00          -5.009e+00              88.279          -3.883e+00             274.452           2.544e+01     
 119.000          45.000           -1.273e+00          -4.765e+00              88.733          -3.849e+00             275.328           2.484e+01     
 120.000          45.000           -1.146e+00          -4.527e+00              89.192          -3.814e+00             276.213           2.427e+01     
 121.000          45.000           -1.019e+00          -4.297e+00              89.657          -3.777e+00             277.108           2.374e+01     
 122.000          45.000           -8.923e-01          -4.073e+00              90.127          -3.739e+00             278.011           2.324e+01     
 123.000          45.000           -7.663e-01          -3.855e+00              90.603          -3.700e+00             278.922           2.277e+01     
 124.000          45.000           -6.408e-01          -3.643e+00              91.084          -3.659e+00             279.840           2.232e+01     
 125.000          45.000           -5.160e-01          -3.437e+00              91.569          -3.617e+00             280.765           2.189e+01     
 126.000          45.000           -3.918e-01          -3.237e+00              92.059          -3.574e+00             281.696           2.149e+01     
 127.000          45.000           -2.684e-01          -3.042e+00              92.553          -3.529e+00             282.632           2.111e+01     
 128.000          45.000           -1.459e-01          -2.853e+00              93.052          -3.483e+00             283.574           2.074e+01     
 129.000          45.000           -2.428e-02          -2.668e+00              93.554          -3.435e+00             284.519           2.039e+01     
 130.000          45.000            9.628e-02          -2.489e+00              94.059          -3.386e+00             285.467           2.006e+01     
 131.000          45.000            2.157e-01          -2.314e+00              94.569          -3.335e+00             286.418           1.974e+01     
 132.000          45.000            3.340e-01          -2.144e+00              95.081          -3.283e+00             287.371           1.943e+01     
 133.000          45.000            4.511e-01          -1.979e+00              95.596          -3.230e+00             288.326           1.914e+01     
 134.000          45.000            5.669e-01          -1.818e+00              96.115          -3.175e+00             289.281           1.886e+01     
 135.000          45.000            6.813e-01          -1.661e+00              96.636          -3.118e+00             290.236           1.860e+01     
 136.000          45.000            7.942e-01          -1.509e+00              97.159          -3.061e+00             291.190           1.834e+01     
 137.000          45.000            9.058e-01          -1.361e+00              97.684          -3.002e+00             292.142           1.809e+01     
 138.000          45.000            1.016e+00          -1.218e+00              98.212          -2.941e+00             293.093           1.786e+01     
 139.000          45.000            1.124e+00          -1.078e+00              98.741          -2.880e+00             294.040           1.763e+01     
 140.000          45.000            1.231e+00          -9.428e-01              99.272          -2.817e+00             294.984           1.741e+01     
 141.000          45.000            1.336e+00          -8.113e-01              99.805          -2.753e+00             295.924           1.720e+01     
 142.000          45.000            1.439e+00          -6.837e-01             100.339          -2.687e+00             296.859           1.700e+01     
 143.000          45.000            1.541e+00          -5.600e-01             100.874          -2.621e+00             297.789           1.681e+01     
 144.000          45.000            1.641e+00          -4.402e-01             101.410          -2.554e+00             298.712           1.662e+01     
 145.000          45.000            1.739e+00          -3.242e-01             101.947          -2.486e+00             299.630           1.644e+01     
 146.000          45.000            1.834e+00          -2.120e-01             102.485          -2.416e+00             300.540           1.627e+01     
 147.000          45.000            1.929e+00          -1.034e-01             103.023          -2.347e+00             301.442           1.610e+01     
 148.000          45.000            2.021e+00           1.362e-03             103.561          -2.276e+00             302.336           1.594e+01     
 149.000          45.000            2.111e+00           1.025e-01             104.100          -2.205e+00             303.222           1.579e+01     
 150.000          45.000            2.199e+00           2.000e-01             104.639          -2.133e+00             304.099           1.564e+01     
 151.000          45.000            2.285e+00           2.938e-01             105.178          -2.060e+00             304.967           1.550e+01     
 152.000          45.000            2.368e+00           3.840e-01             105.717          -1.988e+00             305.824           1.537e+01     
 153.000          45.000            2.450e+00           4.706e-01             106.255          -1.914e+00             306.672           1.524e+01     
 154.000          45.000            2.530e+00           5.537e-01             106.793          -1.841e+00             307.509           1.511e+01     
 155.000          45.000            2.607e+00           6.332e-01             107.330          -1.768e+00             308.335           1.499e+01     
 156.000          45.000            2.682e+00           7.091e-01             107.867          -1.694e+00             309.150           1.487e+01     
 157.000          45.000            2.755e+00           7.815e-01             108.403          -1.620e+00             309.954           1.476e+01     
 158.000          45.000            2.825e+00           8.504e-01             108.938          -1.547e+00             310.746           1.466e+01     
 159.000          45.000            2.894e+00           9.157e-01             109.472          -1.473e+00             311.526           1.455e+01     
 160.000          45.000            2.960e+00           9.775e-01             110.004          -1.400e+00             312.295           1.446e+01     
 161.000          45.000            3.023e+00           1.036e+00             110.536          -1.327e+00             313.051           1.436e+01     
 162.000          45.000            3.085e+00           1.091e+00             111.065          -1.255e+00             313.795           1.427e+01     
 163.000          45.000            3.144e+00           1.142e+00             111.594          -1.183e+00             314.527           1.419e+01     
 164.000          45.000            3.200e+00           1.190e+00             112.121          -1.111e+00             315.246           1.411e+01     
 165.000          45.000            3.254e+00           1.234e+00             112.646          -1.040e+00             315.953           1.403e+01     
 166.000          45.000            3.306e+00           1.275e+00             113.169          -9.700e-01             316.647           1.396e+01     
 167.000          45.000            3.356e+00           1.312e+00             113.690          -9.005e-01             317.328           1.389e+01     
 168.000          45.000            3.403e+00           1.346e+00             114.209          -8.319e-01             317.996           1.382e+01     
 169.000          45.000            3.447e+00           1.377e+00             114.726          -7.642e-01             318.652           1.376e+01     
 170.000          45.000            3.489e+00           1.403e+00             115.241          -6.973e-01             319.296           1.371e+01     
 171.000          45.000            3.529e+00           1.427e+00             115.754          -6.315e-01             319.926           1.365e+01     
 172.000          45.000            3.566e+00           1.447e+00             116.264          -5.668e-01             320.544           1.360e+01     
 173.000          45.000            3.601e+00           1.463e+00             116.772          -5.031e-01             321.149           1.355e+01     
 174.000          45.000            3.633e+00           1.476e+00             117.277          -4.407e-01             321.742           1.351e+01     
 175.000          45.000            3.663e+00           1.485e+00             117.780          -3.794e-01             322.322           1.347e+01     
 176.000          45.000            3.690e+00           1.491e+00             118.279          -3.194e-01             322.889           1.343e+01     
 177.000          45.000            3.715e+00           1.494e+00             118.776          -2.607e-01             323.444           1.340e+01     
 178.000          45.000            3.737e+00           1.493e+00             119.271          -2.034e-01             323.987           1.337e+01     
 179.000          45.000            3.757e+00           1.488e+00             119.762          -1.474e-01             324.518           1.334e+01     
 180.000          45.000            3.774e+00           1.480e+00             120.250          -9.304e-02             325.035           1.332e+01     
 179.000         225.000            3.789e+00           1.468e+00             300.735          -3.998e-02             145.541           1.330e+01     
 178.000         225.000            3.802e+00           1.453e+00             301.217           1.159e-02             146.036           1.328e+01     
 177.000         225.000            3.812e+00           1.434e+00             301.696           6.163e-02             146.518           1.327e+01     
 176.000         225.000            3.820e+00           1.411e+00             302.172           1.101e-01             146.989           1.326e+01     
 175.000         225.000            3.825e+00           1.385e+00             302.645           1.570e-01             147.448           1.325e+01     
 174.000         225.000            3.828e+00           1.356e+00             303.114           2.024e-01             147.896           1.325e+01     
 173.000         225.000            3.828e+00           1.323e+00             303.580           2.461e-01             148.332           1.325e+01     
 172.000         225.000            3.826e+00           1.286e+00             304.043           2.881e-01             148.757           1.325e+01     
 171.000         225.000            3.821e+00           1.246e+00             304.502           3.285e-01             149.170           1.326e+01     
 170.000         225.000            3.815e+00           1.202e+00             304.957           3.672e-01             149.573           1.327e+01     
 169.000         225.000            3.806e+00           1.154e+00             305.410           4.043e-01             149.964           1.328e+01     
 168.000         225.000            3.794e+00           1.103e+00             305.858           4.396e-01             150.345           1.330e+01     
 167.000         225.000            3.780e+00           1.048e+00             306.303           4.733e-01             150.715           1.332e+01     
 166.000         225.000            3.764e+00           9.889e-01             306.745           5.052e-01             151.075           1.334e+01     
 165.000         225.000            3.746e+00           9.265e-01             307.183           5.354e-01             151.424           1.337e+01     
 164.000         225.000            3.725e+00           8.603e-01             307.618           5.640e-01             151.762           1.340e+01     
 163.000         225.000            3.702e+00           7.905e-01             308.048           5.907e-01             152.091           1.344e+01     
 162.000         225.000            3.677e+00           7.168e-01             308.476           6.158e-01             152.409           1.348e+01     
 161.000         225.000            3.650e+00           6.393e-01             308.900           6.392e-01             152.717           1.352e+01     
 160.000         225.000            3.620e+00           5.581e-01             309.320           6.608e-01             153.016           1.357e+01     
 159.000         225.000            3.588e+00           4.729e-01             309.737           6.807e-01             153.304           1.362e+01     
 158.000         225.000            3.555e+00           3.839e-01             310.151           6.989e-01             153.583           1.367e+01     
 157.000         225.000            3.519e+00           2.910e-01             310.561           7.154e-01             153.853           1.373e+01     
 156.000         225.000            3.481e+00           1.941e-01             310.968           7.303e-01             154.113           1.379e+01     
 155.000         225.000            3.441e+00           9.321e-02             311.371           7.434e-01             154.364           1.386e+01     
 154.000         225.000            3.399e+00          -1.169e-02             311.772           7.549e-01             154.605           1.393e+01     
 153.000         225.000            3.355e+00          -1.207e-01             312.169           7.647e-01             154.838           1.401e+01     
 152.000         225.000            3.309e+00          -2.337e-01             312.564           7.729e-01             155.062           1.409e+01     
 151.000         225.000            3.261e+00          -3.510e-01             312.956           7.795e-01             155.276           1.418e+01     
 150.000         225.000            3.212e+00          -4.724e-01             313.344           7.845e-01             155.482           1.427e+01     
 149.000         225.000            3.160e+00          -5.982e-01             313.731           7.878e-01             155.680           1.437e+01     
 148.000         225.000            3.107e+00          -7.282e-01             314.115           7.896e-01             155.869           1.447e+01     
 147.000         225.000            3.052e+00          -8.627e-01             314.497           7.899e-01             156.049           1.458e+01     
 146.000         225.000            2.995e+00          -1.002e+00             314.877           7.886e-01             156.222           1.469e+01     
 145.000         225.000            2.937e+00          -1.145e+00             315.255           7.857e-01             156.386           1.481e+01     
 144.000         225.000            2.877e+00          -1.293e+00             315.632           7.814e-01             156.542           1.494e+01     
 143.000         225.000            2.816e+00          -1.446e+00             316.007           7.757e-01             156.690           1.508e+01     
 142.000         225.000            2.753e+00          -1.603e+00             316.382           7.684e-01             156.830           1.522e+01     
 141.000         225.000            2.688e+00          -1.766e+00             316.756           7.598e-01             156.963           1.537e+01     
 140.000         225.000            2.622e+00          -1.933e+00             317.130           7.497e-01             157.088           1.553e+01     
 139.000         225.000            2.555e+00          -2.106e+00             317.505           7.383e-01             157.205           1.569e+01     
 138.000         225.000            2.487e+00          -2.284e+00             317.880           7.255e-01             157.315           1.587e+01     
 137.000         225.000            2.417e+00          -2.467e+00             318.256           7.114e-01             157.418           1.605e+01     
 136.000         225.000            2.346e+00          -2.655e+00             318.634           6.960e-01             157.513           1.625e+01     
 135.000         225.000            2.274e+00          -2.850e+00             319.015           6.793e-01             157.602           1.646e+01     
 134.000         225.000            2.201e+00          -3.050e+00             319.399           6.614e-01             157.683           1.667e+01     
 133.000         225.000            2.127e+00          -3.256e+00             319.787           6.423e-01             157.758           1.691e+01     
 132.000         225.000            2.052e+00          -3.468e+00             320.180           6.219e-01             157.826           1.715e+01     
 131.000         225.000            1.976e+00          -3.687e+00             320.579           6.004e-01             157.887           1.741e+01     
 130.000         225.000            1.899e+00          -3.912e+00             320.984           5.778e-01             157.942           1.769e+01     
 129.000         225.000            1.822e+00          -4.144e+00             321.397           5.541e-01             157.990           1.798e+01     
 128.000         225.000            1.744e+00          -4.383e+00             321.820           5.292e-01             158.032           1.830e+01     
 127.000         225.000            1.665e+00          -4.629e+00             322.253           5.034e-01             158.068           1.863e+01     
 126.000         225.000            1.586e+00          -4.883e+00             322.699           4.765e-01             158.097           1.899e+01     
 125.000         225.000            1.506e+00          -5.145e+00             323.159           4.486e-01             158.121           1.937e+01     
 124.000         225.000            1.426e+00          -5.416e+00             323.635           4.197e-01             158.139           1.978e+01     
 123.000         225.000            1.346e+00          -5.695e+00             324.129           3.899e-01             158.151           2.023e+01     
 122.000         225.000            1.266e+00          -5.983e+00             324.644           3.592e-01             158.157           2.071e+01     
 121.000         225.000            1.185e+00          -6.280e+00             325.184           3.276e-01             158.158           2.123e+01     
 120.000         225.000            1.105e+00          -6.588e+00             325.750           2.951e-01             158.154           2.180e+01     
 119.000         225.000            1.025e+00          -6.906e+00             326.348           2.618e-01             158.144           2.243e+01     
 118.000         225.000            9.442e-01          -7.235e+00             326.980           2.278e-01             158.129           2.313e+01     
 117.000         225.000            8.642e-01          -7.575e+00             327.653           1.929e-01             158.108           2.390e+01     
 116.000         225.000            7.846e-01          -7.928e+00             328.371           1.573e-01             158.083           2.477e+01     
 115.000         225.000            7.054e-01          -8.294e+00             329.142           1.209e-01             158.053           2.576e+01     
 114.000         225.000            6.267e-01          -8.673e+00             329.972           8.384e-02             158.018           2.690e+01     
 113.000         225.000            5.486e-01          -9.067e+00             330.871           4.610e-02             157.979           2.825e+01     
 112.000         225.000            4.712e-01          -9.476e+00             331.848           7.713e-03             157.934           2.989e+01     
 111.000         225.000            3.947e-01          -9.900e+00             332.915          -3.131e-02             157.886           3.196e+01     
 110.000         225.000            3.190e-01          -1.034e+01             334.087          -7.094e-02             157.833           3.475e+01     
 109.000         225.000            2.444e-01          -1.080e+01             335.381          -1.112e-01             157.776           3.898e+01     
 108.000         225.000            1.708e-01          -1.128e+01             336.815          -1.520e-01             157.714           4.000e+01     
 107.000         225.000            9.842e-02          -1.178e+01             338.412          -1.933e-01             157.649           4.000e+01     
 106.000         225.000            2.730e-02          -1.229e+01             340.202          -2.351e-01             157.580           3.937e+01     
 105.000         225.000           -4.246e-02          -1.283e+01             342.215          -2.775e-01             157.506           3.473e+01     
 104.000         225.000           -1.108e-01          -1.338e+01             344.492          -3.204e-01             157.430           3.168e+01     
 103.000         225.000           -1.775e-01          -1.395e+01             347.077          -3.637e-01             157.349           2.939e+01     
 102.000         225.000           -2.427e-01          -1.453e+01             350.023          -4.075e-01             157.265           2.756e+01     
 101.000         225.000           -3.061e-01          -1.513e+01             353.390          -4.517e-01             157.177           2.602e+01     
 100.000         225.000           -3.678e-01          -1.572e+01             357.240          -4.964e-01             157.086           2.471e+01     
  99.000         225.000           -4.276e-01          -1.630e+01               1.636          -5.414e-01             156.992           2.355e+01     
  98.000         225.000           -4.855e-01          -1.685e+01               6.633          -5.869e-01             156.895           2.251e+01     
  97.000         225.000           -5.414e-01          -1.736e+01              12.259          -6.328e-01             156.794           2.158e+01     
  96.000         225.000           -5.953e-01          -1.779e+01              18.500          -6.790e-01             156.690           2.072e+01     
  95.000         225.000           -6.471e-01          -1.811e+01              25.275          -7.256e-01             156.584           1.994e+01     
  94.000         225.000           -6.967e-01          -1.831e+01              32.430          -7.726e-01             156.474           1.922e+01     
  93.000         225.000           -7.441e-01          -1.836e+01              39.743          -8.200e-01             156.362           1.854e+01     
  92.000         225.000           -7.892e-01          -1.826e+01              46.961          -8.677e-01             156.246           1.791e+01     
  91.000         225.000           -8.321e-01          -1.803e+01              53.849          -9.157e-01             156.128           1.732e+01     
  90.000         225.000           -8.726e-01          -1.768e+01              60.229          -9.641e-01             156.008           1.677e+01     
  89.000         225.000           -9.108e-01          -1.726e+01              65.997          -1.013e+00             155.885           1.624e+01     
  88.000         225.000           -9.466e-01          -1.677e+01              71.119          -1.062e+00             155.759           1.575e+01     
  87.000         225.000           -9.801e-01          -1.625e+01              75.615          -1.111e+00             155.630           1.528e+01     
  86.000         225.000           -1.011e+00          -1.571e+01              79.530          -1.161e+00             155.499           1.483e+01     
  85.000         225.000           -1.040e+00          -1.517e+01              82.927          -1.211e+00             155.366           1.441e+01     
  84.000         225.000           -1.066e+00          -1.464e+01              85.869          -1.261e+00             155.230           1.400e+01     
  83.000         225.000           -1.090e+00          -1.412e+01              88.419          -1.312e+00             155.092           1.362e+01     
  82.000         225.000           -1.112e+00          -1.361e+01              90.629          -1.363e+00             154.951           1.325e+01     
  81.000         225.000           -1.131e+00          -1.312e+01              92.549          -1.415e+00             154.808           1.290e+01     
  80.000         225.000           -1.148e+00          -1.265e+01              94.218          -1.466e+00             154.663           1.257e+01     
  79.000         225.000           -1.163e+00          -1.220e+01              95.673          -1.519e+00             154.514           1.225e+01     
  78.000         225.000           -1.175e+00          -1.177e+01              96.941          -1.571e+00             154.364           1.194e+01     
  77.000         225.000           -1.186e+00          -1.136e+01              98.047          -1.624e+00             154.211           1.165e+01     
  76.000         225.000           -1.194e+00          -1.096e+01              99.012          -1.678e+00             154.056           1.137e+01     
  75.000         225.000           -1.200e+00          -1.059e+01              99.855          -1.731e+00             153.898           1.111e+01     
  74.000         225.000           -1.204e+00          -1.022e+01             100.588          -1.785e+00             153.737           1.085e+01     
  73.000         225.000           -1.206e+00          -9.876e+00             101.226          -1.840e+00             153.574           1.061e+01     
  72.000         225.000           -1.206e+00          -9.543e+00             101.779          -1.895e+00             153.409           1.038e+01     
  71.000         225.000           -1.205e+00          -9.224e+00             102.256          -1.951e+00             153.240           1.016e+01     
  70.000         225.000           -1.202e+00          -8.917e+00             102.666          -2.007e+00             153.069           9.947e+00     
  69.000         225.000           -1.197e+00          -8.622e+00             103.015          -2.063e+00             152.895           9.747e+00     
  68.000         225.000           -1.190e+00          -8.338e+00             103.308          -2.120e+00             152.718           9.557e+00     
  67.000         225.000           -1.182e+00          -8.066e+00             103.553          -2.178e+00             152.538           9.377e+00     
  66.000         225.000           -1.173e+00          -7.803e+00             103.752          -2.236e+00             152.355           9.207e+00     
  65.000         225.000           -1.162e+00          -7.551e+00             103.910          -2.295e+00             152.168           9.046e+00     
  64.000         225.000           -1.150e+00          -7.307e+00             104.031          -2.354e+00             151.978           8.894e+00     
  63.000         225.000           -1.136e+00          -7.072e+00             104.118          -2.414e+00             151.785           8.751e+00     
  62.000         225.000           -1.122e+00          -6.846e+00             104.173          -2.475e+00             151.587           8.617e+00     
  61.000         225.000           -1.107e+00          -6.627e+00             104.199          -2.536e+00             151.386           8.492e+00     
  60.000         225.000           -1.090e+00          -6.416e+00             104.198          -2.599e+00             151.181           8.375e+00     
  59.000         225.000           -1.073e+00          -6.213e+00             104.173          -2.661e+00             150.972           8.266e+00     
  58.000         225.000           -1.055e+00          -6.016e+00             104.125          -2.725e+00             150.758           8.166e+00     
  57.000         225.000           -1.037e+00          -5.826e+00             104.055          -2.789e+00             150.540           8.074e+00     
  56.000         225.000           -1.018e+00          -5.642e+00             103.966          -2.854e+00             150.317           7.990e+00     
  55.000         225.000           -9.981e-01          -5.464e+00             103.859          -2.920e+00             150.090           7.914e+00     
  54.000         225.000           -9.780e-01          -5.292e+00             103.734          -2.987e+00             149.856           7.846e+00     
  53.000         225.000           -9.576e-01          -5.126e+00             103.594          -3.054e+00             149.618           7.785e+00     
  52.000         225.000           -9.369e-01          -4.965e+00             103.438          -3.123e+00             149.374           7.732e+00     
  51.000         225.000           -9.160e-01          -4.810e+00             103.269          -3.192e+00             149.124           7.687e+00     
  50.000         225.000           -8.950e-01          -4.660e+00             103.086          -3.263e+00             148.867           7.649e+00     
  49.000         225.000           -8.740e-01          -4.514e+00             102.892          -3.334e+00             148.604           7.618e+00     
  48.000         225.000           -8.530e-01          -4.374e+00             102.686          -3.406e+00             148.334           7.594e+00     
  47.000         225.000           -8.321e-01          -4.238e+00             102.468          -3.480e+00             148.057           7.577e+00     
  46.000         225.000           -8.113e-01          -4.107e+00             102.241          -3.554e+00             147.773           7.567e+00     
  45.000         225.000           -7.908e-01          -3.980e+00             102.005          -3.630e+00             147.481           7.564e+00     
  44.000         225.000           -7.706e-01          -3.857e+00             101.759          -3.706e+00             147.180           7.567e+00     
  43.000         225.000           -7.508e-01          -3.739e+00             101.505          -3.784e+00             146.871           7.577e+00     
  42.000         225.000           -7.314e-01          -3.624e+00             101.243          -3.862e+00             146.554           7.594e+00     
  41.000         225.000           -7.125e-01          -3.514e+00             100.974          -3.942e+00             146.226           7.616e+00     
  40.000         225.000           -6.941e-01          -3.407e+00             100.697          -4.023e+00             145.889           7.645e+00     
  39.000         225.000           -6.763e-01          -3.305e+00             100.414          -4.105e+00             145.542           7.680e+00     
  38.000         225.000           -6.592e-01          -3.206e+00             100.125          -4.189e+00             145.184           7.721e+00     
  37.000         225.000           -6.428e-01          -3.111e+00              99.830          -4.273e+00             144.815           7.768e+00     
  36.000         225.000           -6.271e-01          -3.019e+00              99.530          -4.359e+00             144.435           7.820e+00     
  35.000         225.000           -6.122e-01          -2.931e+00              99.224          -4.445e+00             144.042           7.878e+00     
  34.000         225.000           -5.982e-01          -2.847e+00              98.914          -4.533e+00             143.637           7.942e+00     
  33.000         225.000           -5.851e-01          -2.766e+00              98.599          -4.622e+00             143.219           8.011e+00     
  32.000         225.000           -5.730e-01          -2.688e+00              98.280          -4.712e+00             142.787           8.085e+00     
  31.000         225.000           -5.618e-01          -2.614e+00              97.957          -4.804e+00             142.341           8.165e+00     
  30.000         225.000           -5.516e-01          -2.543e+00              97.630          -4.896e+00             141.880           8.250e+00     
  29.000         225.000           -5.425e-01          -2.475e+00              97.299          -4.990e+00             141.404           8.340e+00     
  28.000         225.000           -5.345e-01          -2.411e+00              96.966          -5.084e+00             140.912           8.435e+00     
  27.000         225.000           -5.276e-01          -2.349e+00              96.629          -5.180e+00             140.403           8.535e+00     
  26.000         225.000           -5.219e-01          -2.291e+00              96.290          -5.276e+00             139.878           8.640e+00     
  25.000         225.000           -5.174e-01          -2.236e+00              95.948          -5.374e+00             139.334           8.750e+00     
  24.000         225.000           -5.141e-01          -2.185e+00              95.603          -5.472e+00             138.772           8.865e+00     
  23.000         225.000           -5.120e-01          -2.136e+00              95.256          -5.571e+00             138.191           8.985e+00     
  22.000         225.000           -5.113e-01          -2.090e+00              94.908          -5.671e+00             137.590           9.109e+00     
  21.000         225.000           -5.118e-01          -2.048e+00              94.557          -5.772e+00             136.969           9.239e+00     
  20.000         225.000           -5.136e-01          -2.008e+00              94.205          -5.873e+00             136.327           9.373e+00     
  19.000         225.000           -5.168e-01          -1.971e+00              93.851          -5.974e+00             135.663           9.513e+00     
  18.000         225.000           -5.214e-01          -1.938e+00              93.496          -6.076e+00             134.977           9.657e+00     
  17.000         225.000           -5.273e-01          -1.907e+00              93.140          -6.179e+00             134.268           9.806e+00     
  16.000         225.000           -5.347e-01          -1.880e+00              92.782          -6.281e+00             133.536           9.960e+00     
  15.000         225.000           -5.434e-01          -1.855e+00              92.424          -6.383e+00             132.780           1.012e+01     
  14.000         225.000           -5.536e-01          -1.833e+00              92.064          -6.485e+00             131.999           1.028e+01     
  13.000         225.000           -5.653e-01          -1.814e+00              91.704          -6.587e+00             131.194           1.045e+01     
  12.000         225.000           -5.784e-01          -1.798e+00              91.344          -6.689e+00             130.363           1.063e+01     
  11.000         225.000           -5.929e-01          -1.785e+00              90.983          -6.789e+00             129.506           1.081e+01     
  10.000         225.000           -6.090e-01          -1.775e+00              90.622          -6.889e+00             128.624           1.099e+01     
   9.000         225.000           -6.265e-01          -1.768e+00              90.261          -6.988e+00             127.715           1.119e+01     
   8.000         225.000           -6.455e-01          -1.764e+00              89.900          -7.085e+00             126.779           1.138e+01     
   7.000         225.000           -6.659e-01          -1.762e+00              89.539          -7.181e+00             125.817           1.159e+01     
   6.000         225.000           -6.879e-01          -1.764e+00              89.178          -7.275e+00             124.829           1.180e+01     
   5.000         225.000           -7.114e-01          -1.768e+00              88.817          -7.367e+00             123.815           1.201e+01     
   4.000         225.000           -7.364e-01          -1.776e+00              88.457          -7.456e+00             122.774           1.223e+01     
   3.000         225.000           -7.628e-01          -1.786e+00              88.097          -7.543e+00             121.708           1.246e+01     
   2.000         225.000           -7.908e-01          -1.799e+00              87.739          -7.628e+00             120.617           1.270e+01     
   1.000         225.000           -8.202e-01          -1.815e+00              87.381          -7.709e+00             119.502           1.294e+01     
