Theta [deg.]  Phi   [deg.]  Abs(Dir.)[dBi   ]   Abs(Theta)[dBi   ]  Phase(Theta)[deg.]  Abs(Phi  )[dBi   ]  Phase(Phi  )[deg.]  Ax.Ratio[dB    ]    
------------------------------------------------------------------------------------------------------------------------------------------------------
   0.000           0.000           -8.511e-01          -8.899e+00             242.315          -1.592e+00             277.407           1.319e+01     
   1.000           0.000           -9.515e-01          -8.973e+00             242.054          -1.697e+00             276.566           1.331e+01     
   2.000           0.000           -1.053e+00          -9.051e+00             241.798          -1.802e+00             275.718           1.343e+01     
   3.000           0.000           -1.154e+00          -9.133e+00             241.546          -1.908e+00             274.865           1.356e+01     
   4.000           0.000           -1.256e+00          -9.218e+00             241.299          -2.013e+00             274.006           1.370e+01     
   5.000           0.000           -1.359e+00          -9.307e+00             241.056          -2.118e+00             273.143           1.385e+01     
   6.000           0.000           -1.462e+00          -9.400e+00             240.819          -2.223e+00             272.275           1.401e+01     
   7.000           0.000           -1.565e+00          -9.497e+00             240.587          -2.327e+00             271.402           1.418e+01     
   8.000           0.000           -1.668e+00          -9.598e+00             240.360          -2.431e+00             270.525           1.436e+01     
   9.000           0.000           -1.772e+00          -9.703e+00             240.139          -2.535e+00             269.644           1.455e+01     
  10.000           0.000           -1.876e+00          -9.812e+00             239.924          -2.638e+00             268.760           1.474e+01     
  11.000           0.000           -1.980e+00          -9.925e+00             239.714          -2.740e+00             267.872           1.495e+01     
  12.000           0.000           -2.084e+00          -1.004e+01             239.510          -2.841e+00             266.982           1.518e+01     
  13.000           0.000           -2.188e+00          -1.017e+01             239.313          -2.942e+00             266.089           1.541e+01     
  14.000           0.000           -2.292e+00          -1.029e+01             239.122          -3.041e+00             265.195           1.566e+01     
  15.000           0.000           -2.396e+00          -1.042e+01             238.937          -3.140e+00             264.299           1.592e+01     
  16.000           0.000           -2.499e+00          -1.056e+01             238.760          -3.237e+00             263.402           1.619e+01     
  17.000           0.000           -2.602e+00          -1.070e+01             238.590          -3.334e+00             262.504           1.648e+01     
  18.000           0.000           -2.705e+00          -1.085e+01             238.427          -3.428e+00             261.608           1.678e+01     
  19.000           0.000           -2.808e+00          -1.100e+01             238.272          -3.522e+00             260.712           1.710e+01     
  20.000           0.000           -2.910e+00          -1.116e+01             238.125          -3.614e+00             259.817           1.744e+01     
  21.000           0.000           -3.011e+00          -1.132e+01             237.987          -3.705e+00             258.925           1.780e+01     
  22.000           0.000           -3.112e+00          -1.149e+01             237.857          -3.793e+00             258.036           1.817e+01     
  23.000           0.000           -3.211e+00          -1.166e+01             237.736          -3.881e+00             257.151           1.857e+01     
  24.000           0.000           -3.310e+00          -1.185e+01             237.625          -3.966e+00             256.271           1.899e+01     
  25.000           0.000           -3.408e+00          -1.203e+01             237.525          -4.050e+00             255.396           1.943e+01     
  26.000           0.000           -3.505e+00          -1.223e+01             237.434          -4.131e+00             254.527           1.989e+01     
  27.000           0.000           -3.601e+00          -1.243e+01             237.355          -4.211e+00             253.666           2.039e+01     
  28.000           0.000           -3.696e+00          -1.264e+01             237.288          -4.289e+00             252.813           2.091e+01     
  29.000           0.000           -3.789e+00          -1.286e+01             237.233          -4.364e+00             251.969           2.147e+01     
  30.000           0.000           -3.881e+00          -1.308e+01             237.192          -4.437e+00             251.135           2.206e+01     
  31.000           0.000           -3.972e+00          -1.331e+01             237.164          -4.509e+00             250.312           2.269e+01     
  32.000           0.000           -4.060e+00          -1.356e+01             237.152          -4.578e+00             249.501           2.337e+01     
  33.000           0.000           -4.148e+00          -1.381e+01             237.155          -4.644e+00             248.704           2.410e+01     
  34.000           0.000           -4.233e+00          -1.407e+01             237.176          -4.709e+00             247.920           2.488e+01     
  35.000           0.000           -4.316e+00          -1.434e+01             237.216          -4.771e+00             247.151           2.572e+01     
  36.000           0.000           -4.398e+00          -1.463e+01             237.276          -4.831e+00             246.398           2.664e+01     
  37.000           0.000           -4.477e+00          -1.492e+01             237.358          -4.888e+00             245.663           2.765e+01     
  38.000           0.000           -4.555e+00          -1.523e+01             237.463          -4.943e+00             244.945           2.876e+01     
  39.000           0.000           -4.630e+00          -1.555e+01             237.595          -4.996e+00             244.246           3.001e+01     
  40.000           0.000           -4.703e+00          -1.589e+01             237.756          -5.046e+00             243.568           3.142e+01     
  41.000           0.000           -4.773e+00          -1.624e+01             237.950          -5.094e+00             242.910           3.305e+01     
  42.000           0.000           -4.841e+00          -1.661e+01             238.179          -5.140e+00             242.274           3.499e+01     
  43.000           0.000           -4.906e+00          -1.700e+01             238.448          -5.183e+00             241.661           3.740e+01     
  44.000           0.000           -4.969e+00          -1.741e+01             238.763          -5.224e+00             241.072           4.000e+01     
  45.000           0.000           -5.029e+00          -1.784e+01             239.130          -5.263e+00             240.507           4.000e+01     
  46.000           0.000           -5.086e+00          -1.829e+01             239.557          -5.299e+00             239.967           4.000e+01     
  47.000           0.000           -5.141e+00          -1.877e+01             240.053          -5.333e+00             239.454           4.000e+01     
  48.000           0.000           -5.192e+00          -1.928e+01             240.629          -5.365e+00             238.967           4.000e+01     
  49.000           0.000           -5.241e+00          -1.982e+01             241.301          -5.395e+00             238.508           4.000e+01     
  50.000           0.000           -5.286e+00          -2.039e+01             242.086          -5.422e+00             238.077           3.835e+01     
  51.000           0.000           -5.328e+00          -2.101e+01             243.010          -5.447e+00             237.675           3.643e+01     
  52.000           0.000           -5.368e+00          -2.167e+01             244.102          -5.471e+00             237.303           3.494e+01     
  53.000           0.000           -5.404e+00          -2.239e+01             245.406          -5.492e+00             236.960           3.373e+01     
  54.000           0.000           -5.436e+00          -2.316e+01             246.976          -5.510e+00             236.648           3.272e+01     
  55.000           0.000           -5.466e+00          -2.400e+01             248.892          -5.527e+00             236.367           3.187e+01     
  56.000           0.000           -5.492e+00          -2.492e+01             251.262          -5.542e+00             236.117           3.113e+01     
  57.000           0.000           -5.515e+00          -2.593e+01             254.245          -5.555e+00             235.899           3.048e+01     
  58.000           0.000           -5.534e+00          -2.703e+01             258.076          -5.565e+00             235.712           2.991e+01     
  59.000           0.000           -5.550e+00          -2.824e+01             263.100          -5.574e+00             235.559           2.940e+01     
  60.000           0.000           -5.563e+00          -2.953e+01             269.830          -5.581e+00             235.437           2.893e+01     
  61.000           0.000           -5.572e+00          -3.086e+01             278.967          -5.585e+00             235.348           2.851e+01     
  62.000           0.000           -5.578e+00          -3.206e+01             291.258          -5.588e+00             235.292           2.811e+01     
  63.000           0.000           -5.580e+00          -3.288e+01             306.846          -5.588e+00             235.269           2.775e+01     
  64.000           0.000           -5.579e+00          -3.298e+01             324.215          -5.587e+00             235.279           2.740e+01     
  65.000           0.000           -5.574e+00          -3.234e+01             340.493          -5.584e+00             235.321           2.706e+01     
  66.000           0.000           -5.566e+00          -3.121e+01             353.682          -5.578e+00             235.397           2.674e+01     
  67.000           0.000           -5.555e+00          -2.990e+01               3.594          -5.571e+00             235.504           2.642e+01     
  68.000           0.000           -5.540e+00          -2.860e+01              10.907          -5.561e+00             235.645           2.611e+01     
  69.000           0.000           -5.521e+00          -2.738e+01              16.364          -5.550e+00             235.817           2.580e+01     
  70.000           0.000           -5.499e+00          -2.625e+01              20.523          -5.536e+00             236.022           2.549e+01     
  71.000           0.000           -5.474e+00          -2.523e+01              23.770          -5.520e+00             236.258           2.518e+01     
  72.000           0.000           -5.446e+00          -2.430e+01              26.363          -5.502e+00             236.526           2.486e+01     
  73.000           0.000           -5.414e+00          -2.345e+01              28.477          -5.482e+00             236.824           2.454e+01     
  74.000           0.000           -5.378e+00          -2.267e+01              30.232          -5.460e+00             237.153           2.422e+01     
  75.000           0.000           -5.340e+00          -2.195e+01              31.713          -5.436e+00             237.511           2.389e+01     
  76.000           0.000           -5.298e+00          -2.128e+01              32.981          -5.409e+00             237.900           2.356e+01     
  77.000           0.000           -5.253e+00          -2.066e+01              34.080          -5.380e+00             238.316           2.323e+01     
  78.000           0.000           -5.205e+00          -2.008e+01              35.045          -5.349e+00             238.761           2.289e+01     
  79.000           0.000           -5.154e+00          -1.954e+01              35.901          -5.315e+00             239.234           2.254e+01     
  80.000           0.000           -5.100e+00          -1.903e+01              36.667          -5.279e+00             239.733           2.220e+01     
  81.000           0.000           -5.043e+00          -1.855e+01              37.359          -5.241e+00             240.258           2.185e+01     
  82.000           0.000           -4.983e+00          -1.810e+01              37.989          -5.200e+00             240.808           2.150e+01     
  83.000           0.000           -4.920e+00          -1.767e+01              38.568          -5.157e+00             241.382           2.115e+01     
  84.000           0.000           -4.854e+00          -1.727e+01              39.103          -5.111e+00             241.980           2.080e+01     
  85.000           0.000           -4.786e+00          -1.688e+01              39.600          -5.063e+00             242.600           2.046e+01     
  86.000           0.000           -4.715e+00          -1.651e+01              40.066          -5.012e+00             243.243           2.011e+01     
  87.000           0.000           -4.641e+00          -1.616e+01              40.505          -4.959e+00             243.905           1.977e+01     
  88.000           0.000           -4.565e+00          -1.583e+01              40.921          -4.903e+00             244.588           1.943e+01     
  89.000           0.000           -4.487e+00          -1.551e+01              41.316          -4.844e+00             245.289           1.910e+01     
  90.000           0.000           -4.406e+00          -1.520e+01              41.694          -4.784e+00             246.008           1.877e+01     
  91.000           0.000           -4.323e+00          -1.491e+01              42.056          -4.720e+00             246.744           1.844e+01     
  92.000           0.000           -4.238e+00          -1.463e+01              42.406          -4.654e+00             247.495           1.812e+01     
  93.000           0.000           -4.151e+00          -1.436e+01              42.744          -4.586e+00             248.261           1.781e+01     
  94.000           0.000           -4.062e+00          -1.410e+01              43.073          -4.515e+00             249.041           1.751e+01     
  95.000           0.000           -3.970e+00          -1.385e+01              43.392          -4.442e+00             249.833           1.721e+01     
  96.000           0.000           -3.878e+00          -1.360e+01              43.705          -4.367e+00             250.637           1.692e+01     
  97.000           0.000           -3.783e+00          -1.337e+01              44.010          -4.289e+00             251.452           1.664e+01     
  98.000           0.000           -3.687e+00          -1.315e+01              44.311          -4.209e+00             252.277           1.636e+01     
  99.000           0.000           -3.589e+00          -1.293e+01              44.606          -4.126e+00             253.110           1.610e+01     
 100.000           0.000           -3.490e+00          -1.272e+01              44.897          -4.042e+00             253.951           1.584e+01     
 101.000           0.000           -3.390e+00          -1.252e+01              45.185          -3.955e+00             254.799           1.559e+01     
 102.000           0.000           -3.288e+00          -1.233e+01              45.470          -3.866e+00             255.652           1.534e+01     
 103.000           0.000           -3.185e+00          -1.214e+01              45.752          -3.775e+00             256.511           1.511e+01     
 104.000           0.000           -3.081e+00          -1.196e+01              46.032          -3.683e+00             257.375           1.488e+01     
 105.000           0.000           -2.976e+00          -1.179e+01              46.310          -3.588e+00             258.241           1.466e+01     
 106.000           0.000           -2.870e+00          -1.162e+01              46.586          -3.492e+00             259.111           1.445e+01     
 107.000           0.000           -2.763e+00          -1.145e+01              46.861          -3.394e+00             259.982           1.425e+01     
 108.000           0.000           -2.656e+00          -1.130e+01              47.136          -3.295e+00             260.855           1.406e+01     
 109.000           0.000           -2.548e+00          -1.114e+01              47.409          -3.194e+00             261.728           1.387e+01     
 110.000           0.000           -2.439e+00          -1.099e+01              47.682          -3.092e+00             262.601           1.369e+01     
 111.000           0.000           -2.330e+00          -1.085e+01              47.955          -2.988e+00             263.474           1.352e+01     
 112.000           0.000           -2.221e+00          -1.071e+01              48.227          -2.883e+00             264.345           1.335e+01     
 113.000           0.000           -2.111e+00          -1.058e+01              48.499          -2.777e+00             265.215           1.320e+01     
 114.000           0.000           -2.001e+00          -1.045e+01              48.771          -2.670e+00             266.083           1.305e+01     
 115.000           0.000           -1.890e+00          -1.032e+01              49.043          -2.562e+00             266.948           1.290e+01     
 116.000           0.000           -1.780e+00          -1.020e+01              49.315          -2.454e+00             267.810           1.277e+01     
 117.000           0.000           -1.669e+00          -1.009e+01              49.588          -2.344e+00             268.669           1.264e+01     
 118.000           0.000           -1.559e+00          -9.974e+00              49.860          -2.234e+00             269.524           1.252e+01     
 119.000           0.000           -1.448e+00          -9.865e+00              50.133          -2.123e+00             270.375           1.240e+01     
 120.000           0.000           -1.338e+00          -9.760e+00              50.406          -2.012e+00             271.222           1.229e+01     
 121.000           0.000           -1.228e+00          -9.659e+00              50.679          -1.900e+00             272.064           1.219e+01     
 122.000           0.000           -1.118e+00          -9.561e+00              50.953          -1.788e+00             272.901           1.209e+01     
 123.000           0.000           -1.008e+00          -9.467e+00              51.227          -1.676e+00             273.733           1.200e+01     
 124.000           0.000           -8.988e-01          -9.376e+00              51.501          -1.564e+00             274.560           1.192e+01     
 125.000           0.000           -7.900e-01          -9.289e+00              51.775          -1.451e+00             275.381           1.184e+01     
 126.000           0.000           -6.815e-01          -9.205e+00              52.050          -1.339e+00             276.197           1.176e+01     
 127.000           0.000           -5.736e-01          -9.124e+00              52.325          -1.227e+00             277.007           1.169e+01     
 128.000           0.000           -4.663e-01          -9.047e+00              52.600          -1.114e+00             277.812           1.163e+01     
 129.000           0.000           -3.595e-01          -8.973e+00              52.875          -1.002e+00             278.610           1.157e+01     
 130.000           0.000           -2.533e-01          -8.902e+00              53.150          -8.907e-01             279.403           1.152e+01     
 131.000           0.000           -1.478e-01          -8.834e+00              53.425          -7.793e-01             280.190           1.147e+01     
 132.000           0.000           -4.302e-02          -8.769e+00              53.700          -6.683e-01             280.970           1.143e+01     
 133.000           0.000            6.104e-02          -8.707e+00              53.975          -5.578e-01             281.745           1.139e+01     
 134.000           0.000            1.643e-01          -8.648e+00              54.250          -4.477e-01             282.513           1.135e+01     
 135.000           0.000            2.668e-01          -8.592e+00              54.524          -3.382e-01             283.276           1.132e+01     
 136.000           0.000            3.685e-01          -8.539e+00              54.799          -2.293e-01             284.032           1.130e+01     
 137.000           0.000            4.693e-01          -8.489e+00              55.073          -1.211e-01             284.782           1.128e+01     
 138.000           0.000            5.692e-01          -8.442e+00              55.346          -1.356e-02             285.526           1.126e+01     
 139.000           0.000            6.682e-01          -8.397e+00              55.619           9.322e-02             286.264           1.125e+01     
 140.000           0.000            7.663e-01          -8.356e+00              55.891           1.992e-01             286.995           1.124e+01     
 141.000           0.000            8.634e-01          -8.317e+00              56.163           3.044e-01             287.721           1.123e+01     
 142.000           0.000            9.595e-01          -8.281e+00              56.433           4.087e-01             288.440           1.123e+01     
 143.000           0.000            1.055e+00          -8.248e+00              56.703           5.121e-01             289.154           1.123e+01     
 144.000           0.000            1.149e+00          -8.217e+00              56.972           6.146e-01             289.861           1.124e+01     
 145.000           0.000            1.242e+00          -8.190e+00              57.240           7.162e-01             290.563           1.124e+01     
 146.000           0.000            1.334e+00          -8.165e+00              57.506           8.167e-01             291.258           1.126e+01     
 147.000           0.000            1.425e+00          -8.142e+00              57.771           9.162e-01             291.948           1.127e+01     
 148.000           0.000            1.515e+00          -8.123e+00              58.035           1.015e+00             292.631           1.129e+01     
 149.000           0.000            1.603e+00          -8.106e+00              58.297           1.112e+00             293.309           1.131e+01     
 150.000           0.000            1.691e+00          -8.092e+00              58.558           1.209e+00             293.981           1.134e+01     
 151.000           0.000            1.777e+00          -8.080e+00              58.817           1.304e+00             294.647           1.137e+01     
 152.000           0.000            1.863e+00          -8.072e+00              59.074           1.398e+00             295.308           1.140e+01     
 153.000           0.000            1.947e+00          -8.066e+00              59.329           1.491e+00             295.962           1.143e+01     
 154.000           0.000            2.030e+00          -8.062e+00              59.582           1.583e+00             296.611           1.147e+01     
 155.000           0.000            2.112e+00          -8.061e+00              59.833           1.673e+00             297.255           1.151e+01     
 156.000           0.000            2.193e+00          -8.063e+00              60.081           1.763e+00             297.892           1.155e+01     
 157.000           0.000            2.272e+00          -8.068e+00              60.328           1.851e+00             298.524           1.159e+01     
 158.000           0.000            2.351e+00          -8.076e+00              60.571           1.938e+00             299.150           1.164e+01     
 159.000           0.000            2.428e+00          -8.086e+00              60.812           2.024e+00             299.771           1.169e+01     
 160.000           0.000            2.504e+00          -8.098e+00              61.050           2.109e+00             300.386           1.174e+01     
 161.000           0.000            2.579e+00          -8.114e+00              61.285           2.192e+00             300.995           1.180e+01     
 162.000           0.000            2.653e+00          -8.132e+00              61.517           2.274e+00             301.599           1.186e+01     
 163.000           0.000            2.725e+00          -8.153e+00              61.745           2.355e+00             302.197           1.192e+01     
 164.000           0.000            2.796e+00          -8.177e+00              61.971           2.435e+00             302.790           1.198e+01     
 165.000           0.000            2.866e+00          -8.204e+00              62.192           2.513e+00             303.377           1.205e+01     
 166.000           0.000            2.935e+00          -8.233e+00              62.410           2.590e+00             303.958           1.211e+01     
 167.000           0.000            3.003e+00          -8.265e+00              62.624           2.666e+00             304.534           1.218e+01     
 168.000           0.000            3.069e+00          -8.300e+00              62.834           2.740e+00             305.104           1.226e+01     
 169.000           0.000            3.135e+00          -8.338e+00              63.040           2.814e+00             305.669           1.233e+01     
 170.000           0.000            3.199e+00          -8.379e+00              63.242           2.886e+00             306.228           1.241e+01     
 171.000           0.000            3.262e+00          -8.422e+00              63.439           2.957e+00             306.782           1.249e+01     
 172.000           0.000            3.323e+00          -8.469e+00              63.632           3.026e+00             307.329           1.257e+01     
 173.000           0.000            3.384e+00          -8.519e+00              63.819           3.094e+00             307.872           1.266e+01     
 174.000           0.000            3.443e+00          -8.571e+00              64.002           3.161e+00             308.408           1.274e+01     
 175.000           0.000            3.501e+00          -8.627e+00              64.179           3.227e+00             308.939           1.283e+01     
 176.000           0.000            3.558e+00          -8.685e+00              64.351           3.291e+00             309.464           1.293e+01     
 177.000           0.000            3.614e+00          -8.747e+00              64.517           3.354e+00             309.983           1.302e+01     
 178.000           0.000            3.669e+00          -8.811e+00              64.678           3.416e+00             310.497           1.312e+01     
 179.000           0.000            3.722e+00          -8.879e+00              64.832           3.477e+00             311.005           1.322e+01     
 180.000           0.000            3.774e+00          -8.950e+00              64.980           3.536e+00             311.506           1.332e+01     
 179.000         180.000            3.826e+00          -9.024e+00             245.122           3.594e+00             132.002           1.342e+01     
 178.000         180.000            3.876e+00          -9.102e+00             245.256           3.651e+00             132.492           1.353e+01     
 177.000         180.000            3.924e+00          -9.183e+00             245.384           3.707e+00             132.976           1.364e+01     
 176.000         180.000            3.972e+00          -9.267e+00             245.505           3.761e+00             133.454           1.375e+01     
 175.000         180.000            4.019e+00          -9.355e+00             245.618           3.814e+00             133.927           1.387e+01     
 174.000         180.000            4.064e+00          -9.446e+00             245.723           3.866e+00             134.393           1.398e+01     
 173.000         180.000            4.109e+00          -9.541e+00             245.819           3.917e+00             134.853           1.410e+01     
 172.000         180.000            4.152e+00          -9.639e+00             245.908           3.966e+00             135.307           1.423e+01     
 171.000         180.000            4.194e+00          -9.741e+00             245.987           4.015e+00             135.754           1.435e+01     
 170.000         180.000            4.235e+00          -9.847e+00             246.058           4.062e+00             136.196           1.448e+01     
 169.000         180.000            4.275e+00          -9.957e+00             246.118           4.108e+00             136.631           1.462e+01     
 168.000         180.000            4.314e+00          -1.007e+01             246.169           4.152e+00             137.059           1.475e+01     
 167.000         180.000            4.351e+00          -1.019e+01             246.210           4.196e+00             137.482           1.489e+01     
 166.000         180.000            4.388e+00          -1.031e+01             246.239           4.238e+00             137.898           1.503e+01     
 165.000         180.000            4.424e+00          -1.043e+01             246.258           4.280e+00             138.307           1.518e+01     
 164.000         180.000            4.458e+00          -1.056e+01             246.264           4.320e+00             138.710           1.532e+01     
 163.000         180.000            4.492e+00          -1.070e+01             246.258           4.359e+00             139.106           1.548e+01     
 162.000         180.000            4.524e+00          -1.084e+01             246.240           4.396e+00             139.495           1.563e+01     
 161.000         180.000            4.556e+00          -1.098e+01             246.207           4.433e+00             139.878           1.579e+01     
 160.000         180.000            4.586e+00          -1.113e+01             246.161           4.468e+00             140.254           1.596e+01     
 159.000         180.000            4.616e+00          -1.128e+01             246.100           4.503e+00             140.623           1.612e+01     
 158.000         180.000            4.644e+00          -1.144e+01             246.022           4.536e+00             140.985           1.629e+01     
 157.000         180.000            4.672e+00          -1.160e+01             245.929           4.568e+00             141.340           1.647e+01     
 156.000         180.000            4.698e+00          -1.177e+01             245.818           4.599e+00             141.688           1.665e+01     
 155.000         180.000            4.724e+00          -1.195e+01             245.689           4.629e+00             142.029           1.683e+01     
 154.000         180.000            4.748e+00          -1.213e+01             245.540           4.658e+00             142.363           1.702e+01     
 153.000         180.000            4.772e+00          -1.231e+01             245.370           4.686e+00             142.689           1.722e+01     
 152.000         180.000            4.795e+00          -1.250e+01             245.179           4.713e+00             143.009           1.742e+01     
 151.000         180.000            4.816e+00          -1.270e+01             244.965           4.739e+00             143.321           1.763e+01     
 150.000         180.000            4.837e+00          -1.290e+01             244.725           4.763e+00             143.625           1.784e+01     
 149.000         180.000            4.857e+00          -1.311e+01             244.460           4.787e+00             143.922           1.805e+01     
 148.000         180.000            4.876e+00          -1.333e+01             244.166           4.810e+00             144.212           1.828e+01     
 147.000         180.000            4.894e+00          -1.356e+01             243.841           4.831e+00             144.494           1.851e+01     
 146.000         180.000            4.911e+00          -1.379e+01             243.484           4.852e+00             144.768           1.875e+01     
 145.000         180.000            4.927e+00          -1.403e+01             243.092           4.871e+00             145.035           1.899e+01     
 144.000         180.000            4.942e+00          -1.428e+01             242.662           4.890e+00             145.294           1.924e+01     
 143.000         180.000            4.957e+00          -1.454e+01             242.191           4.908e+00             145.545           1.950e+01     
 142.000         180.000            4.970e+00          -1.480e+01             241.675           4.924e+00             145.788           1.977e+01     
 141.000         180.000            4.983e+00          -1.508e+01             241.111           4.940e+00             146.023           2.005e+01     
 140.000         180.000            4.995e+00          -1.536e+01             240.494           4.954e+00             146.251           2.034e+01     
 139.000         180.000            5.006e+00          -1.566e+01             239.818           4.968e+00             146.470           2.064e+01     
 138.000         180.000            5.016e+00          -1.596e+01             239.079           4.981e+00             146.681           2.095e+01     
 137.000         180.000            5.025e+00          -1.628e+01             238.269           4.993e+00             146.884           2.127e+01     
 136.000         180.000            5.034e+00          -1.661e+01             237.382           5.004e+00             147.079           2.161e+01     
 135.000         180.000            5.041e+00          -1.695e+01             236.408           5.014e+00             147.266           2.196e+01     
 134.000         180.000            5.048e+00          -1.730e+01             235.339           5.023e+00             147.444           2.233e+01     
 133.000         180.000            5.054e+00          -1.766e+01             234.162           5.031e+00             147.614           2.271e+01     
 132.000         180.000            5.059e+00          -1.804e+01             232.865           5.038e+00             147.775           2.311e+01     
 131.000         180.000            5.064e+00          -1.843e+01             231.433           5.044e+00             147.929           2.353e+01     
 130.000         180.000            5.067e+00          -1.884e+01             229.850           5.050e+00             148.073           2.398e+01     
 129.000         180.000            5.070e+00          -1.925e+01             228.095           5.054e+00             148.209           2.445e+01     
 128.000         180.000            5.072e+00          -1.968e+01             226.146           5.058e+00             148.337           2.494e+01     
 127.000         180.000            5.074e+00          -2.013e+01             223.978           5.061e+00             148.456           2.547e+01     
 126.000         180.000            5.074e+00          -2.058e+01             221.562           5.063e+00             148.566           2.603e+01     
 125.000         180.000            5.074e+00          -2.103e+01             218.868           5.064e+00             148.668           2.663e+01     
 124.000         180.000            5.073e+00          -2.150e+01             215.860           5.064e+00             148.761           2.728e+01     
 123.000         180.000            5.072e+00          -2.196e+01             212.504           5.063e+00             148.845           2.798e+01     
 122.000         180.000            5.069e+00          -2.241e+01             208.767           5.061e+00             148.921           2.874e+01     
 121.000         180.000            5.066e+00          -2.284e+01             204.619           5.059e+00             148.987           2.957e+01     
 120.000         180.000            5.062e+00          -2.325e+01             200.043           5.056e+00             149.045           3.050e+01     
 119.000         180.000            5.058e+00          -2.361e+01             195.039           5.052e+00             149.094           3.153e+01     
 118.000         180.000            5.052e+00          -2.391e+01             189.631           5.047e+00             149.134           3.271e+01     
 117.000         180.000            5.046e+00          -2.414e+01             183.878           5.041e+00             149.166           3.408e+01     
 116.000         180.000            5.040e+00          -2.428e+01             177.870           5.035e+00             149.188           3.570e+01     
 115.000         180.000            5.032e+00          -2.433e+01             171.728           5.027e+00             149.201           3.770e+01     
 114.000         180.000            5.024e+00          -2.427e+01             165.589           5.019e+00             149.206           4.000e+01     
 113.000         180.000            5.015e+00          -2.413e+01             159.589           5.010e+00             149.201           4.000e+01     
 112.000         180.000            5.006e+00          -2.390e+01             153.845           5.000e+00             149.187           4.000e+01     
 111.000         180.000            4.996e+00          -2.359e+01             148.445           4.990e+00             149.165           4.000e+01     
 110.000         180.000            4.985e+00          -2.323e+01             143.441           4.978e+00             149.133           4.000e+01     
 109.000         180.000            4.973e+00          -2.283e+01             138.857           4.966e+00             149.092           4.000e+01     
 108.000         180.000            4.961e+00          -2.240e+01             134.689           4.953e+00             149.043           3.948e+01     
 107.000         180.000            4.948e+00          -2.195e+01             130.917           4.939e+00             148.984           3.708e+01     
 106.000         180.000            4.934e+00          -2.150e+01             127.513           4.924e+00             148.917           3.520e+01     
 105.000         180.000            4.920e+00          -2.104e+01             124.443           4.909e+00             148.840           3.365e+01     
 104.000         180.000            4.905e+00          -2.059e+01             121.670           4.893e+00             148.754           3.234e+01     
 103.000         180.000            4.889e+00          -2.015e+01             119.163           4.876e+00             148.659           3.120e+01     
 102.000         180.000            4.873e+00          -1.971e+01             116.890           4.858e+00             148.556           3.019e+01     
 101.000         180.000            4.856e+00          -1.929e+01             114.822           4.840e+00             148.443           2.929e+01     
 100.000         180.000            4.839e+00          -1.888e+01             112.935           4.820e+00             148.321           2.847e+01     
  99.000         180.000            4.820e+00          -1.848e+01             111.207           4.800e+00             148.191           2.772e+01     
  98.000         180.000            4.801e+00          -1.810e+01             109.618           4.779e+00             148.051           2.703e+01     
  97.000         180.000            4.782e+00          -1.773e+01             108.152           4.757e+00             147.903           2.640e+01     
  96.000         180.000            4.761e+00          -1.737e+01             106.794           4.735e+00             147.745           2.580e+01     
  95.000         180.000            4.741e+00          -1.702e+01             105.533           4.712e+00             147.579           2.525e+01     
  94.000         180.000            4.719e+00          -1.669e+01             104.356           4.687e+00             147.404           2.473e+01     
  93.000         180.000            4.697e+00          -1.637e+01             103.255           4.663e+00             147.220           2.423e+01     
  92.000         180.000            4.674e+00          -1.606e+01             102.220           4.637e+00             147.027           2.377e+01     
  91.000         180.000            4.650e+00          -1.576e+01             101.246           4.610e+00             146.826           2.333e+01     
  90.000         180.000            4.626e+00          -1.547e+01             100.325           4.583e+00             146.615           2.291e+01     
  89.000         180.000            4.601e+00          -1.519e+01              99.452           4.555e+00             146.396           2.251e+01     
  88.000         180.000            4.575e+00          -1.491e+01              98.622           4.526e+00             146.169           2.213e+01     
  87.000         180.000            4.549e+00          -1.465e+01              97.831           4.496e+00             145.932           2.176e+01     
  86.000         180.000            4.522e+00          -1.440e+01              97.075           4.466e+00             145.688           2.141e+01     
  85.000         180.000            4.494e+00          -1.416e+01              96.350           4.435e+00             145.434           2.108e+01     
  84.000         180.000            4.466e+00          -1.392e+01              95.654           4.403e+00             145.172           2.075e+01     
  83.000         180.000            4.437e+00          -1.369e+01              94.984           4.370e+00             144.902           2.044e+01     
  82.000         180.000            4.407e+00          -1.347e+01              94.337           4.336e+00             144.623           2.014e+01     
  81.000         180.000            4.377e+00          -1.325e+01              93.712           4.301e+00             144.336           1.985e+01     
  80.000         180.000            4.346e+00          -1.305e+01              93.106           4.266e+00             144.040           1.957e+01     
  79.000         180.000            4.314e+00          -1.284e+01              92.518           4.230e+00             143.736           1.930e+01     
  78.000         180.000            4.282e+00          -1.265e+01              91.946           4.193e+00             143.424           1.904e+01     
  77.000         180.000            4.249e+00          -1.246e+01              91.389           4.155e+00             143.104           1.879e+01     
  76.000         180.000            4.215e+00          -1.228e+01              90.845           4.116e+00             142.775           1.855e+01     
  75.000         180.000            4.180e+00          -1.210e+01              90.314           4.077e+00             142.439           1.831e+01     
  74.000         180.000            4.145e+00          -1.192e+01              89.795           4.036e+00             142.094           1.808e+01     
  73.000         180.000            4.109e+00          -1.176e+01              89.286           3.995e+00             141.742           1.785e+01     
  72.000         180.000            4.072e+00          -1.160e+01              88.786           3.953e+00             141.382           1.764e+01     
  71.000         180.000            4.035e+00          -1.144e+01              88.296           3.910e+00             141.013           1.743e+01     
  70.000         180.000            3.997e+00          -1.129e+01              87.814           3.866e+00             140.637           1.722e+01     
  69.000         180.000            3.958e+00          -1.114e+01              87.339           3.821e+00             140.254           1.702e+01     
  68.000         180.000            3.918e+00          -1.099e+01              86.872           3.775e+00             139.862           1.683e+01     
  67.000         180.000            3.877e+00          -1.085e+01              86.411           3.729e+00             139.463           1.664e+01     
  66.000         180.000            3.836e+00          -1.072e+01              85.956           3.681e+00             139.056           1.646e+01     
  65.000         180.000            3.794e+00          -1.059e+01              85.507           3.633e+00             138.642           1.628e+01     
  64.000         180.000            3.752e+00          -1.046e+01              85.063           3.584e+00             138.220           1.611e+01     
  63.000         180.000            3.708e+00          -1.034e+01              84.623           3.534e+00             137.791           1.594e+01     
  62.000         180.000            3.664e+00          -1.022e+01              84.189           3.482e+00             137.355           1.577e+01     
  61.000         180.000            3.619e+00          -1.011e+01              83.759           3.430e+00             136.911           1.561e+01     
  60.000         180.000            3.573e+00          -9.994e+00              83.332           3.377e+00             136.460           1.546e+01     
  59.000         180.000            3.526e+00          -9.886e+00              82.910           3.323e+00             136.002           1.531e+01     
  58.000         180.000            3.479e+00          -9.782e+00              82.490           3.269e+00             135.537           1.516e+01     
  57.000         180.000            3.430e+00          -9.681e+00              82.075           3.213e+00             135.064           1.501e+01     
  56.000         180.000            3.381e+00          -9.584e+00              81.662           3.156e+00             134.585           1.487e+01     
  55.000         180.000            3.331e+00          -9.490e+00              81.253           3.098e+00             134.099           1.474e+01     
  54.000         180.000            3.280e+00          -9.400e+00              80.846           3.039e+00             133.605           1.461e+01     
  53.000         180.000            3.228e+00          -9.312e+00              80.442           2.979e+00             133.105           1.448e+01     
  52.000         180.000            3.176e+00          -9.228e+00              80.040           2.919e+00             132.598           1.435e+01     
  51.000         180.000            3.122e+00          -9.147e+00              79.641           2.857e+00             132.084           1.423e+01     
  50.000         180.000            3.068e+00          -9.070e+00              79.245           2.794e+00             131.564           1.411e+01     
  49.000         180.000            3.013e+00          -8.995e+00              78.850           2.730e+00             131.037           1.400e+01     
  48.000         180.000            2.957e+00          -8.924e+00              78.458           2.666e+00             130.503           1.389e+01     
  47.000         180.000            2.900e+00          -8.855e+00              78.069           2.600e+00             129.963           1.378e+01     
  46.000         180.000            2.842e+00          -8.790e+00              77.681           2.533e+00             129.416           1.368e+01     
  45.000         180.000            2.783e+00          -8.727e+00              77.295           2.465e+00             128.862           1.358e+01     
  44.000         180.000            2.723e+00          -8.668e+00              76.912           2.396e+00             128.302           1.348e+01     
  43.000         180.000            2.663e+00          -8.611e+00              76.530           2.326e+00             127.736           1.339e+01     
  42.000         180.000            2.601e+00          -8.557e+00              76.150           2.255e+00             127.163           1.330e+01     
  41.000         180.000            2.539e+00          -8.507e+00              75.773           2.183e+00             126.583           1.321e+01     
  40.000         180.000            2.475e+00          -8.459e+00              75.397           2.110e+00             125.998           1.313e+01     
  39.000         180.000            2.411e+00          -8.414e+00              75.023           2.036e+00             125.406           1.305e+01     
  38.000         180.000            2.346e+00          -8.371e+00              74.651           1.961e+00             124.807           1.297e+01     
  37.000         180.000            2.279e+00          -8.332e+00              74.282           1.885e+00             124.203           1.290e+01     
  36.000         180.000            2.212e+00          -8.296e+00              73.914           1.807e+00             123.592           1.283e+01     
  35.000         180.000            2.144e+00          -8.262e+00              73.548           1.729e+00             122.974           1.276e+01     
  34.000         180.000            2.074e+00          -8.231e+00              73.184           1.649e+00             122.351           1.270e+01     
  33.000         180.000            2.004e+00          -8.203e+00              72.822           1.569e+00             121.721           1.264e+01     
  32.000         180.000            1.933e+00          -8.178e+00              72.462           1.487e+00             121.085           1.258e+01     
  31.000         180.000            1.861e+00          -8.155e+00              72.104           1.405e+00             120.443           1.253e+01     
  30.000         180.000            1.788e+00          -8.135e+00              71.749           1.321e+00             119.794           1.248e+01     
  29.000         180.000            1.713e+00          -8.119e+00              71.395           1.237e+00             119.139           1.244e+01     
  28.000         180.000            1.638e+00          -8.105e+00              71.044           1.151e+00             118.478           1.240e+01     
  27.000         180.000            1.562e+00          -8.093e+00              70.694           1.064e+00             117.811           1.236e+01     
  26.000         180.000            1.485e+00          -8.085e+00              70.347           9.766e-01             117.137           1.233e+01     
  25.000         180.000            1.407e+00          -8.079e+00              70.003           8.879e-01             116.458           1.230e+01     
  24.000         180.000            1.327e+00          -8.076e+00              69.660           7.982e-01             115.772           1.228e+01     
  23.000         180.000            1.247e+00          -8.076e+00              69.320           7.075e-01             115.079           1.226e+01     
  22.000         180.000            1.166e+00          -8.079e+00              68.983           6.159e-01             114.380           1.224e+01     
  21.000         180.000            1.084e+00          -8.085e+00              68.648           5.233e-01             113.675           1.223e+01     
  20.000         180.000            1.001e+00          -8.093e+00              68.315           4.298e-01             112.964           1.222e+01     
  19.000         180.000            9.167e-01          -8.105e+00              67.986           3.354e-01             112.246           1.222e+01     
  18.000         180.000            8.316e-01          -8.119e+00              67.659           2.401e-01             111.522           1.222e+01     
  17.000         180.000            7.455e-01          -8.136e+00              67.334           1.439e-01             110.792           1.223e+01     
  16.000         180.000            6.585e-01          -8.157e+00              67.013           4.689e-02             110.055           1.224e+01     
  15.000         180.000            5.706e-01          -8.180e+00              66.694          -5.094e-02             109.312           1.226e+01     
  14.000         180.000            4.817e-01          -8.206e+00              66.378          -1.496e-01             108.563           1.228e+01     
  13.000         180.000            3.919e-01          -8.235e+00              66.066          -2.489e-01             107.807           1.230e+01     
  12.000         180.000            3.012e-01          -8.267e+00              65.756          -3.490e-01             107.044           1.234e+01     
  11.000         180.000            2.096e-01          -8.302e+00              65.450          -4.498e-01             106.276           1.237e+01     
  10.000         180.000            1.171e-01          -8.340e+00              65.146          -5.513e-01             105.501           1.242e+01     
   9.000         180.000            2.379e-02          -8.382e+00              64.847          -6.533e-01             104.719           1.247e+01     
   8.000         180.000           -7.038e-02          -8.426e+00              64.550          -7.560e-01             103.932           1.252e+01     
   7.000         180.000           -1.654e-01          -8.474e+00              64.258          -8.591e-01             103.138           1.258e+01     
   6.000         180.000           -2.612e-01          -8.524e+00              63.968          -9.627e-01             102.337           1.265e+01     
   5.000         180.000           -3.577e-01          -8.578e+00              63.683          -1.067e+00             101.531           1.272e+01     
   4.000         180.000           -4.550e-01          -8.636e+00              63.401          -1.171e+00             100.718           1.280e+01     
   3.000         180.000           -5.531e-01          -8.696e+00              63.124          -1.276e+00              99.899           1.289e+01     
   2.000         180.000           -6.518e-01          -8.760e+00              62.850          -1.381e+00              99.074           1.298e+01     
   1.000         180.000           -7.511e-01          -8.828e+00              62.580          -1.486e+00              98.243           1.308e+01     
