Theta [deg.]  Phi   [deg.]  Abs(Dir.)[dBi   ]   Abs(Theta)[dBi   ]  Phase(Theta)[deg.]  Abs(Phi  )[dBi   ]  Phase(Phi  )[deg.]  Ax.Ratio[dB    ]    
------------------------------------------------------------------------------------------------------------------------------------------------------
   0.000         135.000           -8.511e-01          -7.787e+00             298.363          -1.834e+00              87.024           1.319e+01     
   1.000         135.000           -7.421e-01          -7.637e+00             298.522          -1.735e+00              87.658           1.329e+01     
   2.000         135.000           -6.355e-01          -7.493e+00             298.673          -1.638e+00              88.286           1.339e+01     
   3.000         135.000           -5.312e-01          -7.355e+00             298.818          -1.543e+00              88.907           1.350e+01     
   4.000         135.000           -4.294e-01          -7.223e+00             298.957          -1.449e+00              89.521           1.361e+01     
   5.000         135.000           -3.301e-01          -7.098e+00             299.090          -1.357e+00              90.128           1.373e+01     
   6.000         135.000           -2.334e-01          -6.978e+00             299.218          -1.266e+00              90.728           1.386e+01     
   7.000         135.000           -1.392e-01          -6.864e+00             299.342          -1.177e+00              91.321           1.398e+01     
   8.000         135.000           -4.771e-02          -6.756e+00             299.462          -1.090e+00              91.908           1.412e+01     
   9.000         135.000            4.113e-02          -6.654e+00             299.579          -1.005e+00              92.487           1.425e+01     
  10.000         135.000            1.273e-01          -6.558e+00             299.692          -9.213e-01              93.061           1.439e+01     
  11.000         135.000            2.107e-01          -6.468e+00             299.804          -8.397e-01              93.628           1.454e+01     
  12.000         135.000            2.914e-01          -6.384e+00             299.913          -7.599e-01              94.188           1.469e+01     
  13.000         135.000            3.694e-01          -6.306e+00             300.021          -6.820e-01              94.743           1.484e+01     
  14.000         135.000            4.446e-01          -6.234e+00             300.127          -6.059e-01              95.291           1.499e+01     
  15.000         135.000            5.170e-01          -6.168e+00             300.233          -5.318e-01              95.833           1.515e+01     
  16.000         135.000            5.866e-01          -6.108e+00             300.338          -4.595e-01              96.370           1.531e+01     
  17.000         135.000            6.535e-01          -6.054e+00             300.442          -3.892e-01              96.901           1.548e+01     
  18.000         135.000            7.176e-01          -6.005e+00             300.546          -3.208e-01              97.426           1.565e+01     
  19.000         135.000            7.790e-01          -5.963e+00             300.651          -2.542e-01              97.945           1.582e+01     
  20.000         135.000            8.376e-01          -5.927e+00             300.756          -1.896e-01              98.459           1.599e+01     
  21.000         135.000            8.935e-01          -5.897e+00             300.861          -1.269e-01              98.968           1.617e+01     
  22.000         135.000            9.466e-01          -5.873e+00             300.967          -6.614e-02              99.471           1.635e+01     
  23.000         135.000            9.971e-01          -5.854e+00             301.075          -7.230e-03              99.970           1.654e+01     
  24.000         135.000            1.045e+00          -5.842e+00             301.184           4.981e-02             100.463           1.672e+01     
  25.000         135.000            1.090e+00          -5.837e+00             301.294           1.050e-01             100.951           1.691e+01     
  26.000         135.000            1.133e+00          -5.837e+00             301.406           1.583e-01             101.435           1.711e+01     
  27.000         135.000            1.172e+00          -5.843e+00             301.519           2.098e-01             101.914           1.730e+01     
  28.000         135.000            1.210e+00          -5.856e+00             301.635           2.595e-01             102.388           1.750e+01     
  29.000         135.000            1.245e+00          -5.875e+00             301.753           3.074e-01             102.858           1.770e+01     
  30.000         135.000            1.277e+00          -5.900e+00             301.873           3.535e-01             103.323           1.791e+01     
  31.000         135.000            1.307e+00          -5.932e+00             301.995           3.979e-01             103.784           1.812e+01     
  32.000         135.000            1.334e+00          -5.970e+00             302.120           4.405e-01             104.241           1.833e+01     
  33.000         135.000            1.359e+00          -6.015e+00             302.248           4.815e-01             104.693           1.854e+01     
  34.000         135.000            1.382e+00          -6.067e+00             302.379           5.208e-01             105.142           1.876e+01     
  35.000         135.000            1.403e+00          -6.125e+00             302.512           5.585e-01             105.586           1.898e+01     
  36.000         135.000            1.421e+00          -6.190e+00             302.649           5.946e-01             106.027           1.920e+01     
  37.000         135.000            1.438e+00          -6.262e+00             302.788           6.291e-01             106.463           1.943e+01     
  38.000         135.000            1.452e+00          -6.341e+00             302.931           6.621e-01             106.896           1.966e+01     
  39.000         135.000            1.464e+00          -6.427e+00             303.078           6.936e-01             107.325           1.990e+01     
  40.000         135.000            1.474e+00          -6.520e+00             303.228           7.236e-01             107.750           2.014e+01     
  41.000         135.000            1.482e+00          -6.621e+00             303.381           7.523e-01             108.172           2.038e+01     
  42.000         135.000            1.489e+00          -6.730e+00             303.539           7.795e-01             108.590           2.062e+01     
  43.000         135.000            1.494e+00          -6.847e+00             303.700           8.054e-01             109.005           2.087e+01     
  44.000         135.000            1.497e+00          -6.971e+00             303.865           8.300e-01             109.416           2.113e+01     
  45.000         135.000            1.498e+00          -7.105e+00             304.034           8.534e-01             109.824           2.138e+01     
  46.000         135.000            1.498e+00          -7.246e+00             304.208           8.756e-01             110.228           2.165e+01     
  47.000         135.000            1.496e+00          -7.397e+00             304.386           8.965e-01             110.629           2.191e+01     
  48.000         135.000            1.494e+00          -7.556e+00             304.568           9.164e-01             111.027           2.219e+01     
  49.000         135.000            1.489e+00          -7.726e+00             304.756           9.352e-01             111.421           2.246e+01     
  50.000         135.000            1.484e+00          -7.905e+00             304.948           9.529e-01             111.813           2.274e+01     
  51.000         135.000            1.477e+00          -8.094e+00             305.145           9.696e-01             112.200           2.303e+01     
  52.000         135.000            1.470e+00          -8.295e+00             305.348           9.854e-01             112.585           2.332e+01     
  53.000         135.000            1.462e+00          -8.506e+00             305.557           1.000e+00             112.967           2.362e+01     
  54.000         135.000            1.452e+00          -8.730e+00             305.771           1.014e+00             113.345           2.393e+01     
  55.000         135.000            1.442e+00          -8.966e+00             305.992           1.028e+00             113.721           2.424e+01     
  56.000         135.000            1.431e+00          -9.215e+00             306.220           1.040e+00             114.093           2.456e+01     
  57.000         135.000            1.420e+00          -9.479e+00             306.455           1.052e+00             114.462           2.489e+01     
  58.000         135.000            1.409e+00          -9.757e+00             306.698           1.063e+00             114.828           2.522e+01     
  59.000         135.000            1.397e+00          -1.005e+01             306.949           1.074e+00             115.191           2.556e+01     
  60.000         135.000            1.384e+00          -1.036e+01             307.209           1.084e+00             115.550           2.592e+01     
  61.000         135.000            1.372e+00          -1.069e+01             307.479           1.093e+00             115.907           2.628e+01     
  62.000         135.000            1.359e+00          -1.104e+01             307.761           1.102e+00             116.260           2.665e+01     
  63.000         135.000            1.347e+00          -1.142e+01             308.055           1.111e+00             116.610           2.703e+01     
  64.000         135.000            1.334e+00          -1.181e+01             308.363           1.119e+00             116.957           2.742e+01     
  65.000         135.000            1.322e+00          -1.223e+01             308.687           1.127e+00             117.301           2.783e+01     
  66.000         135.000            1.311e+00          -1.268e+01             309.029           1.134e+00             117.642           2.825e+01     
  67.000         135.000            1.300e+00          -1.317e+01             309.393           1.141e+00             117.979           2.868e+01     
  68.000         135.000            1.289e+00          -1.369e+01             309.782           1.149e+00             118.313           2.914e+01     
  69.000         135.000            1.279e+00          -1.425e+01             310.202           1.156e+00             118.644           2.960e+01     
  70.000         135.000            1.270e+00          -1.485e+01             310.658           1.162e+00             118.971           3.009e+01     
  71.000         135.000            1.261e+00          -1.552e+01             311.160           1.169e+00             119.295           3.060e+01     
  72.000         135.000            1.254e+00          -1.624e+01             311.721           1.176e+00             119.615           3.113e+01     
  73.000         135.000            1.248e+00          -1.704e+01             312.356           1.183e+00             119.932           3.169e+01     
  74.000         135.000            1.242e+00          -1.793e+01             313.091           1.189e+00             120.246           3.228e+01     
  75.000         135.000            1.238e+00          -1.894e+01             313.964           1.196e+00             120.556           3.291e+01     
  76.000         135.000            1.236e+00          -2.009e+01             315.033           1.203e+00             120.862           3.357e+01     
  77.000         135.000            1.234e+00          -2.142e+01             316.399           1.211e+00             121.164           3.428e+01     
  78.000         135.000            1.234e+00          -2.300e+01             318.242           1.218e+00             121.463           3.504e+01     
  79.000         135.000            1.236e+00          -2.494e+01             320.925           1.226e+00             121.758           3.586e+01     
  80.000         135.000            1.239e+00          -2.744e+01             325.293           1.233e+00             122.049           3.676e+01     
  81.000         135.000            1.244e+00          -3.086e+01             333.799           1.242e+00             122.335           3.775e+01     
  82.000         135.000            1.251e+00          -3.570e+01             356.101           1.250e+00             122.618           3.885e+01     
  83.000         135.000            1.259e+00          -3.807e+01              56.640           1.259e+00             122.897           4.000e+01     
  84.000         135.000            1.270e+00          -3.309e+01              97.212           1.268e+00             123.171           4.000e+01     
  85.000         135.000            1.282e+00          -2.892e+01             110.564           1.277e+00             123.441           4.000e+01     
  86.000         135.000            1.296e+00          -2.595e+01             116.551           1.287e+00             123.707           4.000e+01     
  87.000         135.000            1.312e+00          -2.369e+01             119.947           1.298e+00             123.968           4.000e+01     
  88.000         135.000            1.329e+00          -2.188e+01             122.165           1.309e+00             124.225           4.000e+01     
  89.000         135.000            1.349e+00          -2.037e+01             123.755           1.320e+00             124.477           4.000e+01     
  90.000         135.000            1.371e+00          -1.907e+01             124.973           1.332e+00             124.724           4.000e+01     
  91.000         135.000            1.395e+00          -1.794e+01             125.950           1.344e+00             124.967           4.000e+01     
  92.000         135.000            1.420e+00          -1.693e+01             126.764           1.356e+00             125.205           4.000e+01     
  93.000         135.000            1.448e+00          -1.603e+01             127.463           1.370e+00             125.437           4.000e+01     
  94.000         135.000            1.478e+00          -1.520e+01             128.077           1.383e+00             125.665           4.000e+01     
  95.000         135.000            1.509e+00          -1.445e+01             128.626           1.398e+00             125.887           4.000e+01     
  96.000         135.000            1.543e+00          -1.375e+01             129.125           1.412e+00             126.104           4.000e+01     
  97.000         135.000            1.578e+00          -1.310e+01             129.585           1.427e+00             126.316           3.971e+01     
  98.000         135.000            1.615e+00          -1.250e+01             130.012           1.443e+00             126.522           3.859e+01     
  99.000         135.000            1.654e+00          -1.193e+01             130.414           1.459e+00             126.723           3.760e+01     
 100.000         135.000            1.694e+00          -1.140e+01             130.793           1.476e+00             126.918           3.671e+01     
 101.000         135.000            1.737e+00          -1.090e+01             131.153           1.493e+00             127.107           3.590e+01     
 102.000         135.000            1.780e+00          -1.042e+01             131.499           1.511e+00             127.291           3.516e+01     
 103.000         135.000            1.826e+00          -9.969e+00             131.831           1.529e+00             127.469           3.447e+01     
 104.000         135.000            1.873e+00          -9.539e+00             132.151           1.547e+00             127.641           3.382e+01     
 105.000         135.000            1.921e+00          -9.130e+00             132.460           1.566e+00             127.806           3.322e+01     
 106.000         135.000            1.971e+00          -8.739e+00             132.761           1.585e+00             127.966           3.265e+01     
 107.000         135.000            2.022e+00          -8.365e+00             133.053           1.605e+00             128.119           3.211e+01     
 108.000         135.000            2.074e+00          -8.007e+00             133.337           1.625e+00             128.267           3.160e+01     
 109.000         135.000            2.127e+00          -7.663e+00             133.615           1.645e+00             128.407           3.111e+01     
 110.000         135.000            2.181e+00          -7.332e+00             133.887           1.666e+00             128.542           3.064e+01     
 111.000         135.000            2.236e+00          -7.015e+00             134.153           1.687e+00             128.669           3.019e+01     
 112.000         135.000            2.292e+00          -6.709e+00             134.413           1.708e+00             128.791           2.975e+01     
 113.000         135.000            2.349e+00          -6.414e+00             134.668           1.729e+00             128.905           2.934e+01     
 114.000         135.000            2.406e+00          -6.130e+00             134.919           1.751e+00             129.013           2.893e+01     
 115.000         135.000            2.464e+00          -5.856e+00             135.165           1.773e+00             129.115           2.854e+01     
 116.000         135.000            2.523e+00          -5.591e+00             135.407           1.795e+00             129.209           2.816e+01     
 117.000         135.000            2.582e+00          -5.335e+00             135.645           1.816e+00             129.297           2.779e+01     
 118.000         135.000            2.641e+00          -5.088e+00             135.879           1.838e+00             129.377           2.744e+01     
 119.000         135.000            2.700e+00          -4.848e+00             136.109           1.860e+00             129.451           2.709e+01     
 120.000         135.000            2.760e+00          -4.617e+00             136.335           1.882e+00             129.518           2.675e+01     
 121.000         135.000            2.819e+00          -4.393e+00             136.558           1.904e+00             129.577           2.641e+01     
 122.000         135.000            2.879e+00          -4.176e+00             136.778           1.926e+00             129.630           2.609e+01     
 123.000         135.000            2.938e+00          -3.966e+00             136.994           1.947e+00             129.675           2.577e+01     
 124.000         135.000            2.997e+00          -3.762e+00             137.207           1.969e+00             129.714           2.546e+01     
 125.000         135.000            3.056e+00          -3.566e+00             137.416           1.990e+00             129.745           2.515e+01     
 126.000         135.000            3.114e+00          -3.375e+00             137.622           2.010e+00             129.769           2.485e+01     
 127.000         135.000            3.172e+00          -3.190e+00             137.826           2.031e+00             129.785           2.456e+01     
 128.000         135.000            3.229e+00          -3.011e+00             138.026           2.051e+00             129.795           2.427e+01     
 129.000         135.000            3.286e+00          -2.838e+00             138.223           2.070e+00             129.797           2.399e+01     
 130.000         135.000            3.342e+00          -2.670e+00             138.417           2.090e+00             129.792           2.371e+01     
 131.000         135.000            3.397e+00          -2.508e+00             138.608           2.108e+00             129.779           2.343e+01     
 132.000         135.000            3.451e+00          -2.351e+00             138.797           2.126e+00             129.760           2.316e+01     
 133.000         135.000            3.504e+00          -2.199e+00             138.982           2.143e+00             129.733           2.290e+01     
 134.000         135.000            3.556e+00          -2.052e+00             139.164           2.160e+00             129.698           2.264e+01     
 135.000         135.000            3.607e+00          -1.911e+00             139.344           2.176e+00             129.657           2.238e+01     
 136.000         135.000            3.657e+00          -1.774e+00             139.521           2.191e+00             129.608           2.212e+01     
 137.000         135.000            3.705e+00          -1.642e+00             139.695           2.206e+00             129.551           2.187e+01     
 138.000         135.000            3.752e+00          -1.514e+00             139.866           2.219e+00             129.488           2.163e+01     
 139.000         135.000            3.798e+00          -1.392e+00             140.035           2.232e+00             129.416           2.138e+01     
 140.000         135.000            3.842e+00          -1.274e+00             140.200           2.244e+00             129.338           2.114e+01     
 141.000         135.000            3.885e+00          -1.160e+00             140.364           2.254e+00             129.252           2.091e+01     
 142.000         135.000            3.926e+00          -1.052e+00             140.524           2.264e+00             129.159           2.067e+01     
 143.000         135.000            3.965e+00          -9.471e-01             140.682           2.273e+00             129.059           2.044e+01     
 144.000         135.000            4.002e+00          -8.470e-01             140.837           2.280e+00             128.951           2.021e+01     
 145.000         135.000            4.038e+00          -7.514e-01             140.990           2.286e+00             128.836           1.999e+01     
 146.000         135.000            4.072e+00          -6.602e-01             141.140           2.291e+00             128.714           1.977e+01     
 147.000         135.000            4.104e+00          -5.733e-01             141.287           2.295e+00             128.584           1.955e+01     
 148.000         135.000            4.134e+00          -4.907e-01             141.433           2.298e+00             128.447           1.933e+01     
 149.000         135.000            4.162e+00          -4.124e-01             141.575           2.299e+00             128.303           1.911e+01     
 150.000         135.000            4.188e+00          -3.384e-01             141.715           2.299e+00             128.152           1.890e+01     
 151.000         135.000            4.211e+00          -2.686e-01             141.853           2.297e+00             127.993           1.869e+01     
 152.000         135.000            4.233e+00          -2.031e-01             141.989           2.294e+00             127.827           1.848e+01     
 153.000         135.000            4.252e+00          -1.418e-01             142.122           2.289e+00             127.654           1.827e+01     
 154.000         135.000            4.269e+00          -8.480e-02             142.253           2.283e+00             127.473           1.807e+01     
 155.000         135.000            4.283e+00          -3.198e-02             142.382           2.275e+00             127.286           1.787e+01     
 156.000         135.000            4.295e+00           1.662e-02             142.508           2.266e+00             127.091           1.767e+01     
 157.000         135.000            4.305e+00           6.100e-02             142.632           2.255e+00             126.889           1.747e+01     
 158.000         135.000            4.312e+00           1.012e-01             142.755           2.242e+00             126.679           1.727e+01     
 159.000         135.000            4.317e+00           1.371e-01             142.875           2.227e+00             126.463           1.708e+01     
 160.000         135.000            4.319e+00           1.689e-01             142.993           2.211e+00             126.239           1.689e+01     
 161.000         135.000            4.319e+00           1.964e-01             143.109           2.193e+00             126.008           1.670e+01     
 162.000         135.000            4.316e+00           2.197e-01             143.224           2.173e+00             125.770           1.651e+01     
 163.000         135.000            4.310e+00           2.387e-01             143.336           2.152e+00             125.525           1.632e+01     
 164.000         135.000            4.301e+00           2.536e-01             143.447           2.128e+00             125.272           1.613e+01     
 165.000         135.000            4.290e+00           2.641e-01             143.556           2.103e+00             125.013           1.595e+01     
 166.000         135.000            4.276e+00           2.705e-01             143.663           2.075e+00             124.746           1.576e+01     
 167.000         135.000            4.259e+00           2.725e-01             143.769           2.046e+00             124.472           1.558e+01     
 168.000         135.000            4.240e+00           2.703e-01             143.873           2.015e+00             124.191           1.540e+01     
 169.000         135.000            4.217e+00           2.639e-01             143.976           1.981e+00             123.902           1.522e+01     
 170.000         135.000            4.192e+00           2.531e-01             144.077           1.946e+00             123.607           1.504e+01     
 171.000         135.000            4.164e+00           2.380e-01             144.178           1.909e+00             123.304           1.486e+01     
 172.000         135.000            4.132e+00           2.187e-01             144.276           1.870e+00             122.994           1.469e+01     
 173.000         135.000            4.098e+00           1.950e-01             144.374           1.828e+00             122.676           1.451e+01     
 174.000         135.000            4.061e+00           1.669e-01             144.471           1.785e+00             122.352           1.434e+01     
 175.000         135.000            4.021e+00           1.346e-01             144.567           1.739e+00             122.020           1.417e+01     
 176.000         135.000            3.978e+00           9.781e-02             144.662           1.692e+00             121.680           1.400e+01     
 177.000         135.000            3.931e+00           5.669e-02             144.756           1.642e+00             121.334           1.382e+01     
 178.000         135.000            3.882e+00           1.119e-02             144.850           1.590e+00             120.980           1.365e+01     
 179.000         135.000            3.830e+00          -3.872e-02             144.943           1.536e+00             120.618           1.349e+01     
 180.000         135.000            3.774e+00          -9.304e-02             145.035           1.480e+00             120.250           1.332e+01     
 179.000         315.000            3.716e+00          -1.517e-01             325.128           1.421e+00             299.874           1.315e+01     
 178.000         315.000            3.654e+00          -2.148e-01             325.220           1.361e+00             299.491           1.298e+01     
 177.000         315.000            3.590e+00          -2.825e-01             325.313           1.298e+00             299.099           1.282e+01     
 176.000         315.000            3.522e+00          -3.546e-01             325.405           1.234e+00             298.700           1.265e+01     
 175.000         315.000            3.451e+00          -4.312e-01             325.497           1.167e+00             298.294           1.249e+01     
 174.000         315.000            3.377e+00          -5.122e-01             325.591           1.098e+00             297.880           1.233e+01     
 173.000         315.000            3.300e+00          -5.978e-01             325.684           1.027e+00             297.458           1.216e+01     
 172.000         315.000            3.220e+00          -6.879e-01             325.778           9.532e-01             297.029           1.200e+01     
 171.000         315.000            3.137e+00          -7.825e-01             325.874           8.778e-01             296.591           1.184e+01     
 170.000         315.000            3.051e+00          -8.816e-01             325.970           8.003e-01             296.146           1.168e+01     
 169.000         315.000            2.961e+00          -9.853e-01             326.068           7.206e-01             295.693           1.152e+01     
 168.000         315.000            2.869e+00          -1.094e+00             326.167           6.389e-01             295.232           1.136e+01     
 167.000         315.000            2.773e+00          -1.206e+00             326.268           5.551e-01             294.763           1.120e+01     
 166.000         315.000            2.675e+00          -1.324e+00             326.371           4.692e-01             294.286           1.104e+01     
 165.000         315.000            2.573e+00          -1.446e+00             326.476           3.813e-01             293.801           1.088e+01     
 164.000         315.000            2.469e+00          -1.572e+00             326.584           2.914e-01             293.307           1.073e+01     
 163.000         315.000            2.362e+00          -1.704e+00             326.694           1.995e-01             292.805           1.057e+01     
 162.000         315.000            2.251e+00          -1.839e+00             326.808           1.056e-01             292.295           1.042e+01     
 161.000         315.000            2.138e+00          -1.980e+00             326.924           9.732e-03             291.776           1.026e+01     
 160.000         315.000            2.022e+00          -2.125e+00             327.044          -8.803e-02             291.249           1.011e+01     
 159.000         315.000            1.903e+00          -2.275e+00             327.169          -1.877e-01             290.713           9.954e+00     
 158.000         315.000            1.782e+00          -2.429e+00             327.297          -2.892e-01             290.169           9.802e+00     
 157.000         315.000            1.657e+00          -2.588e+00             327.430          -3.925e-01             289.616           9.651e+00     
 156.000         315.000            1.530e+00          -2.751e+00             327.568          -4.976e-01             289.054           9.501e+00     
 155.000         315.000            1.401e+00          -2.920e+00             327.712          -6.045e-01             288.483           9.351e+00     
 154.000         315.000            1.269e+00          -3.092e+00             327.861          -7.130e-01             287.903           9.203e+00     
 153.000         315.000            1.134e+00          -3.270e+00             328.017          -8.232e-01             287.315           9.057e+00     
 152.000         315.000            9.966e-01          -3.452e+00             328.179          -9.350e-01             286.717           8.911e+00     
 151.000         315.000            8.571e-01          -3.639e+00             328.349          -1.048e+00             286.110           8.768e+00     
 150.000         315.000            7.152e-01          -3.830e+00             328.526          -1.163e+00             285.493           8.626e+00     
 149.000         315.000            5.711e-01          -4.026e+00             328.712          -1.280e+00             284.867           8.485e+00     
 148.000         315.000            4.248e-01          -4.226e+00             328.907          -1.397e+00             284.232           8.347e+00     
 147.000         315.000            2.765e-01          -4.431e+00             329.111          -1.516e+00             283.588           8.211e+00     
 146.000         315.000            1.261e-01          -4.641e+00             329.326          -1.637e+00             282.933           8.078e+00     
 145.000         315.000           -2.609e-02          -4.855e+00             329.551          -1.758e+00             282.270           7.947e+00     
 144.000         315.000           -1.801e-01          -5.073e+00             329.787          -1.881e+00             281.596           7.819e+00     
 143.000         315.000           -3.358e-01          -5.296e+00             330.037          -2.005e+00             280.913           7.694e+00     
 142.000         315.000           -4.931e-01          -5.524e+00             330.299          -2.130e+00             280.220           7.572e+00     
 141.000         315.000           -6.518e-01          -5.755e+00             330.575          -2.256e+00             279.517           7.455e+00     
 140.000         315.000           -8.119e-01          -5.991e+00             330.865          -2.382e+00             278.805           7.342e+00     
 139.000         315.000           -9.731e-01          -6.232e+00             331.172          -2.510e+00             278.082           7.233e+00     
 138.000         315.000           -1.136e+00          -6.476e+00             331.494          -2.638e+00             277.350           7.130e+00     
 137.000         315.000           -1.299e+00          -6.724e+00             331.835          -2.766e+00             276.608           7.032e+00     
 136.000         315.000           -1.463e+00          -6.977e+00             332.194          -2.895e+00             275.856           6.940e+00     
 135.000         315.000           -1.628e+00          -7.233e+00             332.573          -3.025e+00             275.095           6.855e+00     
 134.000         315.000           -1.793e+00          -7.493e+00             332.972          -3.155e+00             274.323           6.777e+00     
 133.000         315.000           -1.959e+00          -7.757e+00             333.394          -3.285e+00             273.542           6.706e+00     
 132.000         315.000           -2.125e+00          -8.024e+00             333.838          -3.415e+00             272.752           6.644e+00     
 131.000         315.000           -2.290e+00          -8.295e+00             334.307          -3.545e+00             271.952           6.590e+00     
 130.000         315.000           -2.456e+00          -8.569e+00             334.801          -3.675e+00             271.142           6.546e+00     
 129.000         315.000           -2.622e+00          -8.846e+00             335.323          -3.805e+00             270.324           6.512e+00     
 128.000         315.000           -2.786e+00          -9.125e+00             335.872          -3.935e+00             269.496           6.488e+00     
 127.000         315.000           -2.951e+00          -9.407e+00             336.451          -4.064e+00             268.660           6.476e+00     
 126.000         315.000           -3.114e+00          -9.692e+00             337.061          -4.193e+00             267.815           6.475e+00     
 125.000         315.000           -3.276e+00          -9.979e+00             337.702          -4.320e+00             266.961           6.487e+00     
 124.000         315.000           -3.437e+00          -1.027e+01             338.378          -4.448e+00             266.100           6.511e+00     
 123.000         315.000           -3.597e+00          -1.056e+01             339.087          -4.574e+00             265.231           6.549e+00     
 122.000         315.000           -3.755e+00          -1.085e+01             339.833          -4.699e+00             264.354           6.600e+00     
 121.000         315.000           -3.911e+00          -1.114e+01             340.615          -4.823e+00             263.471           6.664e+00     
 120.000         315.000           -4.066e+00          -1.143e+01             341.436          -4.946e+00             262.581           6.743e+00     
 119.000         315.000           -4.218e+00          -1.172e+01             342.295          -5.067e+00             261.685           6.836e+00     
 118.000         315.000           -4.367e+00          -1.201e+01             343.194          -5.187e+00             260.783           6.943e+00     
 117.000         315.000           -4.515e+00          -1.230e+01             344.133          -5.305e+00             259.877           7.064e+00     
 116.000         315.000           -4.659e+00          -1.259e+01             345.113          -5.421e+00             258.966           7.200e+00     
 115.000         315.000           -4.801e+00          -1.288e+01             346.134          -5.535e+00             258.051           7.350e+00     
 114.000         315.000           -4.939e+00          -1.316e+01             347.195          -5.648e+00             257.133           7.513e+00     
 113.000         315.000           -5.074e+00          -1.344e+01             348.297          -5.758e+00             256.212           7.691e+00     
 112.000         315.000           -5.206e+00          -1.372e+01             349.438          -5.866e+00             255.290           7.882e+00     
 111.000         315.000           -5.335e+00          -1.399e+01             350.617          -5.972e+00             254.367           8.087e+00     
 110.000         315.000           -5.460e+00          -1.425e+01             351.833          -6.075e+00             253.444           8.306e+00     
 109.000         315.000           -5.581e+00          -1.451e+01             353.084          -6.175e+00             252.522           8.537e+00     
 108.000         315.000           -5.699e+00          -1.477e+01             354.367          -6.273e+00             251.602           8.781e+00     
 107.000         315.000           -5.812e+00          -1.501e+01             355.680          -6.368e+00             250.684           9.038e+00     
 106.000         315.000           -5.922e+00          -1.525e+01             357.020          -6.460e+00             249.770           9.307e+00     
 105.000         315.000           -6.027e+00          -1.548e+01             358.384          -6.550e+00             248.861           9.588e+00     
 104.000         315.000           -6.129e+00          -1.571e+01             359.767          -6.636e+00             247.957           9.881e+00     
 103.000         315.000           -6.226e+00          -1.592e+01               1.165          -6.719e+00             247.061           1.019e+01     
 102.000         315.000           -6.319e+00          -1.613e+01               2.575          -6.799e+00             246.172           1.050e+01     
 101.000         315.000           -6.408e+00          -1.632e+01               3.992          -6.876e+00             245.292           1.083e+01     
 100.000         315.000           -6.493e+00          -1.651e+01               5.409          -6.949e+00             244.423           1.117e+01     
  99.000         315.000           -6.574e+00          -1.668e+01               6.826          -7.020e+00             243.564           1.152e+01     
  98.000         315.000           -6.651e+00          -1.685e+01               8.236          -7.086e+00             242.718           1.188e+01     
  97.000         315.000           -6.723e+00          -1.701e+01               9.634          -7.150e+00             241.885           1.225e+01     
  96.000         315.000           -6.791e+00          -1.716e+01              11.018          -7.210e+00             241.067           1.263e+01     
  95.000         315.000           -6.856e+00          -1.730e+01              12.384          -7.267e+00             240.265           1.303e+01     
  94.000         315.000           -6.916e+00          -1.743e+01              13.727          -7.320e+00             239.479           1.343e+01     
  93.000         315.000           -6.972e+00          -1.755e+01              15.045          -7.370e+00             238.712           1.384e+01     
  92.000         315.000           -7.025e+00          -1.767e+01              16.337          -7.417e+00             237.963           1.427e+01     
  91.000         315.000           -7.074e+00          -1.778e+01              17.599          -7.460e+00             237.234           1.470e+01     
  90.000         315.000           -7.119e+00          -1.788e+01              18.830          -7.500e+00             236.527           1.515e+01     
  89.000         315.000           -7.160e+00          -1.797e+01              20.028          -7.536e+00             235.841           1.561e+01     
  88.000         315.000           -7.198e+00          -1.806e+01              21.196          -7.570e+00             235.179           1.608e+01     
  87.000         315.000           -7.233e+00          -1.815e+01              22.332          -7.600e+00             234.541           1.656e+01     
  86.000         315.000           -7.264e+00          -1.823e+01              23.437          -7.627e+00             233.927           1.705e+01     
  85.000         315.000           -7.292e+00          -1.830e+01              24.512          -7.650e+00             233.340           1.755e+01     
  84.000         315.000           -7.317e+00          -1.838e+01              25.558          -7.671e+00             232.778           1.807e+01     
  83.000         315.000           -7.338e+00          -1.844e+01              26.578          -7.688e+00             232.245           1.861e+01     
  82.000         315.000           -7.357e+00          -1.851e+01              27.573          -7.703e+00             231.739           1.915e+01     
  81.000         315.000           -7.372e+00          -1.858e+01              28.546          -7.715e+00             231.262           1.972e+01     
  80.000         315.000           -7.385e+00          -1.864e+01              29.500          -7.723e+00             230.814           2.030e+01     
  79.000         315.000           -7.395e+00          -1.870e+01              30.441          -7.729e+00             230.395           2.091e+01     
  78.000         315.000           -7.402e+00          -1.876e+01              31.368          -7.732e+00             230.008           2.154e+01     
  77.000         315.000           -7.407e+00          -1.882e+01              32.285          -7.732e+00             229.651           2.219e+01     
  76.000         315.000           -7.409e+00          -1.888e+01              33.199          -7.730e+00             229.326           2.287e+01     
  75.000         315.000           -7.408e+00          -1.894e+01              34.112          -7.725e+00             229.032           2.359e+01     
  74.000         315.000           -7.405e+00          -1.900e+01              35.028          -7.717e+00             228.771           2.436e+01     
  73.000         315.000           -7.399e+00          -1.905e+01              35.953          -7.707e+00             228.542           2.517e+01     
  72.000         315.000           -7.392e+00          -1.911e+01              36.891          -7.694e+00             228.345           2.604e+01     
  71.000         315.000           -7.381e+00          -1.917e+01              37.846          -7.679e+00             228.181           2.699e+01     
  70.000         315.000           -7.368e+00          -1.923e+01              38.824          -7.661e+00             228.049           2.804e+01     
  69.000         315.000           -7.353e+00          -1.928e+01              39.828          -7.641e+00             227.951           2.920e+01     
  68.000         315.000           -7.336e+00          -1.934e+01              40.865          -7.619e+00             227.885           3.053e+01     
  67.000         315.000           -7.316e+00          -1.939e+01              41.938          -7.594e+00             227.852           3.209e+01     
  66.000         315.000           -7.294e+00          -1.944e+01              43.053          -7.567e+00             227.852           3.397e+01     
  65.000         315.000           -7.270e+00          -1.950e+01              44.214          -7.538e+00             227.885           3.636e+01     
  64.000         315.000           -7.243e+00          -1.955e+01              45.425          -7.506e+00             227.950           3.968e+01     
  63.000         315.000           -7.213e+00          -1.959e+01              46.691          -7.472e+00             228.047           4.000e+01     
  62.000         315.000           -7.182e+00          -1.963e+01              48.015          -7.436e+00             228.177           4.000e+01     
  61.000         315.000           -7.148e+00          -1.967e+01              49.401          -7.398e+00             228.337           4.000e+01     
  60.000         315.000           -7.111e+00          -1.970e+01              50.852          -7.357e+00             228.529           4.000e+01     
  59.000         315.000           -7.072e+00          -1.973e+01              52.370          -7.314e+00             228.752           3.690e+01     
  58.000         315.000           -7.030e+00          -1.975e+01              53.955          -7.269e+00             229.005           3.424e+01     
  57.000         315.000           -6.986e+00          -1.976e+01              55.610          -7.221e+00             229.288           3.217e+01     
  56.000         315.000           -6.939e+00          -1.976e+01              57.332          -7.172e+00             229.600           3.047e+01     
  55.000         315.000           -6.889e+00          -1.975e+01              59.120          -7.120e+00             229.941           2.902e+01     
  54.000         315.000           -6.836e+00          -1.973e+01              60.971          -7.065e+00             230.309           2.776e+01     
  53.000         315.000           -6.781e+00          -1.969e+01              62.881          -7.009e+00             230.705           2.664e+01     
  52.000         315.000           -6.723e+00          -1.964e+01              64.844          -6.950e+00             231.127           2.562e+01     
  51.000         315.000           -6.661e+00          -1.958e+01              66.852          -6.889e+00             231.575           2.470e+01     
  50.000         315.000           -6.597e+00          -1.950e+01              68.898          -6.826e+00             232.048           2.385e+01     
  49.000         315.000           -6.530e+00          -1.940e+01              70.973          -6.760e+00             232.545           2.306e+01     
  48.000         315.000           -6.459e+00          -1.928e+01              73.065          -6.692e+00             233.065           2.232e+01     
  47.000         315.000           -6.386e+00          -1.915e+01              75.165          -6.622e+00             233.607           2.164e+01     
  46.000         315.000           -6.309e+00          -1.900e+01              77.262          -6.550e+00             234.170           2.099e+01     
  45.000         315.000           -6.230e+00          -1.883e+01              79.344          -6.475e+00             234.754           2.038e+01     
  44.000         315.000           -6.147e+00          -1.865e+01              81.401          -6.398e+00             235.356           1.981e+01     
  43.000         315.000           -6.061e+00          -1.845e+01              83.424          -6.319e+00             235.977           1.927e+01     
  42.000         315.000           -5.972e+00          -1.823e+01              85.402          -6.238e+00             236.615           1.876e+01     
  41.000         315.000           -5.879e+00          -1.800e+01              87.328          -6.154e+00             237.269           1.827e+01     
  40.000         315.000           -5.784e+00          -1.776e+01              89.195          -6.069e+00             237.938           1.782e+01     
  39.000         315.000           -5.686e+00          -1.750e+01              90.996          -5.981e+00             238.620           1.738e+01     
  38.000         315.000           -5.584e+00          -1.724e+01              92.729          -5.891e+00             239.316           1.697e+01     
  37.000         315.000           -5.480e+00          -1.697e+01              94.388          -5.800e+00             240.024           1.659e+01     
  36.000         315.000           -5.373e+00          -1.669e+01              95.973          -5.706e+00             240.742           1.622e+01     
  35.000         315.000           -5.263e+00          -1.640e+01              97.481          -5.611e+00             241.469           1.588e+01     
  34.000         315.000           -5.150e+00          -1.611e+01              98.913          -5.513e+00             242.206           1.555e+01     
  33.000         315.000           -5.036e+00          -1.582e+01             100.269          -5.415e+00             242.950           1.525e+01     
  32.000         315.000           -4.918e+00          -1.552e+01             101.551          -5.314e+00             243.700           1.496e+01     
  31.000         315.000           -4.799e+00          -1.522e+01             102.760          -5.212e+00             244.457           1.470e+01     
  30.000         315.000           -4.677e+00          -1.492e+01             103.898          -5.108e+00             245.218           1.445e+01     
  29.000         315.000           -4.553e+00          -1.462e+01             104.968          -5.003e+00             245.982           1.422e+01     
  28.000         315.000           -4.428e+00          -1.432e+01             105.974          -4.897e+00             246.750           1.400e+01     
  27.000         315.000           -4.300e+00          -1.402e+01             106.917          -4.790e+00             247.519           1.381e+01     
  26.000         315.000           -4.172e+00          -1.373e+01             107.800          -4.681e+00             248.290           1.363e+01     
  25.000         315.000           -4.042e+00          -1.344e+01             108.628          -4.572e+00             249.062           1.346e+01     
  24.000         315.000           -3.911e+00          -1.315e+01             109.402          -4.462e+00             249.833           1.331e+01     
  23.000         315.000           -3.778e+00          -1.286e+01             110.127          -4.351e+00             250.603           1.318e+01     
  22.000         315.000           -3.646e+00          -1.258e+01             110.804          -4.239e+00             251.371           1.305e+01     
  21.000         315.000           -3.512e+00          -1.231e+01             111.437          -4.127e+00             252.137           1.295e+01     
  20.000         315.000           -3.378e+00          -1.204e+01             112.028          -4.014e+00             252.901           1.285e+01     
  19.000         315.000           -3.244e+00          -1.177e+01             112.580          -3.901e+00             253.661           1.277e+01     
  18.000         315.000           -3.110e+00          -1.151e+01             113.096          -3.788e+00             254.417           1.271e+01     
  17.000         315.000           -2.976e+00          -1.125e+01             113.579          -3.675e+00             255.169           1.265e+01     
  16.000         315.000           -2.842e+00          -1.100e+01             114.029          -3.562e+00             255.916           1.261e+01     
  15.000         315.000           -2.708e+00          -1.076e+01             114.450          -3.449e+00             256.658           1.257e+01     
  14.000         315.000           -2.575e+00          -1.052e+01             114.844          -3.336e+00             257.395           1.255e+01     
  13.000         315.000           -2.443e+00          -1.028e+01             115.212          -3.223e+00             258.126           1.254e+01     
  12.000         315.000           -2.312e+00          -1.006e+01             115.556          -3.111e+00             258.851           1.254e+01     
  11.000         315.000           -2.182e+00          -9.833e+00             115.878          -3.000e+00             259.569           1.255e+01     
  10.000         315.000           -2.052e+00          -9.617e+00             116.180          -2.889e+00             260.282           1.257e+01     
   9.000         315.000           -1.925e+00          -9.407e+00             116.463          -2.779e+00             260.988           1.260e+01     
   8.000         315.000           -1.798e+00          -9.203e+00             116.728          -2.670e+00             261.686           1.263e+01     
   7.000         315.000           -1.673e+00          -9.005e+00             116.977          -2.561e+00             262.379           1.268e+01     
   6.000         315.000           -1.550e+00          -8.812e+00             117.212          -2.454e+00             263.064           1.273e+01     
   5.000         315.000           -1.429e+00          -8.626e+00             117.432          -2.347e+00             263.742           1.279e+01     
   4.000         315.000           -1.309e+00          -8.446e+00             117.640          -2.242e+00             264.413           1.286e+01     
   3.000         315.000           -1.191e+00          -8.272e+00             117.836          -2.138e+00             265.076           1.293e+01     
   2.000         315.000           -1.076e+00          -8.104e+00             118.022          -2.035e+00             265.733           1.301e+01     
   1.000         315.000           -9.622e-01          -7.942e+00             118.198          -1.934e+00             266.382           1.310e+01     
