Theta [deg.]  Phi   [deg.]  Abs(Dir.)[dBi   ]   Abs(Theta)[dBi   ]  Phase(Theta)[deg.]  Abs(Phi  )[dBi   ]  Phase(Phi  )[deg.]  Ax.Ratio[dB    ]    
------------------------------------------------------------------------------------------------------------------------------------------------------
   0.000          90.000            2.823e+00           2.734e+00             224.807          -1.410e+01              77.383           2.234e+01     
   1.000          90.000            2.819e+00           2.731e+00             224.890          -1.415e+01              78.568           2.212e+01     
   2.000          90.000            2.811e+00           2.724e+00             224.975          -1.419e+01              79.762           2.191e+01     
   3.000          90.000            2.800e+00           2.713e+00             225.063          -1.423e+01              80.964           2.169e+01     
   4.000          90.000            2.785e+00           2.699e+00             225.152          -1.427e+01              82.174           2.148e+01     
   5.000          90.000            2.766e+00           2.680e+00             225.245          -1.431e+01              83.389           2.128e+01     
   6.000          90.000            2.744e+00           2.658e+00             225.339          -1.434e+01              84.610           2.108e+01     
   7.000          90.000            2.718e+00           2.632e+00             225.435          -1.438e+01              85.835           2.088e+01     
   8.000          90.000            2.688e+00           2.602e+00             225.534          -1.441e+01              87.064           2.068e+01     
   9.000          90.000            2.655e+00           2.569e+00             225.635          -1.444e+01              88.294           2.048e+01     
  10.000          90.000            2.617e+00           2.532e+00             225.738          -1.447e+01              89.527           2.029e+01     
  11.000          90.000            2.576e+00           2.490e+00             225.843          -1.450e+01              90.759           2.010e+01     
  12.000          90.000            2.532e+00           2.445e+00             225.951          -1.453e+01              91.991           1.991e+01     
  13.000          90.000            2.483e+00           2.397e+00             226.060          -1.455e+01              93.221           1.973e+01     
  14.000          90.000            2.431e+00           2.344e+00             226.171          -1.458e+01              94.449           1.954e+01     
  15.000          90.000            2.375e+00           2.287e+00             226.284          -1.460e+01              95.673           1.936e+01     
  16.000          90.000            2.316e+00           2.227e+00             226.399          -1.462e+01              96.893           1.918e+01     
  17.000          90.000            2.253e+00           2.163e+00             226.516          -1.464e+01              98.107           1.899e+01     
  18.000          90.000            2.186e+00           2.095e+00             226.634          -1.466e+01              99.315           1.881e+01     
  19.000          90.000            2.115e+00           2.023e+00             226.755          -1.468e+01             100.516           1.864e+01     
  20.000          90.000            2.041e+00           1.948e+00             226.876          -1.469e+01             101.709           1.846e+01     
  21.000          90.000            1.963e+00           1.868e+00             227.000          -1.471e+01             102.894           1.828e+01     
  22.000          90.000            1.881e+00           1.785e+00             227.125          -1.472e+01             104.068           1.810e+01     
  23.000          90.000            1.795e+00           1.698e+00             227.251          -1.474e+01             105.233           1.792e+01     
  24.000          90.000            1.706e+00           1.607e+00             227.379          -1.475e+01             106.387           1.775e+01     
  25.000          90.000            1.613e+00           1.512e+00             227.508          -1.476e+01             107.529           1.757e+01     
  26.000          90.000            1.516e+00           1.413e+00             227.638          -1.477e+01             108.660           1.739e+01     
  27.000          90.000            1.416e+00           1.310e+00             227.769          -1.477e+01             109.777           1.721e+01     
  28.000          90.000            1.311e+00           1.203e+00             227.901          -1.478e+01             110.882           1.704e+01     
  29.000          90.000            1.203e+00           1.092e+00             228.035          -1.479e+01             111.973           1.686e+01     
  30.000          90.000            1.091e+00           9.775e-01             228.169          -1.480e+01             113.051           1.668e+01     
  31.000          90.000            9.751e-01           8.587e-01             228.303          -1.480e+01             114.114           1.650e+01     
  32.000          90.000            8.554e-01           7.359e-01             228.439          -1.481e+01             115.163           1.632e+01     
  33.000          90.000            7.319e-01           6.089e-01             228.574          -1.481e+01             116.197           1.614e+01     
  34.000          90.000            6.044e-01           4.779e-01             228.710          -1.481e+01             117.215           1.595e+01     
  35.000          90.000            4.730e-01           3.426e-01             228.847          -1.482e+01             118.219           1.577e+01     
  36.000          90.000            3.376e-01           2.032e-01             228.983          -1.482e+01             119.207           1.559e+01     
  37.000          90.000            1.982e-01           5.942e-02             229.120          -1.483e+01             120.179           1.540e+01     
  38.000          90.000            5.480e-02          -8.863e-02             229.256          -1.483e+01             121.136           1.521e+01     
  39.000          90.000           -9.270e-02          -2.411e-01             229.391          -1.483e+01             122.077           1.502e+01     
  40.000          90.000           -2.443e-01          -3.980e-01             229.527          -1.483e+01             123.002           1.483e+01     
  41.000          90.000           -4.001e-01          -5.594e-01             229.661          -1.484e+01             123.911           1.463e+01     
  42.000          90.000           -5.601e-01          -7.254e-01             229.795          -1.484e+01             124.803           1.444e+01     
  43.000          90.000           -7.245e-01          -8.961e-01             229.928          -1.484e+01             125.680           1.424e+01     
  44.000          90.000           -8.931e-01          -1.072e+00             230.059          -1.484e+01             126.541           1.404e+01     
  45.000          90.000           -1.066e+00          -1.252e+00             230.189          -1.485e+01             127.385           1.383e+01     
  46.000          90.000           -1.244e+00          -1.437e+00             230.317          -1.485e+01             128.214           1.363e+01     
  47.000          90.000           -1.426e+00          -1.628e+00             230.443          -1.485e+01             129.026           1.342e+01     
  48.000          90.000           -1.613e+00          -1.824e+00             230.567          -1.486e+01             129.823           1.320e+01     
  49.000          90.000           -1.805e+00          -2.025e+00             230.689          -1.486e+01             130.603           1.298e+01     
  50.000          90.000           -2.001e+00          -2.232e+00             230.807          -1.486e+01             131.367           1.276e+01     
  51.000          90.000           -2.203e+00          -2.445e+00             230.923          -1.486e+01             132.116           1.254e+01     
  52.000          90.000           -2.409e+00          -2.663e+00             231.035          -1.487e+01             132.848           1.231e+01     
  53.000          90.000           -2.621e+00          -2.888e+00             231.144          -1.487e+01             133.565           1.207e+01     
  54.000          90.000           -2.839e+00          -3.119e+00             231.248          -1.488e+01             134.266           1.183e+01     
  55.000          90.000           -3.062e+00          -3.357e+00             231.348          -1.488e+01             134.950           1.158e+01     
  56.000          90.000           -3.290e+00          -3.602e+00             231.443          -1.488e+01             135.619           1.133e+01     
  57.000          90.000           -3.525e+00          -3.854e+00             231.532          -1.489e+01             136.272           1.107e+01     
  58.000          90.000           -3.766e+00          -4.114e+00             231.615          -1.489e+01             136.909           1.081e+01     
  59.000          90.000           -4.013e+00          -4.382e+00             231.692          -1.489e+01             137.531           1.054e+01     
  60.000          90.000           -4.266e+00          -4.659e+00             231.761          -1.490e+01             138.136           1.026e+01     
  61.000          90.000           -4.526e+00          -4.944e+00             231.822          -1.490e+01             138.726           9.973e+00     
  62.000          90.000           -4.794e+00          -5.239e+00             231.874          -1.491e+01             139.300           9.678e+00     
  63.000          90.000           -5.068e+00          -5.544e+00             231.916          -1.491e+01             139.858           9.373e+00     
  64.000          90.000           -5.350e+00          -5.859e+00             231.948          -1.491e+01             140.400           9.058e+00     
  65.000          90.000           -5.640e+00          -6.186e+00             231.967          -1.492e+01             140.926           8.733e+00     
  66.000          90.000           -5.939e+00          -6.526e+00             231.974          -1.492e+01             141.436           8.396e+00     
  67.000          90.000           -6.245e+00          -6.878e+00             231.965          -1.492e+01             141.930           8.047e+00     
  68.000          90.000           -6.561e+00          -7.244e+00             231.940          -1.493e+01             142.408           7.684e+00     
  69.000          90.000           -6.885e+00          -7.626e+00             231.896          -1.493e+01             142.870           7.307e+00     
  70.000          90.000           -7.219e+00          -8.024e+00             231.831          -1.493e+01             143.316           6.914e+00     
  71.000          90.000           -7.563e+00          -8.441e+00             231.742          -1.494e+01             143.746           6.505e+00     
  72.000          90.000           -7.916e+00          -8.877e+00             231.625          -1.494e+01             144.159           6.077e+00     
  73.000          90.000           -8.280e+00          -9.335e+00             231.478          -1.494e+01             144.556           5.629e+00     
  74.000          90.000           -8.654e+00          -9.817e+00             231.293          -1.494e+01             144.936           5.160e+00     
  75.000          90.000           -9.038e+00          -1.033e+01             231.066          -1.495e+01             145.300           4.668e+00     
  76.000          90.000           -9.433e+00          -1.087e+01             230.789          -1.495e+01             145.648           4.153e+00     
  77.000          90.000           -9.837e+00          -1.144e+01             230.452          -1.495e+01             145.979           3.615e+00     
  78.000          90.000           -1.025e+01          -1.205e+01             230.043          -1.495e+01             146.293           3.057e+00     
  79.000          90.000           -1.067e+01          -1.270e+01             229.545          -1.495e+01             146.590           2.493e+00     
  80.000          90.000           -1.110e+01          -1.341e+01             228.938          -1.495e+01             146.871           1.961e+00     
  81.000          90.000           -1.153e+01          -1.417e+01             228.191          -1.495e+01             147.134           1.569e+00     
  82.000          90.000           -1.197e+01          -1.501e+01             227.266          -1.495e+01             147.381           1.543e+00     
  83.000          90.000           -1.240e+01          -1.592e+01             226.103          -1.495e+01             147.610           2.011e+00     
  84.000          90.000           -1.282e+01          -1.694e+01             224.618          -1.495e+01             147.823           2.849e+00     
  85.000          90.000           -1.322e+01          -1.808e+01             222.680          -1.494e+01             148.018           3.947e+00     
  86.000          90.000           -1.360e+01          -1.937e+01             220.077          -1.494e+01             148.196           5.294e+00     
  87.000          90.000           -1.395e+01          -2.085e+01             216.451          -1.494e+01             148.357           6.943e+00     
  88.000          90.000           -1.425e+01          -2.257e+01             211.159          -1.494e+01             148.501           9.014e+00     
  89.000          90.000           -1.448e+01          -2.455e+01             202.980          -1.493e+01             148.627           1.176e+01     
  90.000          90.000           -1.465e+01          -2.674e+01             189.620          -1.493e+01             148.735           1.582e+01     
  91.000          90.000           -1.474e+01          -2.860e+01             167.960          -1.492e+01             148.826           2.370e+01     
  92.000          90.000           -1.475e+01          -2.891e+01             139.669          -1.492e+01             148.900           3.022e+01     
  93.000          90.000           -1.467e+01          -2.737e+01             115.440          -1.492e+01             148.956           1.795e+01     
  94.000          90.000           -1.452e+01          -2.519e+01              99.970          -1.491e+01             148.995           1.309e+01     
  95.000          90.000           -1.430e+01          -2.314e+01              90.574          -1.490e+01             149.016           1.002e+01     
  96.000          90.000           -1.401e+01          -2.135e+01              84.583          -1.490e+01             149.020           7.783e+00     
  97.000          90.000           -1.368e+01          -1.982e+01              80.525          -1.489e+01             149.006           6.050e+00     
  98.000          90.000           -1.331e+01          -1.849e+01              77.630          -1.488e+01             148.975           4.662e+00     
  99.000          90.000           -1.292e+01          -1.732e+01              75.475          -1.488e+01             148.925           3.549e+00     
 100.000          90.000           -1.251e+01          -1.628e+01              73.817          -1.487e+01             148.859           2.700e+00     
 101.000          90.000           -1.209e+01          -1.534e+01              72.505          -1.486e+01             148.775           2.158e+00     
 102.000          90.000           -1.166e+01          -1.450e+01              71.445          -1.485e+01             148.673           1.985e+00     
 103.000          90.000           -1.124e+01          -1.372e+01              70.571          -1.484e+01             148.554           2.154e+00     
 104.000          90.000           -1.082e+01          -1.301e+01              69.839          -1.484e+01             148.417           2.531e+00     
 105.000          90.000           -1.041e+01          -1.235e+01              69.218          -1.483e+01             148.263           2.998e+00     
 106.000          90.000           -1.000e+01          -1.174e+01              68.683          -1.482e+01             148.092           3.492e+00     
 107.000          90.000           -9.605e+00          -1.117e+01              68.218          -1.481e+01             147.903           3.986e+00     
 108.000          90.000           -9.219e+00          -1.063e+01              67.809          -1.480e+01             147.696           4.468e+00     
 109.000          90.000           -8.844e+00          -1.012e+01              67.446          -1.479e+01             147.473           4.934e+00     
 110.000          90.000           -8.479e+00          -9.639e+00              67.122          -1.478e+01             147.232           5.381e+00     
 111.000          90.000           -8.124e+00          -9.184e+00              66.829          -1.477e+01             146.973           5.811e+00     
 112.000          90.000           -7.780e+00          -8.751e+00              66.562          -1.476e+01             146.698           6.222e+00     
 113.000          90.000           -7.445e+00          -8.339e+00              66.318          -1.475e+01             146.405           6.617e+00     
 114.000          90.000           -7.121e+00          -7.946e+00              66.092          -1.474e+01             146.095           6.996e+00     
 115.000          90.000           -6.806e+00          -7.570e+00              65.883          -1.473e+01             145.768           7.361e+00     
 116.000          90.000           -6.500e+00          -7.209e+00              65.686          -1.472e+01             145.423           7.712e+00     
 117.000          90.000           -6.203e+00          -6.863e+00              65.502          -1.471e+01             145.061           8.050e+00     
 118.000          90.000           -5.915e+00          -6.531e+00              65.327          -1.470e+01             144.683           8.376e+00     
 119.000          90.000           -5.635e+00          -6.211e+00              65.160          -1.469e+01             144.287           8.691e+00     
 120.000          90.000           -5.363e+00          -5.903e+00              65.000          -1.469e+01             143.873           8.996e+00     
 121.000          90.000           -5.099e+00          -5.606e+00              64.846          -1.468e+01             143.443           9.292e+00     
 122.000          90.000           -4.842e+00          -5.319e+00              64.698          -1.467e+01             142.995           9.579e+00     
 123.000          90.000           -4.592e+00          -5.042e+00              64.553          -1.466e+01             142.531           9.857e+00     
 124.000          90.000           -4.349e+00          -4.774e+00              64.413          -1.465e+01             142.049           1.013e+01     
 125.000          90.000           -4.113e+00          -4.515e+00              64.275          -1.465e+01             141.549           1.039e+01     
 126.000          90.000           -3.883e+00          -4.264e+00              64.140          -1.464e+01             141.033           1.065e+01     
 127.000          90.000           -3.659e+00          -4.021e+00              64.006          -1.463e+01             140.499           1.090e+01     
 128.000          90.000           -3.442e+00          -3.786e+00              63.875          -1.463e+01             139.948           1.114e+01     
 129.000          90.000           -3.230e+00          -3.558e+00              63.744          -1.462e+01             139.379           1.138e+01     
 130.000          90.000           -3.024e+00          -3.336e+00              63.615          -1.461e+01             138.793           1.162e+01     
 131.000          90.000           -2.824e+00          -3.121e+00              63.486          -1.461e+01             138.190           1.185e+01     
 132.000          90.000           -2.628e+00          -2.913e+00              63.358          -1.460e+01             137.568           1.207e+01     
 133.000          90.000           -2.438e+00          -2.711e+00              63.230          -1.460e+01             136.930           1.229e+01     
 134.000          90.000           -2.253e+00          -2.514e+00              63.102          -1.460e+01             136.273           1.251e+01     
 135.000          90.000           -2.074e+00          -2.324e+00              62.975          -1.459e+01             135.599           1.272e+01     
 136.000          90.000           -1.899e+00          -2.139e+00              62.846          -1.459e+01             134.907           1.293e+01     
 137.000          90.000           -1.728e+00          -1.959e+00              62.718          -1.459e+01             134.197           1.314e+01     
 138.000          90.000           -1.563e+00          -1.785e+00              62.590          -1.459e+01             133.469           1.335e+01     
 139.000          90.000           -1.402e+00          -1.615e+00              62.460          -1.458e+01             132.723           1.355e+01     
 140.000          90.000           -1.245e+00          -1.451e+00              62.331          -1.458e+01             131.959           1.375e+01     
 141.000          90.000           -1.093e+00          -1.292e+00              62.201          -1.458e+01             131.176           1.394e+01     
 142.000          90.000           -9.453e-01          -1.137e+00              62.070          -1.458e+01             130.376           1.414e+01     
 143.000          90.000           -8.018e-01          -9.876e-01              61.938          -1.458e+01             129.557           1.433e+01     
 144.000          90.000           -6.626e-01          -8.424e-01              61.806          -1.458e+01             128.720           1.452e+01     
 145.000          90.000           -5.276e-01          -7.017e-01              61.673          -1.458e+01             127.865           1.471e+01     
 146.000          90.000           -3.967e-01          -5.656e-01              61.540          -1.458e+01             126.992           1.490e+01     
 147.000          90.000           -2.699e-01          -4.338e-01              61.405          -1.458e+01             126.100           1.509e+01     
 148.000          90.000           -1.471e-01          -3.063e-01              61.270          -1.459e+01             125.190           1.528e+01     
 149.000          90.000           -2.833e-02          -1.831e-01              61.134          -1.459e+01             124.262           1.546e+01     
 150.000          90.000            8.647e-02          -6.417e-02              60.998          -1.459e+01             123.316           1.565e+01     
 151.000          90.000            1.973e-01           5.059e-02              60.860          -1.459e+01             122.352           1.583e+01     
 152.000          90.000            3.043e-01           1.612e-01              60.722          -1.459e+01             121.371           1.601e+01     
 153.000          90.000            4.074e-01           2.677e-01              60.584          -1.459e+01             120.372           1.620e+01     
 154.000          90.000            5.066e-01           3.701e-01              60.444          -1.459e+01             119.355           1.638e+01     
 155.000          90.000            6.020e-01           4.685e-01              60.305          -1.459e+01             118.322           1.656e+01     
 156.000          90.000            6.936e-01           5.629e-01              60.164          -1.459e+01             117.272           1.675e+01     
 157.000          90.000            7.813e-01           6.533e-01              60.023          -1.459e+01             116.205           1.693e+01     
 158.000          90.000            8.653e-01           7.397e-01              59.881          -1.459e+01             115.123           1.712e+01     
 159.000          90.000            9.456e-01           8.222e-01              59.739          -1.458e+01             114.025           1.730e+01     
 160.000          90.000            1.022e+00           9.008e-01              59.596          -1.458e+01             112.911           1.749e+01     
 161.000          90.000            1.095e+00           9.754e-01              59.452          -1.458e+01             111.784           1.767e+01     
 162.000          90.000            1.164e+00           1.046e+00              59.309          -1.457e+01             110.642           1.786e+01     
 163.000          90.000            1.229e+00           1.113e+00              59.164          -1.456e+01             109.487           1.805e+01     
 164.000          90.000            1.291e+00           1.176e+00              59.020          -1.456e+01             108.319           1.824e+01     
 165.000          90.000            1.348e+00           1.235e+00              58.874          -1.455e+01             107.139           1.843e+01     
 166.000          90.000            1.403e+00           1.291e+00              58.729          -1.454e+01             105.948           1.862e+01     
 167.000          90.000            1.453e+00           1.342e+00              58.583          -1.453e+01             104.747           1.882e+01     
 168.000          90.000            1.500e+00           1.390e+00              58.437          -1.452e+01             103.536           1.901e+01     
 169.000          90.000            1.543e+00           1.433e+00              58.291          -1.450e+01             102.317           1.921e+01     
 170.000          90.000            1.582e+00           1.473e+00              58.144          -1.449e+01             101.090           1.941e+01     
 171.000          90.000            1.618e+00           1.510e+00              57.997          -1.447e+01              99.856           1.962e+01     
 172.000          90.000            1.650e+00           1.542e+00              57.850          -1.445e+01              98.617           1.982e+01     
 173.000          90.000            1.678e+00           1.570e+00              57.703          -1.443e+01              97.373           2.003e+01     
 174.000          90.000            1.703e+00           1.595e+00              57.555          -1.441e+01              96.125           2.024e+01     
 175.000          90.000            1.724e+00           1.616e+00              57.407          -1.439e+01              94.875           2.046e+01     
 176.000          90.000            1.741e+00           1.633e+00              57.260          -1.436e+01              93.623           2.068e+01     
 177.000          90.000            1.754e+00           1.646e+00              57.112          -1.434e+01              92.371           2.090e+01     
 178.000          90.000            1.764e+00           1.656e+00              56.963          -1.431e+01              91.119           2.113e+01     
 179.000          90.000            1.770e+00           1.661e+00              56.815          -1.428e+01              89.870           2.136e+01     
 180.000          90.000            1.773e+00           1.663e+00              56.667          -1.425e+01              88.623           2.160e+01     
 179.000         270.000            1.772e+00           1.661e+00             236.519          -1.422e+01             267.380           2.184e+01     
 178.000         270.000            1.767e+00           1.655e+00             236.370          -1.418e+01             266.141           2.209e+01     
 177.000         270.000            1.758e+00           1.646e+00             236.222          -1.415e+01             264.909           2.234e+01     
 176.000         270.000            1.746e+00           1.632e+00             236.073          -1.411e+01             263.683           2.260e+01     
 175.000         270.000            1.730e+00           1.615e+00             235.924          -1.407e+01             262.465           2.287e+01     
 174.000         270.000            1.711e+00           1.594e+00             235.776          -1.403e+01             261.255           2.315e+01     
 173.000         270.000            1.688e+00           1.569e+00             235.627          -1.399e+01             260.055           2.343e+01     
 172.000         270.000            1.661e+00           1.540e+00             235.478          -1.395e+01             258.866           2.372e+01     
 171.000         270.000            1.630e+00           1.507e+00             235.329          -1.391e+01             257.687           2.402e+01     
 170.000         270.000            1.596e+00           1.470e+00             235.181          -1.387e+01             256.520           2.434e+01     
 169.000         270.000            1.558e+00           1.430e+00             235.032          -1.382e+01             255.365           2.466e+01     
 168.000         270.000            1.516e+00           1.386e+00             234.883          -1.378e+01             254.223           2.499e+01     
 167.000         270.000            1.471e+00           1.337e+00             234.734          -1.373e+01             253.095           2.534e+01     
 166.000         270.000            1.421e+00           1.285e+00             234.585          -1.369e+01             251.981           2.571e+01     
 165.000         270.000            1.369e+00           1.229e+00             234.436          -1.364e+01             250.881           2.609e+01     
 164.000         270.000            1.312e+00           1.169e+00             234.286          -1.359e+01             249.796           2.649e+01     
 163.000         270.000            1.252e+00           1.106e+00             234.137          -1.355e+01             248.726           2.690e+01     
 162.000         270.000            1.188e+00           1.038e+00             233.988          -1.350e+01             247.672           2.734e+01     
 161.000         270.000            1.120e+00           9.662e-01             233.838          -1.345e+01             246.633           2.781e+01     
 160.000         270.000            1.049e+00           8.905e-01             233.689          -1.340e+01             245.610           2.830e+01     
 159.000         270.000            9.740e-01           8.108e-01             233.539          -1.336e+01             244.604           2.882e+01     
 158.000         270.000            8.952e-01           7.271e-01             233.389          -1.331e+01             243.614           2.938e+01     
 157.000         270.000            8.126e-01           6.394e-01             233.239          -1.327e+01             242.640           2.998e+01     
 156.000         270.000            7.264e-01           5.477e-01             233.089          -1.322e+01             241.682           3.063e+01     
 155.000         270.000            6.363e-01           4.519e-01             232.938          -1.317e+01             240.741           3.133e+01     
 154.000         270.000            5.425e-01           3.520e-01             232.787          -1.313e+01             239.817           3.210e+01     
 153.000         270.000            4.449e-01           2.479e-01             232.637          -1.309e+01             238.909           3.295e+01     
 152.000         270.000            3.436e-01           1.397e-01             232.485          -1.304e+01             238.017           3.390e+01     
 151.000         270.000            2.384e-01           2.729e-02             232.334          -1.300e+01             237.142           3.498e+01     
 150.000         270.000            1.294e-01          -8.935e-02             232.182          -1.296e+01             236.283           3.622e+01     
 149.000         270.000            1.658e-02          -2.103e-01             232.030          -1.292e+01             235.440           3.767e+01     
 148.000         270.000           -1.001e-01          -3.355e-01             231.877          -1.288e+01             234.614           3.943e+01     
 147.000         270.000           -2.206e-01          -4.651e-01             231.725          -1.284e+01             233.803           4.000e+01     
 146.000         270.000           -3.451e-01          -5.992e-01             231.571          -1.280e+01             233.008           4.000e+01     
 145.000         270.000           -4.735e-01          -7.378e-01             231.418          -1.276e+01             232.229           4.000e+01     
 144.000         270.000           -6.058e-01          -8.809e-01             231.263          -1.273e+01             231.465           4.000e+01     
 143.000         270.000           -7.421e-01          -1.029e+00             231.109          -1.269e+01             230.716           4.000e+01     
 142.000         270.000           -8.824e-01          -1.181e+00             230.953          -1.266e+01             229.983           4.000e+01     
 141.000         270.000           -1.027e+00          -1.338e+00             230.797          -1.262e+01             229.265           4.000e+01     
 140.000         270.000           -1.175e+00          -1.500e+00             230.641          -1.259e+01             228.561           4.000e+01     
 139.000         270.000           -1.328e+00          -1.668e+00             230.483          -1.256e+01             227.872           3.840e+01     
 138.000         270.000           -1.484e+00          -1.840e+00             230.325          -1.253e+01             227.198           3.666e+01     
 137.000         270.000           -1.645e+00          -2.017e+00             230.167          -1.250e+01             226.538           3.520e+01     
 136.000         270.000           -1.811e+00          -2.200e+00             230.007          -1.247e+01             225.892           3.393e+01     
 135.000         270.000           -1.980e+00          -2.389e+00             229.846          -1.245e+01             225.260           3.282e+01     
 134.000         270.000           -2.154e+00          -2.583e+00             229.685          -1.242e+01             224.642           3.181e+01     
 133.000         270.000           -2.332e+00          -2.783e+00             229.522          -1.240e+01             224.038           3.090e+01     
 132.000         270.000           -2.515e+00          -2.989e+00             229.358          -1.237e+01             223.447           3.007e+01     
 131.000         270.000           -2.703e+00          -3.201e+00             229.193          -1.235e+01             222.870           2.930e+01     
 130.000         270.000           -2.895e+00          -3.420e+00             229.026          -1.233e+01             222.306           2.858e+01     
 129.000         270.000           -3.092e+00          -3.645e+00             228.858          -1.231e+01             221.755           2.791e+01     
 128.000         270.000           -3.293e+00          -3.878e+00             228.689          -1.229e+01             221.217           2.729e+01     
 127.000         270.000           -3.500e+00          -4.118e+00             228.517          -1.227e+01             220.692           2.669e+01     
 126.000         270.000           -3.711e+00          -4.365e+00             228.344          -1.226e+01             220.179           2.613e+01     
 125.000         270.000           -3.928e+00          -4.621e+00             228.168          -1.224e+01             219.680           2.560e+01     
 124.000         270.000           -4.150e+00          -4.885e+00             227.990          -1.222e+01             219.193           2.509e+01     
 123.000         270.000           -4.377e+00          -5.158e+00             227.810          -1.221e+01             218.718           2.461e+01     
 122.000         270.000           -4.609e+00          -5.441e+00             227.627          -1.220e+01             218.256           2.415e+01     
 121.000         270.000           -4.847e+00          -5.733e+00             227.440          -1.218e+01             217.806           2.371e+01     
 120.000         270.000           -5.090e+00          -6.036e+00             227.250          -1.217e+01             217.369           2.330e+01     
 119.000         270.000           -5.338e+00          -6.351e+00             227.056          -1.216e+01             216.943           2.290e+01     
 118.000         270.000           -5.593e+00          -6.677e+00             226.857          -1.215e+01             216.530           2.252e+01     
 117.000         270.000           -5.853e+00          -7.017e+00             226.653          -1.214e+01             216.129           2.217e+01     
 116.000         270.000           -6.118e+00          -7.371e+00             226.444          -1.213e+01             215.740           2.183e+01     
 115.000         270.000           -6.389e+00          -7.739e+00             226.228          -1.212e+01             215.364           2.151e+01     
 114.000         270.000           -6.666e+00          -8.125e+00             226.005          -1.211e+01             214.999           2.122e+01     
 113.000         270.000           -6.948e+00          -8.528e+00             225.773          -1.211e+01             214.646           2.096e+01     
 112.000         270.000           -7.235e+00          -8.951e+00             225.531          -1.210e+01             214.305           2.072e+01     
 111.000         270.000           -7.527e+00          -9.395e+00             225.277          -1.209e+01             213.976           2.051e+01     
 110.000         270.000           -7.823e+00          -9.863e+00             225.010          -1.209e+01             213.659           2.034e+01     
 109.000         270.000           -8.124e+00          -1.036e+01             224.727          -1.208e+01             213.354           2.021e+01     
 108.000         270.000           -8.428e+00          -1.088e+01             224.425          -1.207e+01             213.060           2.013e+01     
 107.000         270.000           -8.734e+00          -1.144e+01             224.099          -1.207e+01             212.779           2.010e+01     
 106.000         270.000           -9.041e+00          -1.204e+01             223.745          -1.207e+01             212.510           2.014e+01     
 105.000         270.000           -9.348e+00          -1.268e+01             223.357          -1.206e+01             212.252           2.027e+01     
 104.000         270.000           -9.653e+00          -1.337e+01             222.924          -1.206e+01             212.007           2.049e+01     
 103.000         270.000           -9.954e+00          -1.412e+01             222.436          -1.205e+01             211.774           2.085e+01     
 102.000         270.000           -1.025e+01          -1.494e+01             221.875          -1.205e+01             211.552           2.136e+01     
 101.000         270.000           -1.053e+01          -1.584e+01             221.217          -1.205e+01             211.343           2.209e+01     
 100.000         270.000           -1.080e+01          -1.685e+01             220.426          -1.204e+01             211.145           2.310e+01     
  99.000         270.000           -1.106e+01          -1.799e+01             219.445          -1.204e+01             210.960           2.451e+01     
  98.000         270.000           -1.129e+01          -1.931e+01             218.182          -1.204e+01             210.786           2.655e+01     
  97.000         270.000           -1.150e+01          -2.085e+01             216.471          -1.204e+01             210.625           2.971e+01     
  96.000         270.000           -1.168e+01          -2.271e+01             213.992          -1.204e+01             210.476           3.563e+01     
  95.000         270.000           -1.182e+01          -2.505e+01             210.032          -1.203e+01             210.339           4.000e+01     
  94.000         270.000           -1.193e+01          -2.817e+01             202.681          -1.203e+01             210.214           3.399e+01     
  93.000         270.000           -1.199e+01          -3.251e+01             185.252          -1.203e+01             210.101           2.807e+01     
  92.000         270.000           -1.201e+01          -3.625e+01             136.102          -1.203e+01             210.000           2.457e+01     
  91.000         270.000           -1.199e+01          -3.256e+01              86.480          -1.203e+01             209.912           2.213e+01     
  90.000         270.000           -1.192e+01          -2.820e+01              68.834          -1.203e+01             209.836           2.032e+01     
  89.000         270.000           -1.181e+01          -2.506e+01              61.425          -1.202e+01             209.772           1.895e+01     
  88.000         270.000           -1.167e+01          -2.270e+01              57.448          -1.202e+01             209.720           1.789e+01     
  87.000         270.000           -1.148e+01          -2.082e+01              54.968          -1.202e+01             209.680           1.709e+01     
  86.000         270.000           -1.127e+01          -1.926e+01              53.264          -1.202e+01             209.653           1.650e+01     
  85.000         270.000           -1.103e+01          -1.794e+01              52.014          -1.202e+01             209.638           1.608e+01     
  84.000         270.000           -1.077e+01          -1.679e+01              51.051          -1.202e+01             209.636           1.579e+01     
  83.000         270.000           -1.049e+01          -1.577e+01              50.280          -1.202e+01             209.646           1.563e+01     
  82.000         270.000           -1.020e+01          -1.485e+01              49.646          -1.202e+01             209.668           1.556e+01     
  81.000         270.000           -9.894e+00          -1.402e+01              49.112          -1.202e+01             209.702           1.558e+01     
  80.000         270.000           -9.584e+00          -1.326e+01              48.654          -1.202e+01             209.749           1.567e+01     
  79.000         270.000           -9.269e+00          -1.256e+01              48.254          -1.202e+01             209.808           1.581e+01     
  78.000         270.000           -8.952e+00          -1.191e+01              47.901          -1.202e+01             209.880           1.600e+01     
  77.000         270.000           -8.634e+00          -1.130e+01              47.585          -1.202e+01             209.964           1.622e+01     
  76.000         270.000           -8.317e+00          -1.073e+01              47.300          -1.202e+01             210.060           1.649e+01     
  75.000         270.000           -8.002e+00          -1.019e+01              47.041          -1.202e+01             210.169           1.678e+01     
  74.000         270.000           -7.691e+00          -9.689e+00              46.804          -1.202e+01             210.290           1.709e+01     
  73.000         270.000           -7.383e+00          -9.211e+00              46.585          -1.202e+01             210.424           1.742e+01     
  72.000         270.000           -7.079e+00          -8.756e+00              46.383          -1.203e+01             210.570           1.777e+01     
  71.000         270.000           -6.781e+00          -8.322e+00              46.195          -1.203e+01             210.728           1.814e+01     
  70.000         270.000           -6.487e+00          -7.908e+00              46.020          -1.203e+01             210.899           1.851e+01     
  69.000         270.000           -6.199e+00          -7.512e+00              45.855          -1.203e+01             211.082           1.891e+01     
  68.000         270.000           -5.916e+00          -7.133e+00              45.701          -1.204e+01             211.278           1.931e+01     
  67.000         270.000           -5.639e+00          -6.769e+00              45.555          -1.204e+01             211.486           1.972e+01     
  66.000         270.000           -5.367e+00          -6.418e+00              45.418          -1.204e+01             211.707           2.015e+01     
  65.000         270.000           -5.101e+00          -6.081e+00              45.288          -1.205e+01             211.940           2.058e+01     
  64.000         270.000           -4.840e+00          -5.756e+00              45.166          -1.205e+01             212.186           2.103e+01     
  63.000         270.000           -4.585e+00          -5.442e+00              45.050          -1.206e+01             212.444           2.149e+01     
  62.000         270.000           -4.335e+00          -5.138e+00              44.939          -1.206e+01             212.715           2.196e+01     
  61.000         270.000           -4.091e+00          -4.845e+00              44.835          -1.207e+01             212.998           2.244e+01     
  60.000         270.000           -3.852e+00          -4.561e+00              44.736          -1.208e+01             213.294           2.294e+01     
  59.000         270.000           -3.618e+00          -4.285e+00              44.641          -1.208e+01             213.603           2.345e+01     
  58.000         270.000           -3.390e+00          -4.019e+00              44.552          -1.209e+01             213.924           2.398e+01     
  57.000         270.000           -3.166e+00          -3.760e+00              44.467          -1.210e+01             214.258           2.453e+01     
  56.000         270.000           -2.948e+00          -3.509e+00              44.387          -1.211e+01             214.605           2.510e+01     
  55.000         270.000           -2.734e+00          -3.265e+00              44.311          -1.212e+01             214.965           2.569e+01     
  54.000         270.000           -2.525e+00          -3.028e+00              44.238          -1.213e+01             215.338           2.630e+01     
  53.000         270.000           -2.320e+00          -2.798e+00              44.170          -1.215e+01             215.724           2.695e+01     
  52.000         270.000           -2.121e+00          -2.574e+00              44.105          -1.216e+01             216.122           2.763e+01     
  51.000         270.000           -1.925e+00          -2.356e+00              44.045          -1.217e+01             216.534           2.834e+01     
  50.000         270.000           -1.735e+00          -2.145e+00              43.987          -1.219e+01             216.959           2.910e+01     
  49.000         270.000           -1.548e+00          -1.939e+00              43.933          -1.221e+01             217.398           2.991e+01     
  48.000         270.000           -1.366e+00          -1.738e+00              43.883          -1.222e+01             217.850           3.079e+01     
  47.000         270.000           -1.189e+00          -1.544e+00              43.836          -1.224e+01             218.315           3.174e+01     
  46.000         270.000           -1.015e+00          -1.354e+00              43.792          -1.226e+01             218.794           3.278e+01     
  45.000         270.000           -8.459e-01          -1.170e+00              43.751          -1.228e+01             219.286           3.393e+01     
  44.000         270.000           -6.807e-01          -9.905e-01              43.714          -1.230e+01             219.793           3.523e+01     
  43.000         270.000           -5.196e-01          -8.161e-01              43.679          -1.232e+01             220.313           3.672e+01     
  42.000         270.000           -3.625e-01          -6.465e-01              43.648          -1.235e+01             220.848           3.849e+01     
  41.000         270.000           -2.094e-01          -4.817e-01              43.620          -1.237e+01             221.396           4.000e+01     
  40.000         270.000           -6.028e-02          -3.215e-01              43.594          -1.240e+01             221.959           4.000e+01     
  39.000         270.000            8.492e-02          -1.658e-01              43.572          -1.243e+01             222.537           4.000e+01     
  38.000         270.000            2.262e-01          -1.467e-02              43.552          -1.245e+01             223.129           4.000e+01     
  37.000         270.000            3.636e-01           1.321e-01              43.535          -1.248e+01             223.736           4.000e+01     
  36.000         270.000            4.972e-01           2.745e-01              43.522          -1.251e+01             224.358           4.000e+01     
  35.000         270.000            6.270e-01           4.125e-01              43.511          -1.254e+01             224.995           4.000e+01     
  34.000         270.000            7.529e-01           5.463e-01              43.502          -1.258e+01             225.647           4.000e+01     
  33.000         270.000            8.751e-01           6.760e-01              43.497          -1.261e+01             226.315           3.985e+01     
  32.000         270.000            9.934e-01           8.014e-01              43.494          -1.265e+01             226.998           3.811e+01     
  31.000         270.000            1.108e+00           9.227e-01              43.495          -1.268e+01             227.697           3.667e+01     
  30.000         270.000            1.219e+00           1.040e+00              43.497          -1.272e+01             228.411           3.546e+01     
  29.000         270.000            1.326e+00           1.153e+00              43.503          -1.276e+01             229.142           3.441e+01     
  28.000         270.000            1.429e+00           1.262e+00              43.511          -1.280e+01             229.889           3.348e+01     
  27.000         270.000            1.529e+00           1.367e+00              43.522          -1.284e+01             230.652           3.265e+01     
  26.000         270.000            1.625e+00           1.468e+00              43.536          -1.288e+01             231.431           3.190e+01     
  25.000         270.000            1.717e+00           1.565e+00              43.552          -1.292e+01             232.227           3.121e+01     
  24.000         270.000            1.806e+00           1.659e+00              43.572          -1.296e+01             233.040           3.059e+01     
  23.000         270.000            1.891e+00           1.748e+00              43.593          -1.301e+01             233.869           3.001e+01     
  22.000         270.000            1.972e+00           1.833e+00              43.618          -1.305e+01             234.715           2.947e+01     
  21.000         270.000            2.049e+00           1.915e+00              43.645          -1.310e+01             235.578           2.896e+01     
  20.000         270.000            2.123e+00           1.992e+00              43.674          -1.315e+01             236.458           2.849e+01     
  19.000         270.000            2.193e+00           2.066e+00              43.707          -1.319e+01             237.354           2.804e+01     
  18.000         270.000            2.260e+00           2.135e+00              43.741          -1.324e+01             238.268           2.762e+01     
  17.000         270.000            2.322e+00           2.201e+00              43.779          -1.329e+01             239.198           2.722e+01     
  16.000         270.000            2.381e+00           2.263e+00              43.819          -1.334e+01             240.145           2.684e+01     
  15.000         270.000            2.437e+00           2.322e+00              43.862          -1.339e+01             241.109           2.648e+01     
  14.000         270.000            2.488e+00           2.376e+00              43.907          -1.344e+01             242.089           2.613e+01     
  13.000         270.000            2.536e+00           2.426e+00              43.955          -1.349e+01             243.086           2.580e+01     
  12.000         270.000            2.580e+00           2.473e+00              44.005          -1.353e+01             244.098           2.548e+01     
  11.000         270.000            2.621e+00           2.516e+00              44.059          -1.358e+01             245.127           2.517e+01     
  10.000         270.000            2.658e+00           2.555e+00              44.114          -1.363e+01             246.171           2.487e+01     
   9.000         270.000            2.691e+00           2.590e+00              44.172          -1.368e+01             247.231           2.459e+01     
   8.000         270.000            2.720e+00           2.621e+00              44.233          -1.373e+01             248.306           2.431e+01     
   7.000         270.000            2.746e+00           2.649e+00              44.296          -1.378e+01             249.395           2.404e+01     
   6.000         270.000            2.768e+00           2.672e+00              44.362          -1.383e+01             250.498           2.378e+01     
   5.000         270.000            2.787e+00           2.692e+00              44.430          -1.388e+01             251.615           2.352e+01     
   4.000         270.000            2.801e+00           2.708e+00              44.500          -1.392e+01             252.745           2.328e+01     
   3.000         270.000            2.812e+00           2.720e+00              44.573          -1.397e+01             253.887           2.303e+01     
   2.000         270.000            2.819e+00           2.729e+00              44.649          -1.402e+01             255.042           2.280e+01     
   1.000         270.000            2.823e+00           2.733e+00              44.727          -1.406e+01             256.207           2.257e+01     
