#Parameters = {A_R=0.4; A_i=0; A_j=-65; A_k=0; PVA_i=-13.2; PVA_j=37; PVA_k=0}
#"Frequency / MHz"	"S1,1 [Magnitude]"
#------------------------------------
500.00000000000	-0.0064971048313568
502.50000000000	-0.014485652120950
505.00000000000	-0.022400875036173
507.50000000000	-0.030209513104634
510.00000000000	-0.037883270197462
512.50000000000	-0.045391562707755
515.00000000000	-0.052709876279705
517.50000000000	-0.059810847451504
520.00000000000	-0.066670851009665
522.50000000000	-0.073266583887059
525.00000000000	-0.079577956498642
527.50000000000	-0.085585797160224
530.00000000000	-0.091271460044176
532.50000000000	-0.096621569368976
535.00000000000	-0.10162100742020
537.50000000000	-0.10625818853199
540.00000000000	-0.11052265475110
542.50000000000	-0.11440743956098
545.00000000000	-0.11790565057497
547.50000000000	-0.12101288438608
550.00000000000	-0.12372778542601
552.50000000000	-0.12604819630644
555.00000000000	-0.12797669326957
557.50000000000	-0.12951515202603
560.00000000000	-0.13066711999368
562.50000000000	-0.13143999908900
565.00000000000	-0.13183993108228
567.50000000000	-0.13187682457462
570.00000000000	-0.13156083377692
572.50000000000	-0.13090092762175
575.00000000000	-0.12991215636241
577.50000000000	-0.12860574959555
580.00000000000	-0.12699851958473
582.50000000000	-0.12510371093922
585.00000000000	-0.12293816437702
587.50000000000	-0.12051839334240
590.00000000000	-0.11786095740190
592.50000000000	-0.11498366972641
595.00000000000	-0.11190381101944
597.50000000000	-0.10864058845430
600.00000000000	-0.10521139624151
602.50000000000	-0.10163410513323
605.00000000000	-0.097928967871248
607.50000000000	-0.094114051953638
610.00000000000	-0.090204515406285
612.50000000000	-0.086221297765226
615.00000000000	-0.082182539927734
617.50000000000	-0.078103213632774
620.00000000000	-0.074001153688796
622.50000000000	-0.069891902111302
625.00000000000	-0.065793359840324
627.50000000000	-0.061721095945419
630.00000000000	-0.057687777943343
632.50000000000	-0.053709777473694
635.00000000000	-0.049797569933154
637.50000000000	-0.045967728520951
640.00000000000	-0.042232175091542
642.50000000000	-0.038602079796752
645.00000000000	-0.035087344571403
647.50000000000	-0.031698471809393
650.00000000000	-0.028447789613615
652.50000000000	-0.025341259235547
655.00000000000	-0.022386545706187
657.50000000000	-0.019592804962881
660.00000000000	-0.016967912464831
662.50000000000	-0.014516634364715
665.00000000000	-0.012244327850545
667.50000000000	-0.010155494074018
670.00000000000	-0.0082549196394969
672.50000000000	-0.0065462302122679
675.00000000000	-0.0050309271607256
677.50000000000	-0.0037138612048006
680.00000000000	-0.0025958200011000
682.50000000000	-0.0016762181443050
685.00000000000	-0.00095725340173326
687.50000000000	-0.00043980086845537
690.00000000000	-0.00011988604423544
692.50000000000	-4.5141668833008e-07
695.00000000000	-7.8796092799190e-05
697.50000000000	-0.00035249583381944
700.00000000000	-0.00081994978484575
702.50000000000	-0.0014779867357662
705.00000000000	-0.0023228398698357
707.50000000000	-0.0033524877988951
710.00000000000	-0.0045637247913215
712.50000000000	-0.0059507223876558
715.00000000000	-0.0075072728179380
717.50000000000	-0.0092315502096818
720.00000000000	-0.011117852788006
722.50000000000	-0.013161129925775
725.00000000000	-0.015352971319259
727.50000000000	-0.017690320643625
730.00000000000	-0.020166235384726
732.50000000000	-0.022772280072603
735.00000000000	-0.025504579460786
737.50000000000	-0.028355071252621
740.00000000000	-0.031317540886736
742.50000000000	-0.034383354440677
745.00000000000	-0.037543961225538
747.50000000000	-0.040796799814162
750.00000000000	-0.044129183459715
752.50000000000	-0.047536044224381
755.00000000000	-0.051008166346949
757.50000000000	-0.054537187789436
760.00000000000	-0.058116058929144
762.50000000000	-0.061737622369445
765.00000000000	-0.065390593443449
767.50000000000	-0.069068603852986
770.00000000000	-0.072764634784651
772.50000000000	-0.076467995246694
775.00000000000	-0.080169390967558
777.50000000000	-0.083865556302802
780.00000000000	-0.087543990832446
782.50000000000	-0.091195579756680
785.00000000000	-0.094816142248039
787.50000000000	-0.098396654671211
790.00000000000	-0.10192641640961
792.50000000000	-0.10540087043131
795.00000000000	-0.10881182878075
797.50000000000	-0.11215063899087
800.00000000000	-0.11541070449476
802.50000000000	-0.11858545544019
805.00000000000	-0.12166810843147
807.50000000000	-0.12465296744310
810.00000000000	-0.12753251201254
812.50000000000	-0.13030099901788
815.00000000000	-0.13295390690748
817.50000000000	-0.13548544616568
820.00000000000	-0.13789086786602
822.50000000000	-0.14016639755920
825.00000000000	-0.14230791459440
827.50000000000	-0.14431144406506
830.00000000000	-0.14617494288574
832.50000000000	-0.14789574408054
835.00000000000	-0.14947177451176
837.50000000000	-0.15090086399181
840.00000000000	-0.15218211105709
842.50000000000	-0.15331669333241
845.00000000000	-0.15430209250645
847.50000000000	-0.15514069300102
850.00000000000	-0.15583427517485
852.50000000000	-0.15638243274797
855.00000000000	-0.15678882856137
857.50000000000	-0.15705609978279
860.00000000000	-0.15718744377178
862.50000000000	-0.15718788895322
865.00000000000	-0.15705953626046
867.50000000000	-0.15680964411720
870.00000000000	-0.15644295515002
872.50000000000	-0.15596490922787
875.00000000000	-0.15538167545353
877.50000000000	-0.15470223532083
880.00000000000	-0.15393227595026
882.50000000000	-0.15308013494372
885.00000000000	-0.15215343523094
887.50000000000	-0.15116091582044
890.00000000000	-0.15011099125308
892.50000000000	-0.14901448515625
895.00000000000	-0.14787836938113
897.50000000000	-0.14671493527525
900.00000000000	-0.14553091666470
902.50000000000	-0.14433905700717
905.00000000000	-0.14314657359447
907.50000000000	-0.14196712371700
910.00000000000	-0.14080845989397
912.50000000000	-0.13968113444304
915.00000000000	-0.13859511825181
917.50000000000	-0.13756019702748
920.00000000000	-0.13658862543235
922.50000000000	-0.13568649927837
925.00000000000	-0.13486542145094
927.50000000000	-0.13413488024897
930.00000000000	-0.13350394054870
932.50000000000	-0.13297875376702
935.00000000000	-0.13257147147844
937.50000000000	-0.13228680401723
940.00000000000	-0.13213557114998
942.50000000000	-0.13212037242499
945.00000000000	-0.13225055270968
947.50000000000	-0.13253206252569
950.00000000000	-0.13296990634787
952.50000000000	-0.13356861041588
955.00000000000	-0.13433297363019
957.50000000000	-0.13526599362001
960.00000000000	-0.13637083954639
962.50000000000	-0.13765069526314
965.00000000000	-0.13910532034617
967.50000000000	-0.14073796854049
970.00000000000	-0.14254776799057
972.50000000000	-0.14453269450391
975.00000000000	-0.14669440570678
977.50000000000	-0.14902958430890
980.00000000000	-0.15153590153132
982.50000000000	-0.15420980121130
985.00000000000	-0.15704727138099
987.50000000000	-0.16004474229610
990.00000000000	-0.16319468168243
992.50000000000	-0.16649317941854
995.00000000000	-0.16993304398267
997.50000000000	-0.17350525337960
1000.0000000000	-0.17720472515956
1002.5000000000	-0.18102207076047
1005.0000000000	-0.18494704905571
1007.5000000000	-0.18897156522262
1010.0000000000	-0.19308518569767
1012.5000000000	-0.19727638278998
1015.0000000000	-0.20153665206385
1017.5000000000	-0.20585433844814
1020.0000000000	-0.21021655776142
1022.5000000000	-0.21461269836829
1025.0000000000	-0.21903233793952
1027.5000000000	-0.22346144499201
1030.0000000000	-0.22788717115722
1032.5000000000	-0.23229919529623
1035.0000000000	-0.23668473111698
1037.5000000000	-0.24103007944636
1040.0000000000	-0.24532541991431
1042.5000000000	-0.24955770955069
1045.0000000000	-0.25371563599931
1047.5000000000	-0.25778797997866
1050.0000000000	-0.26176191906302
1052.5000000000	-0.26562919073762
1055.0000000000	-0.26937791650079
1057.5000000000	-0.27299887777123
1060.0000000000	-0.27648136859440
1062.5000000000	-0.27981878603708
1065.0000000000	-0.28300079259618
1067.5000000000	-0.28602104939017
1070.0000000000	-0.28887225815124
1072.5000000000	-0.29154846489965
1075.0000000000	-0.29404397355724
1077.5000000000	-0.29635386839734
1080.0000000000	-0.29847478968056
1082.5000000000	-0.30040327073882
1085.0000000000	-0.30213780380224
1087.5000000000	-0.30367587944024
1090.0000000000	-0.30501681667583
1092.5000000000	-0.30616240177308
1095.0000000000	-0.30711216599314
1097.5000000000	-0.30786801905955
1100.0000000000	-0.30843312586195
1102.5000000000	-0.30881191994370
1105.0000000000	-0.30900594872306
1107.5000000000	-0.30902301875570
1110.0000000000	-0.30886772986043
1112.5000000000	-0.30854680349420
1115.0000000000	-0.30806689311134
1117.5000000000	-0.30743597179638
1120.0000000000	-0.30666211165337
1122.5000000000	-0.30575352917155
1125.0000000000	-0.30471956171145
1127.5000000000	-0.30357235494220
1130.0000000000	-0.30232012910203
1132.5000000000	-0.30097180173791
1135.0000000000	-0.29954100414124
1137.5000000000	-0.29803611543400
1140.0000000000	-0.29646922980502
1142.5000000000	-0.29485360954318
1145.0000000000	-0.29319575526624
1147.5000000000	-0.29151228826218
1150.0000000000	-0.28980986703874
1152.5000000000	-0.28810199204632
1155.0000000000	-0.28639997043535
1157.5000000000	-0.28471107915338
1160.0000000000	-0.28304962372203
1162.5000000000	-0.28142399433143
1165.0000000000	-0.27984303206317
1167.5000000000	-0.27831743714394
1170.0000000000	-0.27685431268246
1172.5000000000	-0.27546424968545
1175.0000000000	-0.27415290783912
1177.5000000000	-0.27292711516606
1180.0000000000	-0.27179592654213
1182.5000000000	-0.27076302742601
1185.0000000000	-0.26983516222373
1187.5000000000	-0.26901464599418
1190.0000000000	-0.26830797479177
1192.5000000000	-0.26771571275849
1195.0000000000	-0.26724147254809
1197.5000000000	-0.26688749391516
1200.0000000000	-0.26665342652709
1202.5000000000	-0.26653963215643
1205.0000000000	-0.26654661970042
1207.5000000000	-0.26667144852017
1210.0000000000	-0.26691203827058
1212.5000000000	-0.26726807893565
1215.0000000000	-0.26773266307778
1217.5000000000	-0.26830285931863
1220.0000000000	-0.26897435432917
1222.5000000000	-0.26974131596523
1225.0000000000	-0.27059679664538
1227.5000000000	-0.27153653217244
1230.0000000000	-0.27254946870448
1232.5000000000	-0.27363178918429
1235.0000000000	-0.27477231546172
1237.5000000000	-0.27596522686650
1240.0000000000	-0.27719869295659
1242.5000000000	-0.27846408062854
1245.0000000000	-0.27975395359785
1247.5000000000	-0.28105627861417
1250.0000000000	-0.28236195298529
1252.5000000000	-0.28366259520346
1255.0000000000	-0.28494401584925
1257.5000000000	-0.28620010820068
1260.0000000000	-0.28741818429025
1262.5000000000	-0.28858969481667
1265.0000000000	-0.28970605461768
1267.5000000000	-0.29075477604580
1270.0000000000	-0.29172901924038
1272.5000000000	-0.29261928473321
1275.0000000000	-0.29341642555911
1277.5000000000	-0.29411316828051
1280.0000000000	-0.29470042655284
1282.5000000000	-0.29517404329488
1285.0000000000	-0.29552382959786
1287.5000000000	-0.29574723354415
1290.0000000000	-0.29583715734422
1292.5000000000	-0.29578920985108
1295.0000000000	-0.29559950474851
1297.5000000000	-0.29526522554613
1300.0000000000	-0.29478465380049
1302.5000000000	-0.29415408162438
1305.0000000000	-0.29337618730673
1307.5000000000	-0.29244816748501
1310.0000000000	-0.29137114987002
1312.5000000000	-0.29014716509517
1315.0000000000	-0.28877878535262
1317.5000000000	-0.28726838626769
1320.0000000000	-0.28562111023408
1322.5000000000	-0.28384132469216
1325.0000000000	-0.28193342730934
1327.5000000000	-0.27990474905328
1330.0000000000	-0.27776163118328
1332.5000000000	-0.27551224092898
1335.0000000000	-0.27316268569129
1337.5000000000	-0.27072360121821
1340.0000000000	-0.26820300531577
1342.5000000000	-0.26561237981717
1345.0000000000	-0.26295858274661
1347.5000000000	-0.26025397420646
1350.0000000000	-0.25750950536418
1352.5000000000	-0.25473590659485
1355.0000000000	-0.25194402216077
1357.5000000000	-0.24914564790261
1360.0000000000	-0.24635065134182
1362.5000000000	-0.24357404330824
1365.0000000000	-0.24082316712085
1367.5000000000	-0.23811269785637
1370.0000000000	-0.23545127558913
1372.5000000000	-0.23285227017558
1375.0000000000	-0.23032468541555
1377.5000000000	-0.22787962424260
1380.0000000000	-0.22552924190815
1382.5000000000	-0.22328039238844
1385.0000000000	-0.22114315340532
1387.5000000000	-0.21912768189897
1390.0000000000	-0.21724105303877
1392.5000000000	-0.21549205530687
1395.0000000000	-0.21388538458702
1397.5000000000	-0.21243015786293
1400.0000000000	-0.21113140483340
1402.5000000000	-0.20999399602920
1405.0000000000	-0.20902173759468
1407.5000000000	-0.20821830991135
1410.0000000000	-0.20758814222074
1412.5000000000	-0.20713062859661
1415.0000000000	-0.20684861850474
1417.5000000000	-0.20674205681213
1420.0000000000	-0.20681010539323
1422.5000000000	-0.20705113975711
1425.0000000000	-0.20746592822270
1427.5000000000	-0.20804754036268
1430.0000000000	-0.20879460225954
1432.5000000000	-0.20970279379257
1435.0000000000	-0.21076482030997
1437.5000000000	-0.21197836510035
1440.0000000000	-0.21333282212989
1442.5000000000	-0.21482299039911
1445.0000000000	-0.21644065973544
1447.5000000000	-0.21817662043682
1450.0000000000	-0.22002282178964
1452.5000000000	-0.22196803829430
1455.0000000000	-0.22400370269699
1457.5000000000	-0.22611699555085
1460.0000000000	-0.22829871737374
1462.5000000000	-0.23053746826248
1465.0000000000	-0.23281956015783
1467.5000000000	-0.23513650358352
1470.0000000000	-0.23747318960485
1472.5000000000	-0.23981957655432
1475.0000000000	-0.24216224544585
1477.5000000000	-0.24449052894457
1480.0000000000	-0.24679091272167
1482.5000000000	-0.24905272698942
1485.0000000000	-0.25126477093471
1487.5000000000	-0.25341342219664
1490.0000000000	-0.25549052391028
1492.5000000000	-0.25748315887319
1495.0000000000	-0.25938323541856
1497.5000000000	-0.26117853122116
1500.0000000000	-0.26286544492817
1502.5000000000	-0.26442954790565
1505.0000000000	-0.26586741769956
1507.5000000000	-0.26716944027835
1510.0000000000	-0.26833116381396
1512.5000000000	-0.26934750248560
1515.0000000000	-0.27021215505585
1517.5000000000	-0.27092518525397
1520.0000000000	-0.27147980683235
1522.5000000000	-0.27187668529355
1525.0000000000	-0.27211521072454
1527.5000000000	-0.27219447097853
1530.0000000000	-0.27211735074259
1532.5000000000	-0.27188379447737
1535.0000000000	-0.27149879121092
1537.5000000000	-0.27096415883240
1540.0000000000	-0.27028842723611
1542.5000000000	-0.26947458210560
1545.0000000000	-0.26853022145427
1547.5000000000	-0.26746357292442
1550.0000000000	-0.26628210415009
1552.5000000000	-0.26499644907784
1555.0000000000	-0.26361483403521
1557.5000000000	-0.26215042789198
1560.0000000000	-0.26061204814007
1562.5000000000	-0.25901268012525
1565.0000000000	-0.25736520323002
1567.5000000000	-0.25568112708830
1570.0000000000	-0.25397420924573
1572.5000000000	-0.25225924556630
1575.0000000000	-0.25055065468838
1577.5000000000	-0.24886055137882
1580.0000000000	-0.24720327996285
1582.5000000000	-0.24559381473181
1585.0000000000	-0.24404806812306
1587.5000000000	-0.24257779465544
1590.0000000000	-0.24119861941633
1592.5000000000	-0.23992184706469
1595.0000000000	-0.23876465606519
1597.5000000000	-0.23773939194701
1600.0000000000	-0.23685673075575
1602.5000000000	-0.23613200435767
1605.0000000000	-0.23557596678430
1607.5000000000	-0.23519939418118
1610.0000000000	-0.23501257213761
1612.5000000000	-0.23502694798241
1615.0000000000	-0.23525128496663
1617.5000000000	-0.23569408812567
1620.0000000000	-0.23636234804508
1622.5000000000	-0.23726391937438
1625.0000000000	-0.23840381085548
1627.5000000000	-0.23978741186712
1630.0000000000	-0.24141950845373
1632.5000000000	-0.24330149726048
1635.0000000000	-0.24543742335181
1637.5000000000	-0.24782798325255
1640.0000000000	-0.25047152231492
1642.5000000000	-0.25336878236925
1645.0000000000	-0.25651902895660
1647.5000000000	-0.25991670156153
1650.0000000000	-0.26356029931733
1652.5000000000	-0.26744370254172
1655.0000000000	-0.27156125751753
1657.5000000000	-0.27590616682897
1660.0000000000	-0.28047245865380
1662.5000000000	-0.28524837980337
1665.0000000000	-0.29022694548155
1667.5000000000	-0.29539897125921
1670.0000000000	-0.30075047836100
1672.5000000000	-0.30627297699319
1675.0000000000	-0.31195234867466
1677.5000000000	-0.31777731948435
1680.0000000000	-0.32373361392122
1682.5000000000	-0.32980792174491
1685.0000000000	-0.33598636475568
1687.5000000000	-0.34225410695032
1690.0000000000	-0.34859829189070
1692.5000000000	-0.35500072002749
1695.0000000000	-0.36145034468059
1697.5000000000	-0.36793135416757
1700.0000000000	-0.37442805044978
1702.5000000000	-0.38092634074739
1705.0000000000	-0.38741472758134
1707.5000000000	-0.39387710274601
1710.0000000000	-0.40030042030506
1712.5000000000	-0.40667190651530
1715.0000000000	-0.41298169548501
1717.5000000000	-0.41921711744657
1720.0000000000	-0.42536687972643
1722.5000000000	-0.43142396953680
1725.0000000000	-0.43737868086472
1727.5000000000	-0.44322353361658
1730.0000000000	-0.44895167302878
1732.5000000000	-0.45455894734390
1735.0000000000	-0.46004185756553
1737.5000000000	-0.46539749021585
1740.0000000000	-0.47062601505556
1742.5000000000	-0.47572415852186
1745.0000000000	-0.48069867335057
1747.5000000000	-0.48555005165642
1750.0000000000	-0.49028340376063
1752.5000000000	-0.49490509194026
1755.0000000000	-0.49942188158314
1757.5000000000	-0.50384557825102
1760.0000000000	-0.50818546084897
1762.5000000000	-0.51245344744835
1765.0000000000	-0.51666384540550
1767.5000000000	-0.52083373374576
1770.0000000000	-0.52497799431440
1772.5000000000	-0.52911428375993
1775.0000000000	-0.53326320640414
1777.5000000000	-0.53744501456034
1780.0000000000	-0.54168150216925
1782.5000000000	-0.54599567507899
1785.0000000000	-0.55041202364082
1787.5000000000	-0.55495551063674
1790.0000000000	-0.55965103234581
1792.5000000000	-0.56452678144941
1795.0000000000	-0.56961060597536
1797.5000000000	-0.57492992617031
1800.0000000000	-0.58051341428128
1802.5000000000	-0.58639036980132
1805.0000000000	-0.59259163063903
1807.5000000000	-0.59914646547910
1810.0000000000	-0.60608408732705
1812.5000000000	-0.61343430680001
1815.0000000000	-0.62123019554080
1817.5000000000	-0.62949999549461
1820.0000000000	-0.63827208600613
1822.5000000000	-0.64757879160589
1825.0000000000	-0.65744820215782
1827.5000000000	-0.66790971966315
1830.0000000000	-0.67899052317199
1832.5000000000	-0.69071804202562
1835.0000000000	-0.70312096363373
1837.5000000000	-0.71622392437897
1840.0000000000	-0.73005199031352
1842.5000000000	-0.74463061779556
1845.0000000000	-0.75998148364474
1847.5000000000	-0.77612750366102
1850.0000000000	-0.79309112709725
1852.5000000000	-0.81088777284641
1855.0000000000	-0.82953966115192
1857.5000000000	-0.84906142910414
1860.0000000000	-0.86947006254434
1862.5000000000	-0.89077908462795
1865.0000000000	-0.91300042820238
1867.5000000000	-0.93614473178300
1870.0000000000	-0.96022132102903
1872.5000000000	-0.98523825050757
1875.0000000000	-1.0112001407612
1877.5000000000	-1.0381108091097
1880.0000000000	-1.0659726147032
1882.5000000000	-1.0947851136372
1885.0000000000	-1.1245455050469
1887.5000000000	-1.1552497786977
1890.0000000000	-1.1868921587119
1892.5000000000	-1.2194646434483
1895.0000000000	-1.2529555376116
1897.5000000000	-1.2873530768478
1900.0000000000	-1.3226429850198
1902.5000000000	-1.3588058211386
1905.0000000000	-1.3958250061647
1907.5000000000	-1.4336780164491
1910.0000000000	-1.4723404360643
1912.5000000000	-1.5117867208721
1915.0000000000	-1.5519872675943
1917.5000000000	-1.5929132302404
1920.0000000000	-1.6345300858445
1922.5000000000	-1.6768041276978
1925.0000000000	-1.7196949428256
1927.5000000000	-1.7631682843593
1930.0000000000	-1.8071760172585
1932.5000000000	-1.8516799971315
1935.0000000000	-1.8966296385145
1937.5000000000	-1.9419808059860
1940.0000000000	-1.9876819381014
1942.5000000000	-2.0336830059696
1945.0000000000	-2.0799304994619
1947.5000000000	-2.1263679653495
1950.0000000000	-2.1729432909518
1952.5000000000	-2.2195983128343
1955.0000000000	-2.2662736230992
1957.5000000000	-2.3129107938881
1960.0000000000	-2.3594519897925
1962.5000000000	-2.4058352814346
1965.0000000000	-2.4520019514447
1967.5000000000	-2.4978921453530
1970.0000000000	-2.5434454883862
1972.5000000000	-2.5886028482380
1975.0000000000	-2.6333065976234
1977.5000000000	-2.6774987610098
1980.0000000000	-2.7211230306036
1982.5000000000	-2.7641266540292
1985.0000000000	-2.8064550243408
1987.5000000000	-2.8480586707671
1990.0000000000	-2.8888916576305
1992.5000000000	-2.9289055644707
1995.0000000000	-2.9680610964479
1997.5000000000	-3.0063180048738
2000.0000000000	-3.0436403076338
2002.5000000000	-3.0799957258189
2005.0000000000	-3.1153588781225
2007.5000000000	-3.1497022165376
2010.0000000000	-3.1830065285197
2012.5000000000	-3.2152574328153
2015.0000000000	-3.2464402861677
2017.5000000000	-3.2765490527259
2020.0000000000	-3.3055815237925
2022.5000000000	-3.3335372370975
2025.0000000000	-3.3604225099805
2027.5000000000	-3.3862472914245
2030.0000000000	-3.4110239740668
2032.5000000000	-3.4347719785662
2035.0000000000	-3.4575108047343
2037.5000000000	-3.4792677607461
2040.0000000000	-3.5000683212874
2042.5000000000	-3.5199463882268
2045.0000000000	-3.5389370393324
2047.5000000000	-3.5570729470995
2050.0000000000	-3.5743979768930
2052.5000000000	-3.5909523612089
2055.0000000000	-3.6067803851581
2057.5000000000	-3.6219228146388
2060.0000000000	-3.6364288442275
2062.5000000000	-3.6503456263480
2065.0000000000	-3.6637188446746
2067.5000000000	-3.6765947094367
2070.0000000000	-3.6890211179815
2072.5000000000	-3.7010484902227
2075.0000000000	-3.7127183742785
2077.5000000000	-3.7240774204288
2080.0000000000	-3.7351711878158
2082.5000000000	-3.7460405802406
2085.0000000000	-3.7567272981626
2087.5000000000	-3.7672708616928
2090.0000000000	-3.7777069026367
2092.5000000000	-3.7880704218779
2095.0000000000	-3.7983932948520
2097.5000000000	-3.8087050008418
2100.0000000000	-3.8190329003999
2102.5000000000	-3.8294011074025
2105.0000000000	-3.8398306366845
2107.5000000000	-3.8503371793775
2110.0000000000	-3.8609366678672
2112.5000000000	-3.8716409539100
2115.0000000000	-3.8824573885801
2117.5000000000	-3.8933904045858
2120.0000000000	-3.9044414020930
2122.5000000000	-3.9156082714361
2125.0000000000	-3.9268862455796
2127.5000000000	-3.9382666453120
2130.0000000000	-3.9497391538366
2132.5000000000	-3.9612855885294
2135.0000000000	-3.9728901247064
2137.5000000000	-3.9845322103210
2140.0000000000	-3.9961864951136
2142.5000000000	-4.0078269074602
2145.0000000000	-4.0194239333696
2147.5000000000	-4.0309455772022
2150.0000000000	-4.0423572559145
2152.5000000000	-4.0536238042654
2155.0000000000	-4.0647091759880
2157.5000000000	-4.0755690151144
2160.0000000000	-4.0861634925383
2162.5000000000	-4.0964505261550
2165.0000000000	-4.1063855643212
2167.5000000000	-4.1159252194104
2170.0000000000	-4.1250240719645
2172.5000000000	-4.1336364359796
2175.0000000000	-4.1417177927865
2177.5000000000	-4.1492247051935
2180.0000000000	-4.1561099918432
2182.5000000000	-4.1623341678037
2185.0000000000	-4.1678525468311
2187.5000000000	-4.1726240992147
2190.0000000000	-4.1766140283071
2192.5000000000	-4.1797830454069
2195.0000000000	-4.1820977097527
2197.5000000000	-4.1835258903638
2200.0000000000	-4.1840378096734
2202.5000000000	-4.1836101897215
2205.0000000000	-4.1822194182829
2207.5000000000	-4.1798456579013
2210.0000000000	-4.1764737009556
2212.5000000000	-4.1720922170379
2215.0000000000	-4.1666911195027
2217.5000000000	-4.1602666025307
2220.0000000000	-4.1528196561613
2222.5000000000	-4.1443518256607
2225.0000000000	-4.1348696746572
2227.5000000000	-4.1243849626932
2230.0000000000	-4.1129136526858
2232.5000000000	-4.1004706827321
2235.0000000000	-4.0870791566284
2237.5000000000	-4.0727641842505
2240.0000000000	-4.0575527251744
2242.5000000000	-4.0414776998221
2245.0000000000	-4.0245715585666
2247.5000000000	-4.0068689426007
2250.0000000000	-3.9884105450341
2252.5000000000	-3.9692349411470
2255.0000000000	-3.9493833828643
2257.5000000000	-3.9289026412750
2260.0000000000	-3.9078354839063
2262.5000000000	-3.8862278308104
2265.0000000000	-3.8641261351669
2267.5000000000	-3.8415755529601
2270.0000000000	-3.8186253028689
2272.5000000000	-3.7953197258399
2275.0000000000	-3.7717075116414
2277.5000000000	-3.7478327645435
2280.0000000000	-3.7237421997873
2282.5000000000	-3.6994774535687
2285.0000000000	-3.6750831400544
2287.5000000000	-3.6505992036714
2290.0000000000	-3.6260672713318
2292.5000000000	-3.6015235873516
2295.0000000000	-3.5770064501170
2297.5000000000	-3.5525489745977
2300.0000000000	-3.5281825096867
2302.5000000000	-3.5039381625398
2305.0000000000	-3.4798446087391
2307.5000000000	-3.4559253713002
2310.0000000000	-3.4322040363147
2312.5000000000	-3.4087032606235
2315.0000000000	-3.3854377939469
2317.5000000000	-3.3624270646168
2320.0000000000	-3.3396823118753
2322.5000000000	-3.3172149116945
2325.0000000000	-3.2950334082733
2327.5000000000	-3.2731438336684
2330.0000000000	-3.2515513487594
2332.5000000000	-3.2302555036165
2335.0000000000	-3.2092564759373
2337.5000000000	-3.1885493201284
2340.0000000000	-3.1681334830033
2342.5000000000	-3.1479980214660
2345.0000000000	-3.1281357849515
2347.5000000000	-3.1085354392292
2350.0000000000	-3.0891845467064
2352.5000000000	-3.0700697141227
2355.0000000000	-3.0511757945123
2357.5000000000	-3.0324869080788
2360.0000000000	-3.0139839673539
2362.5000000000	-2.9956453958906
2365.0000000000	-2.9774573037484
2367.5000000000	-2.9593960784186
2370.0000000000	-2.9414405095346
2372.5000000000	-2.9235685691546
2375.0000000000	-2.9057603131647
2377.5000000000	-2.8879922263608
2380.0000000000	-2.8702458390948
2382.5000000000	-2.8524952716020
2385.0000000000	-2.8347208398099
2387.5000000000	-2.8169019117784
2390.0000000000	-2.7990198762222
2392.5000000000	-2.7810515229053
2395.0000000000	-2.7629831075351
2397.5000000000	-2.7447941860157
2400.0000000000	-2.7264700167696
2402.5000000000	-2.7079962545757
2405.0000000000	-2.6893578876114
2407.5000000000	-2.6705444497222
2410.0000000000	-2.6515448970724
2412.5000000000	-2.6323516680281
2415.0000000000	-2.6129586126060
2417.5000000000	-2.5933600075478
2420.0000000000	-2.5735528641026
2422.5000000000	-2.5535350854527
2425.0000000000	-2.5333098376934
2427.5000000000	-2.5128791712702
2430.0000000000	-2.4922473707678
2432.5000000000	-2.4714218032837
2435.0000000000	-2.4504112627112
2437.5000000000	-2.4292260708098
2440.0000000000	-2.4078778258772
2442.5000000000	-2.3863819258094
2445.0000000000	-2.3647531980076
2447.5000000000	-2.3430083840708
2450.0000000000	-2.3211684066378
2452.5000000000	-2.2992516627037
2455.0000000000	-2.2772813636948
2457.5000000000	-2.2552774664885
2460.0000000000	-2.2332669065923
2462.5000000000	-2.2112710880868
2465.0000000000	-2.1893193938004
2467.5000000000	-2.1674345760620
2470.0000000000	-2.1456459840282
2472.5000000000	-2.1239771273390
2475.0000000000	-2.1024588150551
2477.5000000000	-2.0811169744044
2480.0000000000	-2.0599803923248
2482.5000000000	-2.0390743494754
2485.0000000000	-2.0184265069822
2487.5000000000	-1.9980643897198
2490.0000000000	-1.9780134349311
2492.5000000000	-1.9582993593163
2495.0000000000	-1.9389465548695
2497.5000000000	-1.9199797163131
2500.0000000000	-1.9014206358285
2502.5000000000	-1.8832915716330
2505.0000000000	-1.8656128344478
2507.5000000000	-1.8484040844335
2510.0000000000	-1.8316838406262
2512.5000000000	-1.8154689266679
2515.0000000000	-1.7997727203511
2517.5000000000	-1.7846102812552
2520.0000000000	-1.7699934183558
2522.5000000000	-1.7559320506028
2525.0000000000	-1.7424348336052
2527.5000000000	-1.7295087341050
2530.0000000000	-1.7171596104755
2532.5000000000	-1.7053905095994
2535.0000000000	-1.6942015817381
2537.5000000000	-1.6835933986947
2540.0000000000	-1.6735643927997
2542.5000000000	-1.6641090179220
2545.0000000000	-1.6552221706708
2547.5000000000	-1.6468973050763
2550.0000000000	-1.6391232909152
2552.5000000000	-1.6318894132528
2555.0000000000	-1.6251840964754
2557.5000000000	-1.6189904999409
2560.0000000000	-1.6132920956146
2562.5000000000	-1.6080732387680
2565.0000000000	-1.6033134986888
2567.5000000000	-1.5989913377943
2570.0000000000	-1.5950852864273
2572.5000000000	-1.5915726163890
2575.0000000000	-1.5884267787691
2577.5000000000	-1.5856235340662
2580.0000000000	-1.5831340309595
2582.5000000000	-1.5809321681399
2585.0000000000	-1.5789901689159
2587.5000000000	-1.5772772164162
2590.0000000000	-1.5757637434716
2592.5000000000	-1.5744207253104
2595.0000000000	-1.5732170548376
2597.5000000000	-1.5721238739265
2600.0000000000	-1.5711082459512
2602.5000000000	-1.5701423916433
2605.0000000000	-1.5691943383610
2607.5000000000	-1.5682358240098
2610.0000000000	-1.5672380470605
2612.5000000000	-1.5661733290493
2615.0000000000	-1.5650145579569
2617.5000000000	-1.5637356356988
2620.0000000000	-1.5623109751576
2622.5000000000	-1.5607196592144
2625.0000000000	-1.5589369014489
2627.5000000000	-1.5569443599728
2630.0000000000	-1.5547242042497
2632.5000000000	-1.5522575656867
2635.0000000000	-1.5495316025210
2637.5000000000	-1.5465330735704
2640.0000000000	-1.5432518063982
2642.5000000000	-1.5396797296413
2645.0000000000	-1.5358085631523
2647.5000000000	-1.5316392237302
2650.0000000000	-1.5271650075870
2652.5000000000	-1.5223901865729
2655.0000000000	-1.5173166862653
2657.5000000000	-1.5119499838005
2660.0000000000	-1.5062985849394
2662.5000000000	-1.5003713882239
2665.0000000000	-1.4941826443713
2667.5000000000	-1.4877439953474
2670.0000000000	-1.4810733687250
2672.5000000000	-1.4741891418964
2675.0000000000	-1.4671094274057
2677.5000000000	-1.4598589187259
2680.0000000000	-1.4524587980275
2682.5000000000	-1.4449353634234
2685.0000000000	-1.4373131022180
2687.5000000000	-1.4296210878061
2690.0000000000	-1.4218864782048
2692.5000000000	-1.4141392146920
2695.0000000000	-1.4064090777889
2697.5000000000	-1.3987266311134
2700.0000000000	-1.3911224238038
2702.5000000000	-1.3836280183857
2705.0000000000	-1.3762747514029
2707.5000000000	-1.3690929618411
2710.0000000000	-1.3621148167877
2712.5000000000	-1.3553699156694
2715.0000000000	-1.3488882091904
2717.5000000000	-1.3427007992165
2720.0000000000	-1.3368337958864
2722.5000000000	-1.3313149278795
2725.0000000000	-1.3261715209664
2727.5000000000	-1.3214292294254
2730.0000000000	-1.3171119499395
2732.5000000000	-1.3132405582665
2735.0000000000	-1.3098383817434
2737.5000000000	-1.3069212014175
2740.0000000000	-1.3045104118271
2742.5000000000	-1.3026186608966
2745.0000000000	-1.3012625373062
2747.5000000000	-1.3004515183481
2750.0000000000	-1.3001967012536
2752.5000000000	-1.3005058172676
2755.0000000000	-1.3013841407256
2757.5000000000	-1.3028354794679
2760.0000000000	-1.3048608028820
2762.5000000000	-1.3074601810137
2765.0000000000	-1.3106293244554
2767.5000000000	-1.3143627187448
2770.0000000000	-1.3186528548415
2772.5000000000	-1.3234899800133
2775.0000000000	-1.3288626013715
2777.5000000000	-1.3347556523112
2780.0000000000	-1.3411529936299
2782.5000000000	-1.3480359198000
2785.0000000000	-1.3553839396874
2787.5000000000	-1.3631745459517
2790.0000000000	-1.3713823572252
2792.5000000000	-1.3799823979302
2795.0000000000	-1.3889456540734
2797.5000000000	-1.3982418505834
2800.0000000000	-1.4078412986700
2802.5000000000	-1.4177095546434
2805.0000000000	-1.4278142379401
2807.5000000000	-1.4381207256524
2810.0000000000	-1.4485898657240
2812.5000000000	-1.4591866887593
2815.0000000000	-1.4698757700975
2817.5000000000	-1.4806150865530
2820.0000000000	-1.4913685641106
2822.5000000000	-1.5020988621305
2825.0000000000	-1.5127643030881
2827.5000000000	-1.5233322114465
2830.0000000000	-1.5337604968353
2832.5000000000	-1.5440153622791
2835.0000000000	-1.5540604816943
2837.5000000000	-1.5638615019959
2840.0000000000	-1.5733847748261
2842.5000000000	-1.5825992159112
2845.0000000000	-1.5914755567167
2847.5000000000	-1.5999852872694
2850.0000000000	-1.6081043934180
2852.5000000000	-1.6158085557752
2855.0000000000	-1.6230781367816
2857.5000000000	-1.6298941175420
2860.0000000000	-1.6362412187466
2862.5000000000	-1.6421108280685
2865.0000000000	-1.6474899708012
2867.5000000000	-1.6523727981371
2870.0000000000	-1.6567596448340
2872.5000000000	-1.6606490743164
2875.0000000000	-1.6640444755257
2877.5000000000	-1.6669532291710
2880.0000000000	-1.6693879234996
2882.5000000000	-1.6713594102485
2885.0000000000	-1.6728859848982
2887.5000000000	-1.6739852371566
2890.0000000000	-1.6746838577591
2892.5000000000	-1.6750034296731
2895.0000000000	-1.6749766369593
2897.5000000000	-1.6746311711437
2900.0000000000	-1.6740029180875
2902.5000000000	-1.6731246918043
2905.0000000000	-1.6720397708365
2907.5000000000	-1.6707823521674
2910.0000000000	-1.6693962755140
2912.5000000000	-1.6679250702841
2915.0000000000	-1.6664114466327
2917.5000000000	-1.6649006662998
2920.0000000000	-1.6634410351401
2922.5000000000	-1.6620776038638
2925.0000000000	-1.6608555860105
2927.5000000000	-1.6598264807702
2930.0000000000	-1.6590328668951
2932.5000000000	-1.6585243634265
2935.0000000000	-1.6583469683647
2937.5000000000	-1.6585446035724
2940.0000000000	-1.6591649850429
2942.5000000000	-1.6602508892089
2945.0000000000	-1.6618439996297
2947.5000000000	-1.6639844228843
2950.0000000000	-1.6667152222799
2952.5000000000	-1.6700729500033
2955.0000000000	-1.6740920648587
2957.5000000000	-1.6788093747297
2960.0000000000	-1.6842533352863
2962.5000000000	-1.6904567355517
2965.0000000000	-1.6974478088312
2967.5000000000	-1.7052480181444
2970.0000000000	-1.7138826270397
2972.5000000000	-1.7233695191330
2975.0000000000	-1.7337280391521
2977.5000000000	-1.7449707847806
2980.0000000000	-1.7571097564431
2982.5000000000	-1.7701543450110
2985.0000000000	-1.7841095076300
2987.5000000000	-1.7989765366322
2990.0000000000	-1.8147565855277
2992.5000000000	-1.8314454458057
2995.0000000000	-1.8490378280743
2997.5000000000	-1.8675213169461
3000.0000000000	-1.8868834989190
