#Parameters = {A_R=0.4; A_i=0; A_j=-65; A_k=0; B10_i=24; B10_j=19; B10_k=0.15; B1_i=24; B1_j=24; B1_k=6; B2_i=20; B2_j=14; B2_k=3.9; B3_i=26.8; B3_j=3; B3_k=4.3; B4_i=21; B4_j=8; B5_i=7.9; B5_j=9; B5_k=3; B6_i=7.2; B6_j=6.5; B6_k=2.1; B7_i=12.5; B7_j=6; B7_k=3; B8_i=18; B8_j=13; B8_k=2.8; B9_i=25; B9_j=24; B9_k=0.8; PV10_i=-12; PV10_j=-7; PV10_k=1.2; PV1_i=-12; PV1_j=-12; PV1_k=2.5; PV2_i=-10; PV2_j=-30.5; PV2_k=2.5; PV3_i=-13.5; PV3_j=37.5; PV3_k=0.7; PV4_i=-10; PV4_j=-45; PV4_k=1.5; PV5_i=7; PV5_j=17.5; PV5_k=3.3; PV6_i=-11.6; PV6_j=17.8; PV6_k=3.1; PV7_i=-0.5; PV7_j=28; PV7_k=3.2; PV8_i=-9; PV8_j=22; PV8_k=-1.7; PV9_i=-12.5; PV9_j=13.5; PV9_k=2.4; PVA_i=-13.2; PVA_j=37; PVA_k=0; b4_k=6}
#"Frequency / MHz"	"S1,1 [Magnitude]"
#------------------------------------
500.00000000000	0.19164398266064
502.50000000000	0.19397606041386
505.00000000000	0.19542755715307
507.50000000000	0.19600167360543
510.00000000000	0.19570010202524
512.50000000000	0.19452970211926
515.00000000000	0.19249939934174
517.50000000000	0.18962229854715
520.00000000000	0.18591096505925
522.50000000000	0.18137909509428
525.00000000000	0.17604632663397
527.50000000000	0.16993309099601
530.00000000000	0.16305910497002
532.50000000000	0.15545034954414
535.00000000000	0.14712956084259
537.50000000000	0.13812699813181
540.00000000000	0.12846914854342
542.50000000000	0.11819057106567
545.00000000000	0.10731969328470
547.50000000000	0.095892251209263
550.00000000000	0.083942505261257
552.50000000000	0.071508882987785
555.00000000000	0.058626163690560
557.50000000000	0.045333169756857
560.00000000000	0.031671826229265
562.50000000000	0.017681530061847
565.00000000000	0.0034040509107028
567.50000000000	-0.011122053444101
570.00000000000	-0.025851143724036
572.50000000000	-0.040739743929965
575.00000000000	-0.055749720568895
577.50000000000	-0.070833555541130
580.00000000000	-0.085951696678573
582.50000000000	-0.10106109136507
585.00000000000	-0.11611865163442
587.50000000000	-0.13108327267107
590.00000000000	-0.14591400961044
592.50000000000	-0.16057234683626
595.00000000000	-0.17501609523178
597.50000000000	-0.18921269693887
600.00000000000	-0.20312152935115
602.50000000000	-0.21671048071295
605.00000000000	-0.22994484723857
607.50000000000	-0.24279418318261
610.00000000000	-0.25522842177097
612.50000000000	-0.26722039449870
615.00000000000	-0.27874622025520
617.50000000000	-0.28978115638325
620.00000000000	-0.30030648105141
622.50000000000	-0.31030385742880
625.00000000000	-0.31975770062901
627.50000000000	-0.32865512000581
630.00000000000	-0.33698707311989
632.50000000000	-0.34474579530469
635.00000000000	-0.35192841909986
637.50000000000	-0.35853122721922
640.00000000000	-0.36455796978933
642.50000000000	-0.37001092333116
645.00000000000	-0.37489906149189
647.50000000000	-0.37923076739855
650.00000000000	-0.38301858699669
652.50000000000	-0.38627872390134
655.00000000000	-0.38902789115552
657.50000000000	-0.39128707444653
660.00000000000	-0.39307789509020
662.50000000000	-0.39442728449836
665.00000000000	-0.39536027599984
667.50000000000	-0.39590672956288
670.00000000000	-0.39609848563627
672.50000000000	-0.39596799712117
675.00000000000	-0.39554976974207
677.50000000000	-0.39487983834284
680.00000000000	-0.39399626632512
682.50000000000	-0.39293688149973
685.00000000000	-0.39174256236917
687.50000000000	-0.39045299764519
690.00000000000	-0.38911014867982
692.50000000000	-0.38775659125916
695.00000000000	-0.38643460322508
697.50000000000	-0.38518775336016
700.00000000000	-0.38405846737272
702.50000000000	-0.38309122869223
705.00000000000	-0.38232852528481
707.50000000000	-0.38181358821702
710.00000000000	-0.38159114735684
712.50000000000	-0.38170263531478
715.00000000000	-0.38219013357358
717.50000000000	-0.38309650763725
720.00000000000	-0.38446305368424
722.50000000000	-0.38632903619154
725.00000000000	-0.38873507712912
727.50000000000	-0.39172091008833
730.00000000000	-0.39532273703347
732.50000000000	-0.39957859390813
735.00000000000	-0.40452507422973
737.50000000000	-0.41019745435689
740.00000000000	-0.41662744225066
742.50000000000	-0.42385011909715
745.00000000000	-0.43189532972160
747.50000000000	-0.44079478241687
750.00000000000	-0.45057711891863
752.50000000000	-0.46126987050081
755.00000000000	-0.47290058693375
757.50000000000	-0.48549276918250
760.00000000000	-0.49907220706569
762.50000000000	-0.51366016659180
765.00000000000	-0.52927848954464
767.50000000000	-0.54594727785634
770.00000000000	-0.56368455420620
772.50000000000	-0.58250753810790
775.00000000000	-0.60243121894327
777.50000000000	-0.62347079860794
780.00000000000	-0.64563852179595
782.50000000000	-0.66894624399479
785.00000000000	-0.69340244042465
787.50000000000	-0.71901780160741
790.00000000000	-0.74579694319117
792.50000000000	-0.77374659773806
795.00000000000	-0.80287058298569
797.50000000000	-0.83317052663143
800.00000000000	-0.86464863490207
802.50000000000	-0.89730156241246
805.00000000000	-0.93112965091546
807.50000000000	-0.96612764039103
810.00000000000	-1.0022894991180
812.50000000000	-1.0396084625354
815.00000000000	-1.0780762335157
817.50000000000	-1.1176808904030
820.00000000000	-1.1584110601322
822.50000000000	-1.2002526636770
825.00000000000	-1.2431871693573
827.50000000000	-1.2872003570724
830.00000000000	-1.3322716063456
832.50000000000	-1.3783757325274
835.00000000000	-1.4254941194052
837.50000000000	-1.4735970401323
840.00000000000	-1.5226600686883
842.50000000000	-1.5726526146198
845.00000000000	-1.6235425991294
847.50000000000	-1.6752967088684
850.00000000000	-1.7278806827699
852.50000000000	-1.7812530007725
855.00000000000	-1.8353745592412
857.50000000000	-1.8902052612299
860.00000000000	-1.9456994451542
862.50000000000	-2.0018091987944
865.00000000000	-2.0584864977342
867.50000000000	-2.1156790032263
870.00000000000	-2.1733349995281
872.50000000000	-2.2313985539162
875.00000000000	-2.2898106670853
877.50000000000	-2.3485133532871
880.00000000000	-2.4074432564402
882.50000000000	-2.4665376719622
885.00000000000	-2.5257308992824
887.50000000000	-2.5849537879929
890.00000000000	-2.6441388071871
892.50000000000	-2.7032143973427
895.00000000000	-2.7621064499279
897.50000000000	-2.8207446250726
900.00000000000	-2.8790523348267
902.50000000000	-2.9369529873799
905.00000000000	-2.9943713449043
907.50000000000	-3.0512293413094
910.00000000000	-3.1074510032020
912.50000000000	-3.1629586228134
915.00000000000	-3.2176747713562
917.50000000000	-3.2715217600026
920.00000000000	-3.3244247958240
922.50000000000	-3.3763094511272
925.00000000000	-3.4271011754585
927.50000000000	-3.4767292744430
930.00000000000	-3.5251250868349
932.50000000000	-3.5722202284475
935.00000000000	-3.6179491820719
937.50000000000	-3.6622533925383
940.00000000000	-3.7050730491836
942.50000000000	-3.7463541608186
945.00000000000	-3.7860479353243
947.50000000000	-3.8241052739463
950.00000000000	-3.8604853046130
952.50000000000	-3.8951531896013
955.00000000000	-3.9280742214178
957.50000000000	-3.9592206946901
960.00000000000	-3.9885723703323
962.50000000000	-4.0161143102362
965.00000000000	-4.0418310542987
967.50000000000	-4.0657189630535
970.00000000000	-4.0877768587902
972.50000000000	-4.1080094144783
975.00000000000	-4.1264268808838
977.50000000000	-4.1430432681113
980.00000000000	-4.1578783695808
982.50000000000	-4.1709582614459
985.00000000000	-4.1823121641670
987.50000000000	-4.1919744588692
990.00000000000	-4.1999796135492
992.50000000000	-4.2063726406382
995.00000000000	-4.2111977209707
997.50000000000	-4.2145044908842
1000.0000000000	-4.2163405368541
1002.5000000000	-4.2167637204334
1005.0000000000	-4.2158282379790
1007.5000000000	-4.2135912109222
1010.0000000000	-4.2101139241329
1012.5000000000	-4.2054584964339
1015.0000000000	-4.1996828762833
1017.5000000000	-4.1928532860225
1020.0000000000	-4.1850292138437
1022.5000000000	-4.1762776453823
1025.0000000000	-4.1666579890971
1027.5000000000	-4.1562327695246
1030.0000000000	-4.1450656357290
1032.5000000000	-4.1332152510912
1035.0000000000	-4.1207422673450
1037.5000000000	-4.1077038422969
1040.0000000000	-4.0941584336618
1042.5000000000	-4.0801612045713
1045.0000000000	-4.0657652530769
1047.5000000000	-4.0510219305720
1050.0000000000	-4.0359821300778
1052.5000000000	-4.0206927202491
1055.0000000000	-4.0052002488685
1057.5000000000	-3.9895486489266
1060.0000000000	-3.9737798190367
1062.5000000000	-3.9579314375537
1065.0000000000	-3.9420427207305
1067.5000000000	-3.9261473527144
1070.0000000000	-3.9102795266509
1072.5000000000	-3.8944682385132
1075.0000000000	-3.8787442155018
1077.5000000000	-3.8631316812553
1080.0000000000	-3.8476563761499
1082.5000000000	-3.8323392546416
1085.0000000000	-3.8172019436810
1087.5000000000	-3.8022618361633
1090.0000000000	-3.7875345018337
1092.5000000000	-3.7730374747997
1095.0000000000	-3.7587807717533
1097.5000000000	-3.7447757020695
1100.0000000000	-3.7310329495057
1102.5000000000	-3.7175583917089
1105.0000000000	-3.7043603674316
1107.5000000000	-3.6914418539937
1110.0000000000	-3.6788073112654
1112.5000000000	-3.6664582584431
1115.0000000000	-3.6543957674604
1117.5000000000	-3.6426189712847
1120.0000000000	-3.6311277431739
1122.5000000000	-3.6199176156417
1125.0000000000	-3.6089881804634
1127.5000000000	-3.5983306179334
1130.0000000000	-3.5879444157929
1132.5000000000	-3.5778195935860
1135.0000000000	-3.5679535269514
1137.5000000000	-3.5583350204559
1140.0000000000	-3.5489596264049
1142.5000000000	-3.5398181745411
1145.0000000000	-3.5309010488461
1147.5000000000	-3.5221997298011
1150.0000000000	-3.5137043201305
1152.5000000000	-3.5054059418301
1155.0000000000	-3.4972964789468
1157.5000000000	-3.4893637133173
1160.0000000000	-3.4815981304824
1162.5000000000	-3.4739901572734
1165.0000000000	-3.4665298317858
1167.5000000000	-3.4592088945134
1170.0000000000	-3.4520163377478
1172.5000000000	-3.4449427245892
1175.0000000000	-3.4379796670357
1177.5000000000	-3.4311165255675
1180.0000000000	-3.4243473554535
1182.5000000000	-3.4176608076796
1185.0000000000	-3.4110526374074
1187.5000000000	-3.4045124793546
1190.0000000000	-3.3980346590726
1192.5000000000	-3.3916127600446
1195.0000000000	-3.3852404478520
1197.5000000000	-3.3789122756508
1200.0000000000	-3.3726225986616
1202.5000000000	-3.3663681044552
1205.0000000000	-3.3601437337375
1207.5000000000	-3.3539484043462
1210.0000000000	-3.3477758202911
1212.5000000000	-3.3416270959028
1215.0000000000	-3.3354987814197
1217.5000000000	-3.3293917180882
1220.0000000000	-3.3233027267127
1222.5000000000	-3.3172328781038
1225.0000000000	-3.3111846462696
1227.5000000000	-3.3051573523314
1230.0000000000	-3.2991531578830
1232.5000000000	-3.2931752541558
1235.0000000000	-3.2872241090903
1237.5000000000	-3.2813052263375
1240.0000000000	-3.2754204389709
1242.5000000000	-3.2695761675171
1245.0000000000	-3.2637751893498
1247.5000000000	-3.2580226796669
1250.0000000000	-3.2523226428993
1252.5000000000	-3.2466825516278
1255.0000000000	-3.2411079932385
1257.5000000000	-3.2356043385330
1260.0000000000	-3.2301788811197
1262.5000000000	-3.2248373762026
1265.0000000000	-3.2195856317837
1267.5000000000	-3.2144315464190
1270.0000000000	-3.2093826431945
1272.5000000000	-3.2044458590073
1275.0000000000	-3.1996271975635
1277.5000000000	-3.1949350439039
1280.0000000000	-3.1903753361009
1282.5000000000	-3.1859561431606
1285.0000000000	-3.1816831205657
1287.5000000000	-3.1775642924715
1290.0000000000	-3.1736064208896
1292.5000000000	-3.1698152758176
1295.0000000000	-3.1661984148322
1297.5000000000	-3.1627610891428
1300.0000000000	-3.1595102518539
1302.5000000000	-3.1564500885448
1305.0000000000	-3.1535875458352
1307.5000000000	-3.1509271619821
1310.0000000000	-3.1484729448983
1312.5000000000	-3.1462302210279
1315.0000000000	-3.1442036977118
1317.5000000000	-3.1423966325303
1320.0000000000	-3.1408124569812
1322.5000000000	-3.1394530147540
1325.0000000000	-3.1383219345073
1327.5000000000	-3.1374220566728
1330.0000000000	-3.1367537826511
1332.5000000000	-3.1363186580375
1335.0000000000	-3.1361182979722
1337.5000000000	-3.1361525698623
1340.0000000000	-3.1364210063999
1342.5000000000	-3.1369235270483
1345.0000000000	-3.1376599200825
1347.5000000000	-3.1386276304382
1350.0000000000	-3.1398242922441
1352.5000000000	-3.1412494819758
1355.0000000000	-3.1428997768008
1357.5000000000	-3.1447711072540
1360.0000000000	-3.1468599224262
1362.5000000000	-3.1491630536330
1365.0000000000	-3.1516756161170
1367.5000000000	-3.1543929275569
1370.0000000000	-3.1573098311544
1372.5000000000	-3.1604196995682
1375.0000000000	-3.1637181163827
1377.5000000000	-3.1671973353178
1380.0000000000	-3.1708509312924
1382.5000000000	-3.1746719895048
1385.0000000000	-3.1786535222076
1387.5000000000	-3.1827867565232
1390.0000000000	-3.1870663015460
1392.5000000000	-3.1914818270730
1395.0000000000	-3.1960254134995
1397.5000000000	-3.2006896631360
1400.0000000000	-3.2054632259658
1402.5000000000	-3.2103398278649
1405.0000000000	-3.2153092930516
1407.5000000000	-3.2203632763715
1410.0000000000	-3.2254906531703
1412.5000000000	-3.2306845336055
1415.0000000000	-3.2359349454133
1417.5000000000	-3.2412311750686
1420.0000000000	-3.2465650211214
1422.5000000000	-3.2519261573139
1425.0000000000	-3.2573074391089
1427.5000000000	-3.2626972107000
1430.0000000000	-3.2680886780727
1432.5000000000	-3.2734698824341
1435.0000000000	-3.2788354826536
1437.5000000000	-3.2841740571994
1440.0000000000	-3.2894777786969
1442.5000000000	-3.2947395817300
1445.0000000000	-3.2999506129655
1447.5000000000	-3.3051035184210
1450.0000000000	-3.3101899856956
1452.5000000000	-3.3152031522968
1455.0000000000	-3.3201367369893
1457.5000000000	-3.3249835268022
1460.0000000000	-3.3297369534159
1462.5000000000	-3.3343925430800
1465.0000000000	-3.3389434399646
1467.5000000000	-3.3433833191985
1470.0000000000	-3.3477103167930
1472.5000000000	-3.3519178196953
1475.0000000000	-3.3560020929965
1477.5000000000	-3.3599592572332
1480.0000000000	-3.3637875470568
1482.5000000000	-3.3674827372320
1485.0000000000	-3.3710404839437
1487.5000000000	-3.3744630993021
1490.0000000000	-3.3777443898680
1492.5000000000	-3.3808871254787
1495.0000000000	-3.3838870871239
1497.5000000000	-3.3867460027474
1500.0000000000	-3.3894608679908
1502.5000000000	-3.3920331236954
1505.0000000000	-3.3944640650788
1507.5000000000	-3.3967533273082
1510.0000000000	-3.3989027081693
1512.5000000000	-3.4009123422932
1515.0000000000	-3.4027845367733
1517.5000000000	-3.4045207133249
1520.0000000000	-3.4061252440608
1522.5000000000	-3.4075970248810
1525.0000000000	-3.4089402100863
1527.5000000000	-3.4101580862812
1530.0000000000	-3.4112530759639
1532.5000000000	-3.4122275109088
1535.0000000000	-3.4130844029990
1537.5000000000	-3.4138289829866
1540.0000000000	-3.4144618046605
1542.5000000000	-3.4149887191123
1545.0000000000	-3.4154109086683
1547.5000000000	-3.4157340975983
1550.0000000000	-3.4159601182123
1552.5000000000	-3.4160922855841
1555.0000000000	-3.4161346354058
1557.5000000000	-3.4160903941398
1560.0000000000	-3.4159635177803
1562.5000000000	-3.4157548603327
1565.0000000000	-3.4154690820721
1567.5000000000	-3.4151092840412
1570.0000000000	-3.4146785446541
1572.5000000000	-3.4141776227719
1575.0000000000	-3.4136095632123
1577.5000000000	-3.4129773983759
1580.0000000000	-3.4122818497185
1582.5000000000	-3.4115259282731
1585.0000000000	-3.4107111121116
1587.5000000000	-3.4098373326637
1590.0000000000	-3.4089075909051
1592.5000000000	-3.4079202803829
1595.0000000000	-3.4068791653447
1597.5000000000	-3.4057818629229
1600.0000000000	-3.4046290699688
1602.5000000000	-3.4034214640700
1605.0000000000	-3.4021589641155
1607.5000000000	-3.4008391749723
1610.0000000000	-3.3994620002002
1612.5000000000	-3.3980265585202
1615.0000000000	-3.3965311993672
1617.5000000000	-3.3949742529478
1620.0000000000	-3.3933547865278
1622.5000000000	-3.3916688112278
1625.0000000000	-3.3899153369453
1627.5000000000	-3.3880910856170
1630.0000000000	-3.3861942529433
1632.5000000000	-3.3842199512724
1635.0000000000	-3.3821693264160
1637.5000000000	-3.3800336128588
1640.0000000000	-3.3778138529655
1642.5000000000	-3.3755050097309
1645.0000000000	-3.3731033768228
1647.5000000000	-3.3706053163762
1650.0000000000	-3.3680070631660
1652.5000000000	-3.3653047465433
1655.0000000000	-3.3624959893952
1657.5000000000	-3.3595737253187
1660.0000000000	-3.3565384152849
1662.5000000000	-3.3533828080645
1665.0000000000	-3.3501048991543
1667.5000000000	-3.3467010228927
1670.0000000000	-3.3431673955612
1672.5000000000	-3.3394994398774
1675.0000000000	-3.3356961771015
1677.5000000000	-3.3317511580751
1680.0000000000	-3.3276647148871
1682.5000000000	-3.3234317212539
1685.0000000000	-3.3190506848304
1687.5000000000	-3.3145169922335
1690.0000000000	-3.3098325902156
1692.5000000000	-3.3049910914386
1695.0000000000	-3.2999934461114
1697.5000000000	-3.2948381974486
1700.0000000000	-3.2895237041319
1702.5000000000	-3.2840482883702
1705.0000000000	-3.2784107572577
1707.5000000000	-3.2726150807410
1710.0000000000	-3.2666560137139
1712.5000000000	-3.2605372997610
1715.0000000000	-3.2542592779625
1717.5000000000	-3.2478231694609
1720.0000000000	-3.2412290052725
1722.5000000000	-3.2344798668765
1725.0000000000	-3.2275786297836
1727.5000000000	-3.2205256791535
1730.0000000000	-3.2133258660955
1732.5000000000	-3.2059816251777
1735.0000000000	-3.1984973168061
1737.5000000000	-3.1908751336630
1740.0000000000	-3.1831207680222
1742.5000000000	-3.1752382157705
1745.0000000000	-3.1672336244954
1747.5000000000	-3.1591086906150
1750.0000000000	-3.1508749823150
1752.5000000000	-3.1425318581462
1755.0000000000	-3.1340884820364
1757.5000000000	-3.1255510543856
1760.0000000000	-3.1169259015962
1762.5000000000	-3.1082190501181
1765.0000000000	-3.0994391136111
1767.5000000000	-3.0905900993785
1770.0000000000	-3.0816834871296
1772.5000000000	-3.0727240859099
1775.0000000000	-3.0637199591317
1777.5000000000	-3.0546779450942
1780.0000000000	-3.0456072638346
1782.5000000000	-3.0365161667533
1785.0000000000	-3.0274101750709
1787.5000000000	-3.0182997404173
1790.0000000000	-3.0091922020147
1792.5000000000	-3.0000943549570
1795.0000000000	-2.9910151859880
1797.5000000000	-2.9819621739026
1800.0000000000	-2.9729442409463
1802.5000000000	-2.9639680100107
1805.0000000000	-2.9550402490851
1807.5000000000	-2.9461720439818
1810.0000000000	-2.9373672409213
1812.5000000000	-2.9286341493361
1815.0000000000	-2.9199810636444
1817.5000000000	-2.9114134390247
1820.0000000000	-2.9029388351433
1822.5000000000	-2.8945642813164
1825.0000000000	-2.8862946910265
1827.5000000000	-2.8781375535534
1830.0000000000	-2.8700982761528
1832.5000000000	-2.8621823020467
1835.0000000000	-2.8543948895560
1837.5000000000	-2.8467417451914
1840.0000000000	-2.8392268203332
1842.5000000000	-2.8318546749703
1845.0000000000	-2.8246306145320
1847.5000000000	-2.8175577871563
1850.0000000000	-2.8106380065337
1852.5000000000	-2.8038781896548
1855.0000000000	-2.7972789433682
1857.5000000000	-2.7908437451674
1860.0000000000	-2.7845738110806
1862.5000000000	-2.7784744711187
1865.0000000000	-2.7725424473982
1867.5000000000	-2.7667819315163
1870.0000000000	-2.7611953149358
1872.5000000000	-2.7557804005532
1875.0000000000	-2.7505398736008
1877.5000000000	-2.7454732848084
1880.0000000000	-2.7405808164737
1882.5000000000	-2.7358617164098
1885.0000000000	-2.7313148717042
1887.5000000000	-2.7269412329580
1890.0000000000	-2.7227374610802
1892.5000000000	-2.7187035394087
1895.0000000000	-2.7148371826007
1897.5000000000	-2.7111371614969
1900.0000000000	-2.7076006395671
1902.5000000000	-2.7042261507759
1905.0000000000	-2.7010105364018
1907.5000000000	-2.6979525161648
1910.0000000000	-2.6950477737097
1912.5000000000	-2.6922953892969
1915.0000000000	-2.6896892537366
1917.5000000000	-2.6872284114402
1920.0000000000	-2.6849105265565
1922.5000000000	-2.6827303834417
1925.0000000000	-2.6806858475563
1927.5000000000	-2.6787733119238
1930.0000000000	-2.6769886983547
1932.5000000000	-2.6753304799848
1935.0000000000	-2.6737930885944
1937.5000000000	-2.6723732893771
1940.0000000000	-2.6710704033933
1942.5000000000	-2.6698794925711
1945.0000000000	-2.6687965280708
1947.5000000000	-2.6678199203096
1950.0000000000	-2.6669471916335
1952.5000000000	-2.6661732859977
1955.0000000000	-2.6654983961291
1957.5000000000	-2.6649183136200
1960.0000000000	-2.6644307937125
1962.5000000000	-2.6640355722728
1965.0000000000	-2.6637290586236
1967.5000000000	-2.6635101974259
1970.0000000000	-2.6633769663957
1972.5000000000	-2.6633302611773
1975.0000000000	-2.6633664801716
1977.5000000000	-2.6634873544753
1980.0000000000	-2.6636917243529
1982.5000000000	-2.6639781953564
1985.0000000000	-2.6643501220138
1987.5000000000	-2.6648062333973
1990.0000000000	-2.6653465298408
1992.5000000000	-2.6659743093933
1995.0000000000	-2.6666896387822
1997.5000000000	-2.6674941199159
2000.0000000000	-2.6683918678683
2002.5000000000	-2.6693819428906
2005.0000000000	-2.6704690742273
2007.5000000000	-2.6716578620539
2010.0000000000	-2.6729494180086
2012.5000000000	-2.6743483502776
2015.0000000000	-2.6758579014851
2017.5000000000	-2.6774822306761
2020.0000000000	-2.6792274602699
2022.5000000000	-2.6810968420750
2025.0000000000	-2.6830947038725
2027.5000000000	-2.6852276990740
2030.0000000000	-2.6875015165015
2032.5000000000	-2.6899202689763
2035.0000000000	-2.6924903121292
2037.5000000000	-2.6952183838040
2040.0000000000	-2.6981096547584
2042.5000000000	-2.7011717100597
2045.0000000000	-2.7044092329297
2047.5000000000	-2.7078307047426
2050.0000000000	-2.7114417320396
2052.5000000000	-2.7152479686478
2055.0000000000	-2.7192575664632
2057.5000000000	-2.7234761406920
2060.0000000000	-2.7279120991777
2062.5000000000	-2.7325695509955
2065.0000000000	-2.7374566186885
2067.5000000000	-2.7425805716175
2070.0000000000	-2.7479453640107
2072.5000000000	-2.7535603331678
2075.0000000000	-2.7594285142616
2077.5000000000	-2.7655578186970
2080.0000000000	-2.7719525194455
2082.5000000000	-2.7786205199046
2085.0000000000	-2.7855636188398
2087.5000000000	-2.7927893027092
2090.0000000000	-2.8003011776771
2092.5000000000	-2.8081039967082
2095.0000000000	-2.8161999247959
2097.5000000000	-2.8245940470813
2100.0000000000	-2.8332887735759
2102.5000000000	-2.8422886815839
2105.0000000000	-2.8515926475211
2107.5000000000	-2.8612041131317
2110.0000000000	-2.8711237687219
2112.5000000000	-2.8813519682609
2115.0000000000	-2.8918895331271
2117.5000000000	-2.9027351380709
2120.0000000000	-2.9138870462790
2122.5000000000	-2.9253441394667
2125.0000000000	-2.9371041248125
2127.5000000000	-2.9491632103970
2130.0000000000	-2.9615185675318
2132.5000000000	-2.9741649223589
2135.0000000000	-2.9870959082425
2137.5000000000	-3.0003074161991
2140.0000000000	-3.0137897473288
2142.5000000000	-3.0275384693230
2145.0000000000	-3.0415424867246
2147.5000000000	-3.0557933550298
2150.0000000000	-3.0702818614092
2152.5000000000	-3.0849965575840
2155.0000000000	-3.0999259343027
2157.5000000000	-3.1150565432611
2160.0000000000	-3.1303742949291
2162.5000000000	-3.1458662965794
2165.0000000000	-3.1615162740811
2167.5000000000	-3.1773093420600
2170.0000000000	-3.1932276154607
2172.5000000000	-3.2092546258934
2175.0000000000	-3.2253697861734
2177.5000000000	-3.2415553294921
2180.0000000000	-3.2577897210051
2182.5000000000	-3.2740532783659
2185.0000000000	-3.2903234446446
2187.5000000000	-3.3065788113773
2190.0000000000	-3.3227951143706
2192.5000000000	-3.3389470710935
2195.0000000000	-3.3550129728364
2197.5000000000	-3.3709652094076
2200.0000000000	-3.3867802742788
2202.5000000000	-3.4024286180740
2205.0000000000	-3.4178875319585
2207.5000000000	-3.4331265970318
2210.0000000000	-3.4481208837644
2212.5000000000	-3.4628400548726
2215.0000000000	-3.4772590159261
2217.5000000000	-3.4913441231610
2220.0000000000	-3.5050739343248
2222.5000000000	-3.5184143697337
2225.0000000000	-3.5313385906716
2227.5000000000	-3.5438213330412
2230.0000000000	-3.5558287157709
2232.5000000000	-3.5673378666270
2235.0000000000	-3.5783194839370
2237.5000000000	-3.5887486229997
2240.0000000000	-3.5985942909128
2242.5000000000	-3.6078354777573
2245.0000000000	-3.6164432370077
2247.5000000000	-3.6243961672630
2250.0000000000	-3.6316680726831
2252.5000000000	-3.6382414558809
2255.0000000000	-3.6440897978318
2257.5000000000	-3.6491952077117
2260.0000000000	-3.6535377514954
2262.5000000000	-3.6570985726567
2265.0000000000	-3.6598642903778
2267.5000000000	-3.6618189204293
2270.0000000000	-3.6629481025913
2272.5000000000	-3.6632404174032
2275.0000000000	-3.6626860624693
2277.5000000000	-3.6612759467012
2280.0000000000	-3.6590030709777
2282.5000000000	-3.6558609042489
2285.0000000000	-3.6518494169926
2287.5000000000	-3.6469631227391
2290.0000000000	-3.6412043473662
2292.5000000000	-3.6345726496799
2295.0000000000	-3.6270736421066
2297.5000000000	-3.6187107547519
2300.0000000000	-3.6094922647622
2302.5000000000	-3.5994250718096
2305.0000000000	-3.5885218364359
2307.5000000000	-3.5767906858930
2310.0000000000	-3.5642490697447
2312.5000000000	-3.5509095729704
2315.0000000000	-3.5367889341476
2317.5000000000	-3.5219039453153
2320.0000000000	-3.5062741962605
2322.5000000000	-3.4899214289938
2325.0000000000	-3.4728647215734
2327.5000000000	-3.4551276038337
2330.0000000000	-3.4367334568502
2332.5000000000	-3.4177055322895
2335.0000000000	-3.3980699260028
2337.5000000000	-3.3778521162840
2340.0000000000	-3.3570792139047
2342.5000000000	-3.3357764401989
2345.0000000000	-3.3139741392145
2347.5000000000	-3.2916964888852
2350.0000000000	-3.2689745814638
2352.5000000000	-3.2458354834460
2355.0000000000	-3.2223090447147
2357.5000000000	-3.1984205053955
2360.0000000000	-3.1742017657914
2362.5000000000	-3.1496789535892
2365.0000000000	-3.1248797410112
2367.5000000000	-3.0998336274930
2370.0000000000	-3.0745691188705
2372.5000000000	-3.0491098355776
2375.0000000000	-3.0234834184317
2377.5000000000	-2.9977192631116
2380.0000000000	-2.9718395944425
2382.5000000000	-2.9458703469673
2385.0000000000	-2.9198375796441
2387.5000000000	-2.8937617956635
2390.0000000000	-2.8676683591882
2392.5000000000	-2.8415799656758
2395.0000000000	-2.8155185913819
2397.5000000000	-2.7895003535644
2400.0000000000	-2.7635516086600
2402.5000000000	-2.7376866802145
2405.0000000000	-2.7119250717374
2407.5000000000	-2.6862866186146
2410.0000000000	-2.6607832545626
2412.5000000000	-2.6354348749958
2415.0000000000	-2.6102521997108
2417.5000000000	-2.5852532611655
2420.0000000000	-2.5604472655258
2422.5000000000	-2.5358485246295
2425.0000000000	-2.5114681534563
2427.5000000000	-2.4873149370543
2430.0000000000	-2.4633998844173
2432.5000000000	-2.4397306517009
2435.0000000000	-2.4163147161080
2437.5000000000	-2.3931577321699
2440.0000000000	-2.3702705138525
2442.5000000000	-2.3476534567160
2445.0000000000	-2.3253120019657
2447.5000000000	-2.3032504423950
2450.0000000000	-2.2814735551305
2452.5000000000	-2.2599800143272
2455.0000000000	-2.2387732721645
2457.5000000000	-2.2178548216068
2460.0000000000	-2.1972238521011
2462.5000000000	-2.1768796704705
2465.0000000000	-2.1568208934945
2467.5000000000	-2.1370480953828
2470.0000000000	-2.1175558471835
2472.5000000000	-2.0983439903414
2475.0000000000	-2.0794078960139
2477.5000000000	-2.0607456484395
2480.0000000000	-2.0423515594655
2482.5000000000	-2.0242210412620
2485.0000000000	-2.0063488784513
2487.5000000000	-1.9887317507056
2490.0000000000	-1.9713623429137
2492.5000000000	-1.9542351955543
2495.0000000000	-1.9373444423941
2497.5000000000	-1.9206841796266
2500.0000000000	-1.9042463874636
2502.5000000000	-1.8880254146476
2505.0000000000	-1.8720139373711
2507.5000000000	-1.8562062381069
2510.0000000000	-1.8405937000449
2512.5000000000	-1.8251698712508
2515.0000000000	-1.8099286416786
2517.5000000000	-1.7948616705208
2520.0000000000	-1.7799625033146
2522.5000000000	-1.7652248333696
2525.0000000000	-1.7506396328805
2527.5000000000	-1.7362037394445
2530.0000000000	-1.7219080707064
2532.5000000000	-1.7077462269052
2535.0000000000	-1.6937131896764
2537.5000000000	-1.6798031935907
2540.0000000000	-1.6660099993877
2542.5000000000	-1.6523287819549
2545.0000000000	-1.6387536176318
2547.5000000000	-1.6252804092625
2550.0000000000	-1.6119052378575
2552.5000000000	-1.5986237927410
2555.0000000000	-1.5854323640331
2557.5000000000	-1.5723266356123
2560.0000000000	-1.5593046765620
2562.5000000000	-1.5463664797264
2565.0000000000	-1.5335063304632
2567.5000000000	-1.5207234108725
2570.0000000000	-1.5080181425996
2572.5000000000	-1.4953888841667
2575.0000000000	-1.4828350710844
2577.5000000000	-1.4703571495835
2580.0000000000	-1.4579567143559
2582.5000000000	-1.4456351877400
2585.0000000000	-1.4333904936493
2587.5000000000	-1.4212286703702
2590.0000000000	-1.4091503632801
2592.5000000000	-1.3971588160228
2595.0000000000	-1.3852573124662
2597.5000000000	-1.3734498474012
2600.0000000000	-1.3617401645241
2602.5000000000	-1.3501328160379
2605.0000000000	-1.3386315026055
2607.5000000000	-1.3272438309617
2610.0000000000	-1.3159737174286
2612.5000000000	-1.3048271114161
2615.0000000000	-1.2938115780981
2617.5000000000	-1.2829313019854
2620.0000000000	-1.2721959863330
2622.5000000000	-1.2616096202484
2625.0000000000	-1.2511808066654
2627.5000000000	-1.2409172343380
2630.0000000000	-1.2308262925301
2632.5000000000	-1.2209151499347
2635.0000000000	-1.2111941182950
2637.5000000000	-1.2016688079808
2640.0000000000	-1.1923463853707
2642.5000000000	-1.1832388991035
2645.0000000000	-1.1743516493818
2647.5000000000	-1.1656936376040
2650.0000000000	-1.1572736508570
2652.5000000000	-1.1490995756577
2655.0000000000	-1.1411792336602
2657.5000000000	-1.1335221050298
2660.0000000000	-1.1261334959054
2662.5000000000	-1.1190255049703
2665.0000000000	-1.1122018918421
2667.5000000000	-1.1056732305579
2670.0000000000	-1.0994457103279
2672.5000000000	-1.0935261351235
2675.0000000000	-1.0879225074757
2677.5000000000	-1.0826422694480
2680.0000000000	-1.0776902425856
2682.5000000000	-1.0730746877716
2685.0000000000	-1.0687997459925
2687.5000000000	-1.0648729614714
2690.0000000000	-1.0612989346727
2692.5000000000	-1.0580828122410
2695.0000000000	-1.0552295214947
2697.5000000000	-1.0527428299910
2700.0000000000	-1.0506288453334
2702.5000000000	-1.0488886656840
2705.0000000000	-1.0475268389468
2707.5000000000	-1.0465469943589
2710.0000000000	-1.0459499612684
2712.5000000000	-1.0457402050009
2715.0000000000	-1.0459169219184
2717.5000000000	-1.0464833103928
2720.0000000000	-1.0474389458659
2722.5000000000	-1.0487864433398
2725.0000000000	-1.0505232023447
2727.5000000000	-1.0526502846953
2730.0000000000	-1.0551670727694
2732.5000000000	-1.0580722734951
2735.0000000000	-1.0613631868221
2737.5000000000	-1.0650397512178
2740.0000000000	-1.0690974586421
2742.5000000000	-1.0735345319320
2745.0000000000	-1.0783489061182
2747.5000000000	-1.0835349350786
2750.0000000000	-1.0890900675140
2752.5000000000	-1.0950087605638
2755.0000000000	-1.1012868974371
2757.5000000000	-1.1079208393640
2760.0000000000	-1.1149034535983
2762.5000000000	-1.1222289578493
2765.0000000000	-1.1298930052614
2767.5000000000	-1.1378877335490
2770.0000000000	-1.1462084346652
2772.5000000000	-1.1548464564872
2775.0000000000	-1.1637979338654
2777.5000000000	-1.1730514153835
2780.0000000000	-1.1826025450945
2782.5000000000	-1.1924435943761
2785.0000000000	-1.2025662178501
2787.5000000000	-1.2129638117375
2790.0000000000	-1.2236274524279
2792.5000000000	-1.2345504126525
2795.0000000000	-1.2457237802898
2797.5000000000	-1.2571403412956
2800.0000000000	-1.2687922541138
2802.5000000000	-1.2806714026784
2805.0000000000	-1.2927718644510
2807.5000000000	-1.3050841047024
2810.0000000000	-1.3176019644230
2812.5000000000	-1.3303174649027
2815.0000000000	-1.3432242189192
2817.5000000000	-1.3563162047279
2820.0000000000	-1.3695859391256
2822.5000000000	-1.3830269859453
2825.0000000000	-1.3966357784050
2827.5000000000	-1.4104035333485
2830.0000000000	-1.4243270953615
2832.5000000000	-1.4384023539749
2835.0000000000	-1.4526249820499
2837.5000000000	-1.4669903168088
2840.0000000000	-1.4814958573315
2842.5000000000	-1.4961393701393
2845.0000000000	-1.5109176892691
2847.5000000000	-1.5258296810003
2850.0000000000	-1.5408751235310
2852.5000000000	-1.5560521316033
2855.0000000000	-1.5713627382567
2857.5000000000	-1.5868073589997
2860.0000000000	-1.6023859642563
2862.5000000000	-1.6181037066692
2865.0000000000	-1.6339622048997
2867.5000000000	-1.6499632799898
2870.0000000000	-1.6661145863509
2872.5000000000	-1.6824189960804
2875.0000000000	-1.6988833699573
2877.5000000000	-1.7155129275435
2880.0000000000	-1.7323162988756
2882.5000000000	-1.7493017702859
2885.0000000000	-1.7664760303896
2887.5000000000	-1.7838498970288
2890.0000000000	-1.8014326451067
2892.5000000000	-1.8192358419174
2895.0000000000	-1.8372702091057
2897.5000000000	-1.8555482166036
2900.0000000000	-1.8740828248057
2902.5000000000	-1.8928868846633
2905.0000000000	-1.9119745095020
2907.5000000000	-1.9313598015809
2910.0000000000	-1.9510594553910
2912.5000000000	-1.9710871042028
2915.0000000000	-1.9914609988602
2917.5000000000	-2.0121976533699
2920.0000000000	-2.0333125961074
2922.5000000000	-2.0548262798698
2925.0000000000	-2.0767548124407
2927.5000000000	-2.0991176196974
2930.0000000000	-2.1219332297715
2932.5000000000	-2.1452226379776
2935.0000000000	-2.1690036952744
2937.5000000000	-2.1932969313119
2940.0000000000	-2.2181230844991
2942.5000000000	-2.2435022344108
2945.0000000000	-2.2694556160313
2947.5000000000	-2.2960041202883
2950.0000000000	-2.3231691516245
2952.5000000000	-2.3509716206455
2955.0000000000	-2.3794334427543
2957.5000000000	-2.4085747310408
2960.0000000000	-2.4384193321383
2962.5000000000	-2.4689876997081
2965.0000000000	-2.5003017654078
2967.5000000000	-2.5323830199699
2970.0000000000	-2.5652531784173
2972.5000000000	-2.5989343860000
2975.0000000000	-2.6334468350223
2977.5000000000	-2.6688131384471
2980.0000000000	-2.7050538501377
2982.5000000000	-2.7421916278797
2985.0000000000	-2.7802460222014
2987.5000000000	-2.8192381140445
2990.0000000000	-2.8591889859922
2992.5000000000	-2.9001198689943
2995.0000000000	-2.9420478168232
2997.5000000000	-2.9849970735170
3000.0000000000	-3.0289846016674
