0.000000000000000000e+00 -9.698140664458813898e-02 -1.290145764297441211e+00 9.394900218177570927e-02 -1.290145764297441211e+00
1.000000000000000021e-02 -9.698140664458813898e-02 -1.290145764297441211e+00 1.010919872016285970e-01 -7.170837151070190429e-02
2.000000000000000042e-02 -9.698140664458813898e-02 -1.290145764297441211e+00 1.959389612716033735e-01 2.124302294027848037e-01
2.999999999999999889e-02 -9.698140664458813898e-02 -1.290145764297441211e+00 3.011273581463491666e-01 2.564189313922268787e-01
4.000000000000000083e-02 -9.698140664458813898e-02 -1.290145764297441211e+00 3.551802909894347104e-01 1.847395741022884730e-01
5.000000000000000278e-02 -9.698140664458813898e-02 -1.290145764297441211e+00 4.356464985077035390e-01 1.263769610433139734e-01
5.999999999999999778e-02 -9.698140664458813898e-02 -1.290145764297441211e+00 4.804920394698153352e-01 3.714857196980577148e-01
7.000000000000000666e-02 -9.698140664458813898e-02 -1.290145764297441211e+00 4.855063789653063511e-01 4.718508200220110638e-01
8.000000000000000167e-02 -9.698140664458813898e-02 -1.290145764297441211e+00 5.102240537401403486e-01 5.612818325168821287e-01
8.999999999999999667e-02 -9.698140664458813898e-02 -1.290145764297441211e+00 5.518757058215256750e-01 5.371836848000136611e-01
1.000000000000000056e-01 -9.698140664458813898e-02 -7.170837151070190429e-02 5.913721293446660976e-01 5.645423162827404306e-01
1.100000000000000006e-01 -9.698140664458813898e-02 -7.170837151070190429e-02 5.936385947712202737e-01 4.358982076849612919e-01
1.199999999999999956e-01 -9.698140664458813898e-02 -7.170837151070190429e-02 6.009828060658445326e-01 6.056875095346468951e-01
1.300000000000000044e-01 -9.698140664458813898e-02 -7.170837151070190429e-02 6.446314882742665286e-01 5.324229109708837893e-01
1.400000000000000133e-01 -9.698140664458813898e-02 -7.170837151070190429e-02 6.909147567430690140e-01 5.501627033774307840e-01
1.499999999999999944e-01 -9.698140664458813898e-02 2.178629116324334036e-01 7.167664370452320188e-01 3.293353222760182497e-01
1.600000000000000033e-01 -9.698140664458813898e-02 2.178629116324334036e-01 7.948479182275985933e-01 6.826018429188771552e-01
1.700000000000000122e-01 -9.698140664458813898e-02 2.178629116324334036e-01 8.065475894249812816e-01 7.275189652051293754e-01
1.799999999999999933e-01 -9.698140664458813898e-02 2.178629116324334036e-01 9.829118084002674838e-01 7.156008063157643928e-01
1.900000000000000022e-01 -9.698140664458813898e-02 2.178629116324334036e-01 1.044383780474173573e+00 9.546977406834398217e-01
2.000000000000000111e-01 -9.698140664458813898e-02 2.178629116324334036e-01 1.051912805369204396e+00 2.245735501341978857e-01
2.099999999999999922e-01 -9.698140664458813898e-02 2.178629116324334036e-01 1.222127960008013714e+00 7.862041253240148464e-01
2.200000000000000011e-01 -9.698140664458813898e-02 2.178629116324334036e-01 1.266458012698910451e+00 1.102870662883338682e+00
2.300000000000000100e-01 -9.698140664458813898e-02 2.178629116324334036e-01 1.322778060523134958e+00 1.158989725174313978e+00
2.399999999999999911e-01 -9.698140664458813898e-02 2.178629116324334036e-01 1.414034812882047909e+00 1.105616012472534937e+00
2.500000000000000000e-01 -9.698140664458813898e-02 2.178629116324334036e-01 1.480700987610724662e+00 1.542116689518025385e+00
2.600000000000000089e-01 -9.698140664458813898e-02 2.178629116324334036e-01 1.577141754620919212e+00 8.929046056893491512e-01
2.700000000000000178e-01 -9.698140664458813898e-02 2.178629116324334036e-01 1.797539502868930050e+00 1.079848885251654567e+00
2.800000000000000266e-01 -9.698140664458813898e-02 2.178629116324334036e-01 1.818553854713113038e+00 9.291470868451553455e-01
2.899999999999999800e-01 -9.698140664458813898e-02 2.178629116324334036e-01 1.843625853304820428e+00 1.085256822661603060e+00
2.999999999999999889e-01 -9.698140664458813898e-02 2.178629116324334036e-01 1.917207594128888637e+00 1.266761540842991973e+00
3.099999999999999978e-01 -9.698140664458813898e-02 2.178629116324334036e-01 2.073309699952617713e+00 9.740387196648910839e-01
3.200000000000000067e-01 -9.698140664458813898e-02 2.178629116324334036e-01 2.118273996694523653e+00 8.894768381669557744e-01
3.300000000000000155e-01 -9.698140664458813898e-02 2.178629116324334036e-01 2.185159768996707275e+00 8.877978656611312802e-01
3.400000000000000244e-01 -9.698140664458813898e-02 2.178629116324334036e-01 2.187936056313462441e+00 8.165870449594418989e-01
3.500000000000000333e-01 -9.698140664458813898e-02 2.178629116324334036e-01 2.193007567311601846e+00 1.861647461923187752e+00
3.599999999999999867e-01 -9.698140664458813898e-02 2.178629116324334036e-01 2.280751661082742743e+00 7.710821991239733553e-01
3.699999999999999956e-01 -9.698140664458813898e-02 2.178629116324334036e-01 2.307396811264659231e+00 7.809554757585011053e-01
3.800000000000000044e-01 -9.698140664458813898e-02 2.178629116324334036e-01 2.331553864281531219e+00 9.126289886981382438e-01
3.900000000000000133e-01 -9.698140664458813898e-02 2.178629116324334036e-01 2.343256008238507881e+00 5.814203226040960404e-01
4.000000000000000222e-01 -9.698140664458813898e-02 1.263769610433139734e-01 2.609241608750358488e+00 1.321932922812259603e+00
4.100000000000000311e-01 -9.698140664458813898e-02 1.263769610433139734e-01 2.644474598764522177e+00 5.738340771324366152e-01
4.199999999999999845e-01 -9.698140664458813898e-02 1.263769610433139734e-01 2.724415914984484210e+00 2.878686021292614639e-01
4.299999999999999933e-01 -9.698140664458813898e-02 1.263769610433139734e-01 2.744067519636623764e+00 5.814997680337832264e-01
4.400000000000000022e-01 -9.698140664458813898e-02 1.263769610433139734e-01 2.840222805469661438e+00 2.554666968003976857e-01
4.500000000000000111e-01 -9.698140664458813898e-02 1.263769610433139734e-01 2.842169744343242321e+00 -1.112893809467340844e+00
4.600000000000000200e-01 7.874563351936534339e-01 4.959851027163645898e-01 2.850983852089398418e+00 4.788297550334331132e-01
4.700000000000000289e-01 7.874563351936534339e-01 4.959851027163645898e-01 3.013816880358219485e+00 2.754798444131609791e-01
4.799999999999999822e-01 7.874563351936534339e-01 4.959851027163645898e-01 3.024227598725230060e+00 3.038516944963798316e-01
4.899999999999999911e-01 7.874563351936534339e-01 4.959851027163645898e-01 3.060478613612107157e+00 1.716295869271969310e-01
5.000000000000000000e-01 7.874563351936534339e-01 4.959851027163645898e-01 3.084669984373784590e+00 -7.478830195040242490e-01
5.100000000000000089e-01 7.874563351936534339e-01 4.959851027163645898e-01 3.088177485379385523e+00 2.443962666270028949e-01
5.200000000000000178e-01 7.874563351936534339e-01 4.959851027163645898e-01 3.199605106637619212e+00 -8.478025600084870828e-02
5.300000000000000266e-01 7.874563351936534339e-01 4.959851027163645898e-01 3.229470565333280696e+00 -7.519209232779919261e-03
5.400000000000000355e-01 7.874563351936534339e-01 4.959851027163645898e-01 3.265541627326991936e+00 -2.890664213234607482e-02
5.500000000000000444e-01 7.874563351936534339e-01 4.959851027163645898e-01 3.281647947326367110e+00 -1.264753023351196659e-01
5.600000000000000533e-01 7.874563351936534339e-01 4.959851027163645898e-01 3.333833577228338285e+00 -1.296510784038976682e-01
5.700000000000000622e-01 7.874563351936534339e-01 4.959851027163645898e-01 3.353189348090797051e+00 -1.178005828820073847e-01
5.799999999999999600e-01 7.874563351936534339e-01 4.959851027163645898e-01 3.409101495517417035e+00 -2.266871527584604362e-01
5.899999999999999689e-01 7.874563351936534339e-01 4.959851027163645898e-01 3.488155979636324400e+00 -4.496075501994709067e-01
5.999999999999999778e-01 7.874563351936534339e-01 4.959851027163645898e-01 3.575946831862097497e+00 4.267552963529121501e-01
6.099999999999999867e-01 7.874563351936534339e-01 4.959851027163645898e-01 3.696317896991508256e+00 -3.940711748938990899e-01
6.199999999999999956e-01 7.874563351936534339e-01 4.959851027163645898e-01 3.871168447171083216e+00 -7.360102532198254943e-01
6.300000000000000044e-01 7.874563351936534339e-01 4.959851027163645898e-01 3.890783754749252310e+00 -6.960101288389607399e-01
6.400000000000000133e-01 7.874563351936534339e-01 4.959851027163645898e-01 3.902645881432277086e+00 -7.331998355029040182e-01
6.500000000000000222e-01 7.874563351936534339e-01 4.959851027163645898e-01 3.958625190413322947e+00 1.927387803229018148e-01
6.600000000000000311e-01 7.874563351936534339e-01 4.959851027163645898e-01 3.995792821083617774e+00 -6.868163342324795639e-01
6.700000000000000400e-01 7.874563351936534339e-01 4.959851027163645898e-01 4.104966149239675843e+00 -7.803754867959639130e-01
6.800000000000000488e-01 7.874563351936534339e-01 4.959851027163645898e-01 4.163099227739690100e+00 -9.298871516661211256e-01
6.900000000000000577e-01 7.874563351936534339e-01 4.959851027163645898e-01 4.189724537494019074e+00 -8.125672729307344966e-01
7.000000000000000666e-01 7.874563351936534339e-01 4.959851027163645898e-01 4.350060741234095474e+00 3.234051438110276955e-01
7.099999999999999645e-01 7.874563351936534339e-01 4.959851027163645898e-01 4.458865003910398528e+00 -9.648515057859184951e-01
7.199999999999999734e-01 7.874563351936534339e-01 4.959851027163645898e-01 4.627983191463305168e+00 -1.060024553574861139e+00
7.299999999999999822e-01 7.874563351936534339e-01 4.959851027163645898e-01 4.718740392573121056e+00 -9.323365003547624541e-01
7.399999999999999911e-01 7.874563351936534339e-01 4.959851027163645898e-01 4.723344585247919447e+00 -9.422809062997966612e-01
7.500000000000000000e-01 7.874563351936534339e-01 4.959851027163645898e-01 4.818313802505146626e+00 -8.184749617136584110e-01
7.600000000000000089e-01 7.874563351936534339e-01 7.701048387808027140e-01 4.882297325066978999e+00 -9.459995979655296816e-01
7.700000000000000178e-01 7.874563351936534339e-01 7.701048387808027140e-01 4.883805440951685561e+00 -1.094650289017633948e+00
7.800000000000000266e-01 7.874563351936534339e-01 7.701048387808027140e-01 4.893091711163820356e+00 -1.132843399551390906e+00
7.900000000000000355e-01 7.874563351936534339e-01 7.701048387808027140e-01 4.941869190296131364e+00 -9.298455937972972540e-01
8.000000000000000444e-01 7.874563351936534339e-01 7.701048387808027140e-01 nan nan
8.100000000000000533e-01 7.874563351936534339e-01 7.701048387808027140e-01 nan nan
8.200000000000000622e-01 7.874563351936534339e-01 7.701048387808027140e-01 nan nan
8.300000000000000711e-01 7.874563351936534339e-01 7.701048387808027140e-01 nan nan
8.399999999999999689e-01 7.874563351936534339e-01 7.701048387808027140e-01 nan nan
8.499999999999999778e-01 7.874563351936534339e-01 7.701048387808027140e-01 nan nan
8.599999999999999867e-01 7.874563351936534339e-01 7.701048387808027140e-01 nan nan
8.699999999999999956e-01 7.874563351936534339e-01 7.701048387808027140e-01 nan nan
8.800000000000000044e-01 7.874563351936534339e-01 7.701048387808027140e-01 nan nan
8.900000000000000133e-01 7.874563351936534339e-01 7.701048387808027140e-01 nan nan
9.000000000000000222e-01 7.874563351936534339e-01 7.701048387808027140e-01 nan nan
9.100000000000000311e-01 7.874563351936534339e-01 7.701048387808027140e-01 nan nan
9.200000000000000400e-01 7.874563351936534339e-01 7.701048387808027140e-01 nan nan
9.300000000000000488e-01 7.874563351936534339e-01 7.701048387808027140e-01 nan nan
9.400000000000000577e-01 7.874563351936534339e-01 7.701048387808027140e-01 nan nan
9.500000000000000666e-01 7.874563351936534339e-01 7.701048387808027140e-01 nan nan
9.599999999999999645e-01 7.874563351936534339e-01 7.701048387808027140e-01 nan nan
9.699999999999999734e-01 7.874563351936534339e-01 7.701048387808027140e-01 nan nan
9.799999999999999822e-01 7.874563351936534339e-01 7.701048387808027140e-01 nan nan
9.899999999999999911e-01 7.874563351936534339e-01 7.701048387808027140e-01 nan nan
1.000000000000000000e+00 7.874563351936534339e-01 7.701048387808027140e-01 nan nan
1.010000000000000009e+00 7.874563351936534339e-01 7.701048387808027140e-01 nan nan
1.020000000000000018e+00 7.874563351936534339e-01 7.701048387808027140e-01 nan nan
1.030000000000000027e+00 7.874563351936534339e-01 7.701048387808027140e-01 nan nan
1.040000000000000036e+00 7.874563351936534339e-01 7.701048387808027140e-01 nan nan
1.050000000000000044e+00 7.874563351936534339e-01 2.245735501341978857e-01 nan nan
1.060000000000000053e+00 7.874563351936534339e-01 2.245735501341978857e-01 nan nan
1.070000000000000062e+00 7.874563351936534339e-01 2.245735501341978857e-01 nan nan
1.080000000000000071e+00 7.874563351936534339e-01 2.245735501341978857e-01 nan nan
1.090000000000000080e+00 7.874563351936534339e-01 2.245735501341978857e-01 nan nan
1.100000000000000089e+00 7.874563351936534339e-01 2.245735501341978857e-01 nan nan
1.110000000000000098e+00 7.874563351936534339e-01 2.245735501341978857e-01 nan nan
1.120000000000000107e+00 7.874563351936534339e-01 2.245735501341978857e-01 nan nan
1.130000000000000115e+00 7.874563351936534339e-01 2.245735501341978857e-01 nan nan
1.140000000000000124e+00 7.874563351936534339e-01 1.091950939135905907e+00 nan nan
1.150000000000000133e+00 7.874563351936534339e-01 1.091950939135905907e+00 nan nan
1.159999999999999920e+00 7.874563351936534339e-01 1.091950939135905907e+00 nan nan
1.169999999999999929e+00 7.874563351936534339e-01 1.091950939135905907e+00 nan nan
1.179999999999999938e+00 7.874563351936534339e-01 1.091950939135905907e+00 nan nan
1.189999999999999947e+00 7.874563351936534339e-01 1.091950939135905907e+00 nan nan
1.199999999999999956e+00 7.874563351936534339e-01 1.091950939135905907e+00 nan nan
1.209999999999999964e+00 7.874563351936534339e-01 1.091950939135905907e+00 nan nan
1.219999999999999973e+00 7.874563351936534339e-01 1.091950939135905907e+00 nan nan
1.229999999999999982e+00 7.874563351936534339e-01 1.091950939135905907e+00 nan nan
1.239999999999999991e+00 7.874563351936534339e-01 1.091950939135905907e+00 nan nan
1.250000000000000000e+00 7.874563351936534339e-01 1.091950939135905907e+00 nan nan
1.260000000000000009e+00 7.874563351936534339e-01 1.091950939135905907e+00 nan nan
1.270000000000000018e+00 7.874563351936534339e-01 1.091950939135905907e+00 nan nan
1.280000000000000027e+00 7.874563351936534339e-01 1.091950939135905907e+00 nan nan
1.290000000000000036e+00 7.874563351936534339e-01 1.091950939135905907e+00 nan nan
1.300000000000000044e+00 7.874563351936534339e-01 1.091950939135905907e+00 nan nan
1.310000000000000053e+00 7.874563351936534339e-01 1.091950939135905907e+00 nan nan
1.320000000000000062e+00 7.874563351936534339e-01 1.091950939135905907e+00 nan nan
1.330000000000000071e+00 7.874563351936534339e-01 1.091950939135905907e+00 nan nan
1.340000000000000080e+00 7.874563351936534339e-01 1.091950939135905907e+00 nan nan
1.350000000000000089e+00 7.874563351936534339e-01 1.091950939135905907e+00 nan nan
1.360000000000000098e+00 7.874563351936534339e-01 1.091950939135905907e+00 nan nan
1.370000000000000107e+00 7.874563351936534339e-01 1.091950939135905907e+00 nan nan
1.380000000000000115e+00 7.874563351936534339e-01 1.091950939135905907e+00 nan nan
1.390000000000000124e+00 7.874563351936534339e-01 1.091950939135905907e+00 nan nan
1.400000000000000133e+00 7.874563351936534339e-01 1.091950939135905907e+00 nan nan
1.409999999999999920e+00 7.874563351936534339e-01 1.091950939135905907e+00 nan nan
1.419999999999999929e+00 7.874563351936534339e-01 1.091950939135905907e+00 nan nan
1.429999999999999938e+00 7.874563351936534339e-01 1.091950939135905907e+00 nan nan
1.439999999999999947e+00 7.874563351936534339e-01 1.091950939135905907e+00 nan nan
1.449999999999999956e+00 7.874563351936534339e-01 1.091950939135905907e+00 nan nan
1.459999999999999964e+00 7.874563351936534339e-01 1.091950939135905907e+00 nan nan
1.469999999999999973e+00 7.874563351936534339e-01 1.091950939135905907e+00 nan nan
1.479999999999999982e+00 7.874563351936534339e-01 1.091950939135905907e+00 nan nan
1.489999999999999991e+00 7.874563351936534339e-01 1.091950939135905907e+00 nan nan
1.500000000000000000e+00 7.874563351936534339e-01 1.091950939135905907e+00 nan nan
1.510000000000000009e+00 7.874563351936534339e-01 1.091950939135905907e+00 nan nan
1.520000000000000018e+00 7.874563351936534339e-01 1.091950939135905907e+00 nan nan
1.530000000000000027e+00 7.874563351936534339e-01 1.091950939135905907e+00 nan nan
1.540000000000000036e+00 7.874563351936534339e-01 1.091950939135905907e+00 nan nan
1.550000000000000044e+00 7.874563351936534339e-01 1.091950939135905907e+00 nan nan
1.560000000000000053e+00 7.874563351936534339e-01 1.091950939135905907e+00 nan nan
1.570000000000000062e+00 7.874563351936534339e-01 1.091950939135905907e+00 nan nan
1.580000000000000071e+00 7.874563351936534339e-01 1.091950939135905907e+00 nan nan
1.590000000000000080e+00 7.874563351936534339e-01 1.091950939135905907e+00 nan nan
1.600000000000000089e+00 7.874563351936534339e-01 1.091950939135905907e+00 nan nan
1.610000000000000098e+00 7.874563351936534339e-01 1.091950939135905907e+00 nan nan
1.620000000000000107e+00 7.874563351936534339e-01 1.091950939135905907e+00 nan nan
1.630000000000000115e+00 7.874563351936534339e-01 1.091950939135905907e+00 nan nan
1.640000000000000124e+00 7.874563351936534339e-01 1.091950939135905907e+00 nan nan
1.650000000000000133e+00 7.874563351936534339e-01 1.091950939135905907e+00 nan nan
1.660000000000000142e+00 7.874563351936534339e-01 1.091950939135905907e+00 nan nan
1.669999999999999929e+00 7.874563351936534339e-01 1.091950939135905907e+00 nan nan
1.679999999999999938e+00 7.874563351936534339e-01 1.091950939135905907e+00 nan nan
1.689999999999999947e+00 7.874563351936534339e-01 1.091950939135905907e+00 nan nan
1.699999999999999956e+00 7.874563351936534339e-01 1.091950939135905907e+00 nan nan
1.709999999999999964e+00 7.874563351936534339e-01 1.091950939135905907e+00 nan nan
1.719999999999999973e+00 7.874563351936534339e-01 1.091950939135905907e+00 nan nan
1.729999999999999982e+00 7.874563351936534339e-01 1.091950939135905907e+00 nan nan
1.739999999999999991e+00 7.874563351936534339e-01 1.091950939135905907e+00 nan nan
1.750000000000000000e+00 7.874563351936534339e-01 1.091950939135905907e+00 nan nan
1.760000000000000009e+00 7.874563351936534339e-01 1.091950939135905907e+00 nan nan
1.770000000000000018e+00 7.874563351936534339e-01 1.091950939135905907e+00 nan nan
1.780000000000000027e+00 7.874563351936534339e-01 1.091950939135905907e+00 nan nan
1.790000000000000036e+00 7.874563351936534339e-01 1.091950939135905907e+00 nan nan
1.800000000000000044e+00 7.874563351936534339e-01 1.091950939135905907e+00 nan nan
1.810000000000000053e+00 7.874563351936534339e-01 1.091950939135905907e+00 nan nan
1.820000000000000062e+00 7.874563351936534339e-01 1.091950939135905907e+00 nan nan
1.830000000000000071e+00 7.874563351936534339e-01 1.091950939135905907e+00 nan nan
1.840000000000000080e+00 7.874563351936534339e-01 1.091950939135905907e+00 nan nan
1.850000000000000089e+00 7.874563351936534339e-01 1.091950939135905907e+00 nan nan
1.860000000000000098e+00 7.874563351936534339e-01 1.091950939135905907e+00 nan nan
1.870000000000000107e+00 7.874563351936534339e-01 1.091950939135905907e+00 nan nan
1.880000000000000115e+00 7.874563351936534339e-01 1.091950939135905907e+00 nan nan
1.890000000000000124e+00 7.874563351936534339e-01 1.091950939135905907e+00 nan nan
1.900000000000000133e+00 7.874563351936534339e-01 1.091950939135905907e+00 nan nan
1.910000000000000142e+00 7.874563351936534339e-01 1.091950939135905907e+00 nan nan
1.919999999999999929e+00 7.874563351936534339e-01 1.091950939135905907e+00 nan nan
1.929999999999999938e+00 7.874563351936534339e-01 1.091950939135905907e+00 nan nan
1.939999999999999947e+00 7.874563351936534339e-01 1.091950939135905907e+00 nan nan
1.949999999999999956e+00 7.874563351936534339e-01 1.091950939135905907e+00 nan nan
1.959999999999999964e+00 7.874563351936534339e-01 1.091950939135905907e+00 nan nan
1.969999999999999973e+00 7.874563351936534339e-01 1.091950939135905907e+00 nan nan
1.979999999999999982e+00 7.874563351936534339e-01 1.091950939135905907e+00 nan nan
1.989999999999999991e+00 7.874563351936534339e-01 1.091950939135905907e+00 nan nan
2.000000000000000000e+00 7.874563351936534339e-01 1.091950939135905907e+00 nan nan
2.010000000000000231e+00 7.874563351936534339e-01 1.091950939135905907e+00 nan nan
2.020000000000000018e+00 7.874563351936534339e-01 1.091950939135905907e+00 nan nan
2.030000000000000249e+00 7.874563351936534339e-01 1.091950939135905907e+00 nan nan
2.040000000000000036e+00 7.874563351936534339e-01 1.091950939135905907e+00 nan nan
2.049999999999999822e+00 7.874563351936534339e-01 1.091950939135905907e+00 nan nan
2.060000000000000053e+00 7.874563351936534339e-01 1.091950939135905907e+00 nan nan
2.069999999999999840e+00 7.874563351936534339e-01 1.091950939135905907e+00 nan nan
2.080000000000000071e+00 7.874563351936534339e-01 1.091950939135905907e+00 nan nan
2.089999999999999858e+00 7.874563351936534339e-01 1.091950939135905907e+00 nan nan
2.100000000000000089e+00 7.874563351936534339e-01 1.091950939135905907e+00 nan nan
2.109999999999999876e+00 7.874563351936534339e-01 1.091950939135905907e+00 nan nan
2.120000000000000107e+00 7.874563351936534339e-01 1.091950939135905907e+00 nan nan
2.129999999999999893e+00 7.874563351936534339e-01 1.091950939135905907e+00 nan nan
2.140000000000000124e+00 7.874563351936534339e-01 1.091950939135905907e+00 nan nan
2.149999999999999911e+00 7.874563351936534339e-01 1.091950939135905907e+00 nan nan
2.160000000000000142e+00 7.874563351936534339e-01 1.091950939135905907e+00 nan nan
2.169999999999999929e+00 7.874563351936534339e-01 1.091950939135905907e+00 nan nan
2.180000000000000160e+00 7.874563351936534339e-01 1.091950939135905907e+00 nan nan
2.189999999999999947e+00 7.874563351936534339e-01 1.091950939135905907e+00 nan nan
2.200000000000000178e+00 7.874563351936534339e-01 1.091950939135905907e+00 nan nan
2.209999999999999964e+00 7.874563351936534339e-01 1.091950939135905907e+00 nan nan
2.220000000000000195e+00 7.874563351936534339e-01 1.091950939135905907e+00 nan nan
2.229999999999999982e+00 7.874563351936534339e-01 1.091950939135905907e+00 nan nan
2.240000000000000213e+00 7.874563351936534339e-01 8.736039817993935808e-01 nan nan
2.250000000000000000e+00 7.874563351936534339e-01 8.736039817993935808e-01 nan nan
2.260000000000000231e+00 7.874563351936534339e-01 8.736039817993935808e-01 nan nan
2.270000000000000018e+00 7.874563351936534339e-01 8.736039817993935808e-01 nan nan
2.280000000000000249e+00 7.874563351936534339e-01 8.736039817993935808e-01 nan nan
2.290000000000000036e+00 7.874563351936534339e-01 8.736039817993935808e-01 nan nan
2.300000000000000266e+00 7.874563351936534339e-01 8.736039817993935808e-01 nan nan
2.310000000000000053e+00 7.874563351936534339e-01 8.736039817993935808e-01 nan nan
2.319999999999999840e+00 7.874563351936534339e-01 8.736039817993935808e-01 nan nan
2.330000000000000071e+00 7.874563351936534339e-01 8.736039817993935808e-01 nan nan
2.339999999999999858e+00 7.874563351936534339e-01 8.736039817993935808e-01 nan nan
2.350000000000000089e+00 7.874563351936534339e-01 8.736039817993935808e-01 nan nan
2.359999999999999876e+00 7.874563351936534339e-01 8.736039817993935808e-01 nan nan
2.370000000000000107e+00 7.874563351936534339e-01 8.736039817993935808e-01 nan nan
2.379999999999999893e+00 7.874563351936534339e-01 8.736039817993935808e-01 nan nan
2.390000000000000124e+00 7.874563351936534339e-01 8.736039817993935808e-01 nan nan
2.399999999999999911e+00 7.874563351936534339e-01 8.736039817993935808e-01 nan nan
2.410000000000000142e+00 7.874563351936534339e-01 8.736039817993935808e-01 nan nan
2.419999999999999929e+00 7.874563351936534339e-01 8.736039817993935808e-01 nan nan
2.430000000000000160e+00 7.874563351936534339e-01 8.736039817993935808e-01 nan nan
2.439999999999999947e+00 7.874563351936534339e-01 8.736039817993935808e-01 nan nan
2.450000000000000178e+00 7.874563351936534339e-01 8.736039817993935808e-01 nan nan
2.459999999999999964e+00 7.874563351936534339e-01 8.736039817993935808e-01 nan nan
2.470000000000000195e+00 7.874563351936534339e-01 8.736039817993935808e-01 nan nan
2.479999999999999982e+00 7.874563351936534339e-01 8.736039817993935808e-01 nan nan
2.490000000000000213e+00 7.874563351936534339e-01 8.736039817993935808e-01 nan nan
2.500000000000000000e+00 7.874563351936534339e-01 8.736039817993935808e-01 nan nan
2.510000000000000231e+00 7.874563351936534339e-01 8.736039817993935808e-01 nan nan
2.520000000000000018e+00 7.874563351936534339e-01 8.736039817993935808e-01 nan nan
2.530000000000000249e+00 7.874563351936534339e-01 8.736039817993935808e-01 nan nan
2.540000000000000036e+00 7.874563351936534339e-01 8.736039817993935808e-01 nan nan
2.550000000000000266e+00 7.874563351936534339e-01 8.736039817993935808e-01 nan nan
2.560000000000000053e+00 7.874563351936534339e-01 8.736039817993935808e-01 nan nan
2.569999999999999840e+00 7.874563351936534339e-01 8.736039817993935808e-01 nan nan
2.580000000000000071e+00 7.874563351936534339e-01 8.736039817993935808e-01 nan nan
2.589999999999999858e+00 7.874563351936534339e-01 8.736039817993935808e-01 nan nan
2.600000000000000089e+00 7.874563351936534339e-01 8.736039817993935808e-01 nan nan
2.609999999999999876e+00 7.874563351936534339e-01 8.736039817993935808e-01 nan nan
2.620000000000000107e+00 7.874563351936534339e-01 8.736039817993935808e-01 nan nan
2.629999999999999893e+00 7.874563351936534339e-01 4.810674824318271203e-01 nan nan
2.640000000000000124e+00 7.874563351936534339e-01 4.810674824318271203e-01 nan nan
2.649999999999999911e+00 7.874563351936534339e-01 4.810674824318271203e-01 nan nan
2.660000000000000142e+00 7.874563351936534339e-01 4.810674824318271203e-01 nan nan
2.669999999999999929e+00 7.874563351936534339e-01 4.810674824318271203e-01 nan nan
2.680000000000000160e+00 7.874563351936534339e-01 4.810674824318271203e-01 nan nan
2.689999999999999947e+00 7.874563351936534339e-01 4.810674824318271203e-01 nan nan
2.700000000000000178e+00 7.874563351936534339e-01 4.810674824318271203e-01 nan nan
2.709999999999999964e+00 7.874563351936534339e-01 4.810674824318271203e-01 nan nan
2.720000000000000195e+00 7.874563351936534339e-01 4.810674824318271203e-01 nan nan
2.729999999999999982e+00 7.874563351936534339e-01 4.810674824318271203e-01 nan nan
2.740000000000000213e+00 7.874563351936534339e-01 4.810674824318271203e-01 nan nan
2.750000000000000000e+00 7.874563351936534339e-01 4.810674824318271203e-01 nan nan
2.760000000000000231e+00 7.874563351936534339e-01 4.810674824318271203e-01 nan nan
2.770000000000000018e+00 7.874563351936534339e-01 4.810674824318271203e-01 nan nan
2.780000000000000249e+00 7.874563351936534339e-01 4.810674824318271203e-01 nan nan
2.790000000000000036e+00 7.874563351936534339e-01 4.810674824318271203e-01 nan nan
2.800000000000000266e+00 7.874563351936534339e-01 2.554666968003976857e-01 nan nan
2.810000000000000053e+00 7.874563351936534339e-01 2.554666968003976857e-01 nan nan
2.819999999999999840e+00 7.874563351936534339e-01 2.554666968003976857e-01 nan nan
2.830000000000000071e+00 7.874563351936534339e-01 2.554666968003976857e-01 nan nan
2.839999999999999858e+00 7.874563351936534339e-01 2.554666968003976857e-01 nan nan
2.850000000000000089e+00 -8.972549023294759674e-02 4.788297550334331132e-01 nan nan
2.859999999999999876e+00 -8.972549023294759674e-02 4.788297550334331132e-01 nan nan
2.870000000000000107e+00 -8.972549023294759674e-02 4.788297550334331132e-01 nan nan
2.879999999999999893e+00 -8.972549023294759674e-02 4.788297550334331132e-01 nan nan
2.890000000000000124e+00 -8.972549023294759674e-02 4.788297550334331132e-01 nan nan
2.899999999999999911e+00 -8.972549023294759674e-02 4.788297550334331132e-01 nan nan
2.910000000000000142e+00 -8.972549023294759674e-02 4.788297550334331132e-01 nan nan
2.919999999999999929e+00 -8.972549023294759674e-02 4.788297550334331132e-01 nan nan
2.930000000000000160e+00 -8.972549023294759674e-02 4.788297550334331132e-01 nan nan
2.939999999999999947e+00 -8.972549023294759674e-02 2.503203752789125436e-01 nan nan
2.950000000000000178e+00 -8.972549023294759674e-02 2.503203752789125436e-01 nan nan
2.959999999999999964e+00 -8.972549023294759674e-02 2.503203752789125436e-01 nan nan
2.970000000000000195e+00 -8.972549023294759674e-02 2.503203752789125436e-01 nan nan
2.979999999999999982e+00 -8.972549023294759674e-02 2.503203752789125436e-01 nan nan
2.990000000000000213e+00 -8.972549023294759674e-02 2.503203752789125436e-01 nan nan
3.000000000000000000e+00 -8.972549023294759674e-02 2.503203752789125436e-01 nan nan
3.010000000000000231e+00 -8.972549023294759674e-02 2.503203752789125436e-01 nan nan
3.020000000000000018e+00 -8.972549023294759674e-02 2.503203752789125436e-01 nan nan
3.030000000000000249e+00 -8.972549023294759674e-02 2.503203752789125436e-01 nan nan
3.040000000000000036e+00 -8.972549023294759674e-02 2.503203752789125436e-01 nan nan
3.050000000000000266e+00 -8.972549023294759674e-02 2.503203752789125436e-01 nan nan
3.060000000000000053e+00 -8.972549023294759674e-02 2.503203752789125436e-01 nan nan
3.070000000000000284e+00 -8.972549023294759674e-02 2.503203752789125436e-01 nan nan
3.080000000000000071e+00 -8.972549023294759674e-02 -7.478830195040242490e-01 nan nan
3.089999999999999858e+00 -8.972549023294759674e-02 -8.130430780535588542e-02 nan nan
3.100000000000000089e+00 -8.972549023294759674e-02 -8.130430780535588542e-02 nan nan
3.109999999999999876e+00 -8.972549023294759674e-02 -8.130430780535588542e-02 nan nan
3.120000000000000107e+00 -8.972549023294759674e-02 -8.130430780535588542e-02 nan nan
3.129999999999999893e+00 -8.972549023294759674e-02 -8.130430780535588542e-02 nan nan
3.140000000000000124e+00 -8.972549023294759674e-02 -8.130430780535588542e-02 nan nan
3.149999999999999911e+00 -8.972549023294759674e-02 -8.130430780535588542e-02 nan nan
3.160000000000000142e+00 -8.972549023294759674e-02 -8.130430780535588542e-02 nan nan
3.169999999999999929e+00 -8.972549023294759674e-02 -8.130430780535588542e-02 nan nan
3.180000000000000160e+00 -8.972549023294759674e-02 -8.130430780535588542e-02 nan nan
3.189999999999999947e+00 -8.972549023294759674e-02 -8.130430780535588542e-02 nan nan
3.200000000000000178e+00 -8.972549023294759674e-02 -8.130430780535588542e-02 nan nan
3.209999999999999964e+00 -8.972549023294759674e-02 -8.130430780535588542e-02 nan nan
3.220000000000000195e+00 -8.972549023294759674e-02 -8.130430780535588542e-02 nan nan
3.229999999999999982e+00 -8.972549023294759674e-02 -8.130430780535588542e-02 nan nan
3.240000000000000213e+00 -8.972549023294759674e-02 -8.130430780535588542e-02 nan nan
3.250000000000000000e+00 -8.972549023294759674e-02 -8.130430780535588542e-02 nan nan
3.260000000000000231e+00 -8.972549023294759674e-02 -8.130430780535588542e-02 nan nan
3.270000000000000018e+00 -8.972549023294759674e-02 -8.130430780535588542e-02 nan nan
3.280000000000000249e+00 -8.972549023294759674e-02 -8.130430780535588542e-02 nan nan
3.290000000000000036e+00 -8.972549023294759674e-02 -8.130430780535588542e-02 nan nan
3.300000000000000266e+00 -8.972549023294759674e-02 -8.130430780535588542e-02 nan nan
3.310000000000000053e+00 -8.972549023294759674e-02 -8.130430780535588542e-02 nan nan
3.320000000000000284e+00 -8.972549023294759674e-02 -8.130430780535588542e-02 nan nan
3.330000000000000071e+00 -8.972549023294759674e-02 -8.130430780535588542e-02 nan nan
3.339999999999999858e+00 -8.972549023294759674e-02 -8.130430780535588542e-02 nan nan
3.350000000000000089e+00 -8.972549023294759674e-02 -8.130430780535588542e-02 nan nan
3.359999999999999876e+00 -8.972549023294759674e-02 -8.130430780535588542e-02 nan nan
3.370000000000000107e+00 -8.972549023294759674e-02 -8.130430780535588542e-02 nan nan
3.379999999999999893e+00 -8.972549023294759674e-02 -8.130430780535588542e-02 nan nan
3.390000000000000124e+00 -8.972549023294759674e-02 -8.130430780535588542e-02 nan nan
3.399999999999999911e+00 -8.972549023294759674e-02 -8.130430780535588542e-02 nan nan
3.410000000000000142e+00 -8.972549023294759674e-02 -8.130430780535588542e-02 nan nan
3.419999999999999929e+00 -8.972549023294759674e-02 -8.130430780535588542e-02 nan nan
3.430000000000000160e+00 -8.972549023294759674e-02 -8.130430780535588542e-02 nan nan
3.439999999999999947e+00 -8.972549023294759674e-02 -8.130430780535588542e-02 nan nan
3.450000000000000178e+00 -8.972549023294759674e-02 -8.130430780535588542e-02 nan nan
3.459999999999999964e+00 -8.972549023294759674e-02 -8.130430780535588542e-02 nan nan
3.470000000000000195e+00 -8.972549023294759674e-02 -8.130430780535588542e-02 nan nan
3.479999999999999982e+00 -8.972549023294759674e-02 -8.130430780535588542e-02 nan nan
3.490000000000000213e+00 -8.972549023294759674e-02 -8.130430780535588542e-02 nan nan
3.500000000000000000e+00 -8.972549023294759674e-02 -8.130430780535588542e-02 nan nan
3.510000000000000231e+00 -8.972549023294759674e-02 -8.130430780535588542e-02 nan nan
3.520000000000000018e+00 -8.972549023294759674e-02 -8.130430780535588542e-02 nan nan
3.530000000000000249e+00 -8.972549023294759674e-02 -8.130430780535588542e-02 nan nan
3.540000000000000036e+00 -8.972549023294759674e-02 -8.130430780535588542e-02 nan nan
3.550000000000000266e+00 -8.972549023294759674e-02 -8.130430780535588542e-02 nan nan
3.560000000000000053e+00 -8.972549023294759674e-02 -8.130430780535588542e-02 nan nan
3.570000000000000284e+00 -8.972549023294759674e-02 -8.130430780535588542e-02 nan nan
3.580000000000000071e+00 -8.972549023294759674e-02 -8.130430780535588542e-02 nan nan
3.589999999999999858e+00 -8.972549023294759674e-02 -8.130430780535588542e-02 nan nan
3.600000000000000089e+00 -8.972549023294759674e-02 -8.130430780535588542e-02 nan nan
3.609999999999999876e+00 -8.972549023294759674e-02 -8.130430780535588542e-02 nan nan
3.620000000000000107e+00 -8.972549023294759674e-02 -8.130430780535588542e-02 nan nan
3.629999999999999893e+00 -8.972549023294759674e-02 -8.130430780535588542e-02 nan nan
3.640000000000000124e+00 -8.972549023294759674e-02 -8.130430780535588542e-02 nan nan
3.649999999999999911e+00 -8.972549023294759674e-02 -8.130430780535588542e-02 nan nan
3.660000000000000142e+00 -8.972549023294759674e-02 -8.130430780535588542e-02 nan nan
3.669999999999999929e+00 -8.972549023294759674e-02 -8.130430780535588542e-02 nan nan
3.680000000000000160e+00 -8.972549023294759674e-02 -8.130430780535588542e-02 nan nan
3.689999999999999947e+00 -8.972549023294759674e-02 -8.130430780535588542e-02 nan nan
3.700000000000000178e+00 -8.972549023294759674e-02 -8.130430780535588542e-02 nan nan
3.709999999999999964e+00 -8.972549023294759674e-02 -8.130430780535588542e-02 nan nan
3.720000000000000195e+00 -8.972549023294759674e-02 -8.130430780535588542e-02 nan nan
3.729999999999999982e+00 -8.972549023294759674e-02 -8.130430780535588542e-02 nan nan
3.740000000000000213e+00 -8.972549023294759674e-02 -8.130430780535588542e-02 nan nan
3.750000000000000000e+00 -8.972549023294759674e-02 -8.130430780535588542e-02 nan nan
3.760000000000000231e+00 -8.972549023294759674e-02 -8.130430780535588542e-02 nan nan
3.770000000000000018e+00 -8.972549023294759674e-02 -8.130430780535588542e-02 nan nan
3.780000000000000249e+00 -8.972549023294759674e-02 -8.130430780535588542e-02 nan nan
3.790000000000000036e+00 -7.600016581729949205e-01 -4.931203593096971094e-01 nan nan
3.800000000000000266e+00 -7.600016581729949205e-01 -4.931203593096971094e-01 nan nan
3.810000000000000053e+00 -7.600016581729949205e-01 -4.931203593096971094e-01 nan nan
3.820000000000000284e+00 -7.600016581729949205e-01 -4.931203593096971094e-01 nan nan
3.830000000000000071e+00 -7.600016581729949205e-01 -4.931203593096971094e-01 nan nan
3.839999999999999858e+00 -7.600016581729949205e-01 -4.931203593096971094e-01 nan nan
3.850000000000000089e+00 -7.600016581729949205e-01 -4.931203593096971094e-01 nan nan
3.859999999999999876e+00 -7.600016581729949205e-01 -4.931203593096971094e-01 nan nan
3.870000000000000107e+00 -7.600016581729949205e-01 -4.931203593096971094e-01 nan nan
3.879999999999999893e+00 -7.600016581729949205e-01 -4.931203593096971094e-01 nan nan
3.890000000000000124e+00 -7.600016581729949205e-01 -4.931203593096971094e-01 nan nan
3.899999999999999911e+00 -7.600016581729949205e-01 -4.931203593096971094e-01 nan nan
3.910000000000000142e+00 -7.600016581729949205e-01 -4.931203593096971094e-01 nan nan
3.919999999999999929e+00 -7.600016581729949205e-01 -4.931203593096971094e-01 nan nan
3.930000000000000160e+00 -7.600016581729949205e-01 -4.931203593096971094e-01 nan nan
3.939999999999999947e+00 -7.600016581729949205e-01 -4.931203593096971094e-01 nan nan
3.950000000000000178e+00 -7.600016581729949205e-01 -4.931203593096971094e-01 nan nan
3.959999999999999964e+00 -7.600016581729949205e-01 -4.931203593096971094e-01 nan nan
3.970000000000000195e+00 -7.600016581729949205e-01 -4.931203593096971094e-01 nan nan
3.979999999999999982e+00 -7.600016581729949205e-01 -8.024115614063247470e-01 nan nan
3.990000000000000213e+00 -7.600016581729949205e-01 -8.024115614063247470e-01 nan nan
4.000000000000000000e+00 -7.600016581729949205e-01 -8.024115614063247470e-01 nan nan
4.009999999999999787e+00 -7.600016581729949205e-01 -8.024115614063247470e-01 nan nan
4.020000000000000462e+00 -7.600016581729949205e-01 -8.024115614063247470e-01 nan nan
4.030000000000000249e+00 -7.600016581729949205e-01 -8.024115614063247470e-01 nan nan
4.040000000000000036e+00 -7.600016581729949205e-01 -8.024115614063247470e-01 nan nan
4.049999999999999822e+00 -7.600016581729949205e-01 -8.024115614063247470e-01 nan nan
4.060000000000000497e+00 -7.600016581729949205e-01 -8.024115614063247470e-01 nan nan
4.070000000000000284e+00 -7.600016581729949205e-01 -8.024115614063247470e-01 nan nan
4.080000000000000071e+00 -7.600016581729949205e-01 -8.024115614063247470e-01 nan nan
4.089999999999999858e+00 -7.600016581729949205e-01 -8.024115614063247470e-01 nan nan
4.099999999999999645e+00 -7.600016581729949205e-01 -8.024115614063247470e-01 nan nan
4.110000000000000320e+00 -7.600016581729949205e-01 -8.024115614063247470e-01 nan nan
4.120000000000000107e+00 -7.600016581729949205e-01 -8.024115614063247470e-01 nan nan
4.129999999999999893e+00 -7.600016581729949205e-01 -8.024115614063247470e-01 nan nan
4.139999999999999680e+00 -7.600016581729949205e-01 -8.024115614063247470e-01 nan nan
4.150000000000000355e+00 -7.600016581729949205e-01 -8.024115614063247470e-01 nan nan
4.160000000000000142e+00 -7.600016581729949205e-01 -8.024115614063247470e-01 nan nan
4.169999999999999929e+00 -7.600016581729949205e-01 -8.024115614063247470e-01 nan nan
4.179999999999999716e+00 -7.600016581729949205e-01 -8.024115614063247470e-01 nan nan
4.190000000000000391e+00 -7.600016581729949205e-01 -8.024115614063247470e-01 nan nan
4.200000000000000178e+00 -7.600016581729949205e-01 -8.024115614063247470e-01 nan nan
4.209999999999999964e+00 -7.600016581729949205e-01 -8.024115614063247470e-01 nan nan
4.219999999999999751e+00 -7.600016581729949205e-01 -8.024115614063247470e-01 nan nan
4.230000000000000426e+00 -7.600016581729949205e-01 -8.024115614063247470e-01 nan nan
4.240000000000000213e+00 -7.600016581729949205e-01 -8.024115614063247470e-01 nan nan
4.250000000000000000e+00 -7.600016581729949205e-01 -8.024115614063247470e-01 nan nan
4.259999999999999787e+00 -7.600016581729949205e-01 -8.024115614063247470e-01 nan nan
4.270000000000000462e+00 -7.600016581729949205e-01 3.234051438110276955e-01 nan nan
4.280000000000000249e+00 -7.600016581729949205e-01 3.234051438110276955e-01 nan nan
4.290000000000000036e+00 -7.600016581729949205e-01 3.234051438110276955e-01 nan nan
4.299999999999999822e+00 -7.600016581729949205e-01 3.234051438110276955e-01 nan nan
4.310000000000000497e+00 -7.600016581729949205e-01 3.234051438110276955e-01 nan nan
4.320000000000000284e+00 -7.600016581729949205e-01 3.234051438110276955e-01 nan nan
4.330000000000000071e+00 -7.600016581729949205e-01 3.234051438110276955e-01 nan nan
4.339999999999999858e+00 -7.600016581729949205e-01 3.234051438110276955e-01 nan nan
4.350000000000000533e+00 -7.600016581729949205e-01 3.234051438110276955e-01 nan nan
4.360000000000000320e+00 -7.600016581729949205e-01 3.234051438110276955e-01 nan nan
4.370000000000000107e+00 -7.600016581729949205e-01 3.234051438110276955e-01 nan nan
4.379999999999999893e+00 -7.600016581729949205e-01 3.234051438110276955e-01 nan nan
4.389999999999999680e+00 -7.600016581729949205e-01 3.234051438110276955e-01 nan nan
4.400000000000000355e+00 -7.600016581729949205e-01 3.234051438110276955e-01 nan nan
4.410000000000000142e+00 -7.600016581729949205e-01 -1.012438029680389873e+00 nan nan
4.419999999999999929e+00 -7.600016581729949205e-01 -1.012438029680389873e+00 nan nan
4.429999999999999716e+00 -7.600016581729949205e-01 -1.012438029680389873e+00 nan nan
4.440000000000000391e+00 -7.600016581729949205e-01 -1.012438029680389873e+00 nan nan
4.450000000000000178e+00 -7.600016581729949205e-01 -1.012438029680389873e+00 nan nan
4.459999999999999964e+00 -7.600016581729949205e-01 -1.012438029680389873e+00 nan nan
4.469999999999999751e+00 -7.600016581729949205e-01 -1.012438029680389873e+00 nan nan
4.480000000000000426e+00 -7.600016581729949205e-01 -1.012438029680389873e+00 nan nan
4.490000000000000213e+00 -7.600016581729949205e-01 -1.012438029680389873e+00 nan nan
4.500000000000000000e+00 -7.600016581729949205e-01 -1.012438029680389873e+00 nan nan
4.509999999999999787e+00 -7.600016581729949205e-01 -1.012438029680389873e+00 nan nan
4.520000000000000462e+00 -7.600016581729949205e-01 -1.012438029680389873e+00 nan nan
4.530000000000000249e+00 -7.600016581729949205e-01 -1.012438029680389873e+00 nan nan
4.540000000000000036e+00 -7.600016581729949205e-01 -1.012438029680389873e+00 nan nan
4.549999999999999822e+00 -7.600016581729949205e-01 -1.012438029680389873e+00 nan nan
4.560000000000000497e+00 -7.600016581729949205e-01 -1.012438029680389873e+00 nan nan
4.570000000000000284e+00 -7.600016581729949205e-01 -1.012438029680389873e+00 nan nan
4.580000000000000071e+00 -7.600016581729949205e-01 -1.012438029680389873e+00 nan nan
4.589999999999999858e+00 -7.600016581729949205e-01 -1.012438029680389873e+00 nan nan
4.600000000000000533e+00 -7.600016581729949205e-01 -1.012438029680389873e+00 nan nan
4.610000000000000320e+00 -7.600016581729949205e-01 -1.012438029680389873e+00 nan nan
4.620000000000000107e+00 -7.600016581729949205e-01 -1.012438029680389873e+00 nan nan
4.629999999999999893e+00 -7.600016581729949205e-01 -1.012438029680389873e+00 nan nan
4.639999999999999680e+00 -7.600016581729949205e-01 -1.012438029680389873e+00 nan nan
4.650000000000000355e+00 -7.600016581729949205e-01 -1.012438029680389873e+00 nan nan
4.660000000000000142e+00 -7.600016581729949205e-01 -1.012438029680389873e+00 nan nan
4.669999999999999929e+00 -7.600016581729949205e-01 -1.012438029680389873e+00 nan nan
4.679999999999999716e+00 -7.600016581729949205e-01 -9.097729915834367187e-01 nan nan
4.690000000000000391e+00 -7.600016581729949205e-01 -9.097729915834367187e-01 nan nan
4.700000000000000178e+00 -7.600016581729949205e-01 -9.097729915834367187e-01 nan nan
4.709999999999999964e+00 -7.600016581729949205e-01 -9.097729915834367187e-01 nan nan
4.719999999999999751e+00 -7.600016581729949205e-01 -9.097729915834367187e-01 nan nan
4.730000000000000426e+00 -7.600016581729949205e-01 -9.097729915834367187e-01 nan nan
4.740000000000000213e+00 -7.600016581729949205e-01 -9.097729915834367187e-01 nan nan
4.750000000000000000e+00 -7.600016581729949205e-01 -9.097729915834367187e-01 nan nan
4.759999999999999787e+00 -7.600016581729949205e-01 -9.097729915834367187e-01 nan nan
4.770000000000000462e+00 -7.600016581729949205e-01 -9.097729915834367187e-01 nan nan
4.780000000000000249e+00 -7.600016581729949205e-01 -9.097729915834367187e-01 nan nan
4.790000000000000036e+00 -7.600016581729949205e-01 -9.097729915834367187e-01 nan nan
4.799999999999999822e+00 -7.600016581729949205e-01 -9.097729915834367187e-01 nan nan
4.810000000000000497e+00 -7.600016581729949205e-01 -9.097729915834367187e-01 nan nan
4.820000000000000284e+00 -7.600016581729949205e-01 -9.097729915834367187e-01 nan nan
4.830000000000000071e+00 -7.600016581729949205e-01 -9.097729915834367187e-01 nan nan
4.839999999999999858e+00 -7.600016581729949205e-01 -9.097729915834367187e-01 nan nan
4.850000000000000533e+00 -7.600016581729949205e-01 -9.097729915834367187e-01 nan nan
4.860000000000000320e+00 -7.600016581729949205e-01 -9.097729915834367187e-01 nan nan
4.870000000000000107e+00 -7.600016581729949205e-01 -9.097729915834367187e-01 nan nan
4.879999999999999893e+00 -7.600016581729949205e-01 -9.097729915834367187e-01 nan nan
4.889999999999999680e+00 -7.600016581729949205e-01 -1.113746844284512427e+00 nan nan
4.900000000000000355e+00 -7.600016581729949205e-01 -1.113746844284512427e+00 nan nan
4.910000000000000142e+00 -7.600016581729949205e-01 -1.113746844284512427e+00 nan nan
4.919999999999999929e+00 -7.600016581729949205e-01 -9.298455937972972540e-01 nan nan
4.929999999999999716e+00 -7.600016581729949205e-01 -9.298455937972972540e-01 nan nan
4.940000000000000391e+00 -7.600016581729949205e-01 -9.298455937972972540e-01 nan nan
4.950000000000000178e+00 -7.600016581729949205e-01 -9.298455937972972540e-01 nan nan
4.959999999999999964e+00 -7.600016581729949205e-01 -9.298455937972972540e-01 nan nan
4.969999999999999751e+00 -7.600016581729949205e-01 -9.298455937972972540e-01 nan nan
4.980000000000000426e+00 -7.600016581729949205e-01 -9.298455937972972540e-01 nan nan
4.990000000000000213e+00 -7.600016581729949205e-01 -9.298455937972972540e-01 nan nan
