#
#"Frequency / MHz"	"S1,1 [Magnitude]"
#------------------------------------
500.00000000000	-0.11756230093969
504.50000000000	-0.16180773057677
509.00000000000	-0.17011328511311
513.50000000000	-0.14283485199858
518.00000000000	-0.095258879488544
522.50000000000	-0.047513545897300
527.00000000000	-0.014281492374903
531.50000000000	6.3248058391312e-07
536.00000000000	-0.00034411281194387
540.50000000000	-0.0073189194659479
545.00000000000	-0.014332105955764
549.50000000000	-0.018559601676334
554.00000000000	-0.020169380308367
558.50000000000	-0.020106409050595
563.00000000000	-0.018680307936707
567.50000000000	-0.015821027392905
572.00000000000	-0.012185103613845
576.50000000000	-0.0095835362669794
581.00000000000	-0.0099932423331524
585.50000000000	-0.013845803588016
590.00000000000	-0.019159586978847
594.50000000000	-0.022480644900795
599.00000000000	-0.021256522035189
603.50000000000	-0.015897655053943
608.00000000000	-0.0098362562472186
612.50000000000	-0.0073081399768886
617.00000000000	-0.010344093726464
621.50000000000	-0.017154713749259
626.00000000000	-0.023154167489938
630.50000000000	-0.024089589332075
635.00000000000	-0.019126608232017
639.50000000000	-0.011599139207030
644.00000000000	-0.0067718600377721
648.50000000000	-0.0081500802026664
653.00000000000	-0.014961430530878
657.50000000000	-0.022573192999278
662.00000000000	-0.025660542047776
666.50000000000	-0.021983979169942
671.00000000000	-0.014069344662590
675.50000000000	-0.0074772436281762
680.00000000000	-0.0069154650139976
684.50000000000	-0.012911718537775
689.00000000000	-0.021386641510958
693.50000000000	-0.026442946150773
698.00000000000	-0.024511843207041
702.50000000000	-0.016944821715897
707.00000000000	-0.0090953583193029
711.50000000000	-0.0065488160384414
716.00000000000	-0.011212261374397
720.50000000000	-0.019943923524495
725.00000000000	-0.026697345151228
729.50000000000	-0.026752552766850
734.00000000000	-0.020098905158664
738.50000000000	-0.011481048242840
743.00000000000	-0.0070494450802014
747.50000000000	-0.010041232477954
752.00000000000	-0.018508895955675
756.50000000000	-0.026633152692070
761.00000000000	-0.028774610087267
765.50000000000	-0.023489780500573
770.00000000000	-0.014593478392870
774.50000000000	-0.0084701926525114
779.00000000000	-0.0095762513455784
783.50000000000	-0.017328558579562
788.00000000000	-0.026465236827803
792.50000000000	-0.030697604031232
797.00000000000	-0.027154498485085
801.50000000000	-0.018467160004226
806.00000000000	-0.010923286850642
810.50000000000	-0.010033134735369
815.00000000000	-0.016674554251932
819.50000000000	-0.026448649016635
824.00000000000	-0.032702289106643
828.50000000000	-0.031210568680892
833.00000000000	-0.023218224586544
837.50000000000	-0.014594031827644
842.00000000000	-0.011688271890951
846.50000000000	-0.016884819376367
851.00000000000	-0.026912589546277
855.50000000000	-0.035064240842720
860.00000000000	-0.035885340891452
864.50000000000	-0.029081769102009
869.00000000000	-0.019779901814110
873.50000000000	-0.014924580928304
878.00000000000	-0.018399287877369
882.50000000000	-0.028304415450341
887.00000000000	-0.038194978260045
891.50000000000	-0.041559484066400
896.00000000000	-0.036448179421360
900.50000000000	-0.026938988308439
905.00000000000	-0.020285809957153
909.50000000000	-0.021830226483665
914.00000000000	-0.031250714153893
918.50000000000	-0.042705429113193
923.00000000000	-0.048832951679702
927.50000000000	-0.045956172371754
932.00000000000	-0.036787369756201
936.50000000000	-0.028579301718977
941.00000000000	-0.028043482589550
945.50000000000	-0.036644192519936
950.00000000000	-0.049490735372416
954.50000000000	-0.058623716260235
959.00000000000	-0.058589767410581
963.50000000000	-0.050411109680626
968.00000000000	-0.040990164643633
972.50000000000	-0.038289994176798
977.00000000000	-0.045762514355515
981.50000000000	-0.059851303805922
986.00000000000	-0.072295505893435
990.50000000000	-0.075829669926414
995.00000000000	-0.069436743722320
999.50000000000	-0.059257081499552
1004.0000000000	-0.054355566839603
1008.5000000000	-0.060399359077491
1013.0000000000	-0.075618827882157
1017.5000000000	-0.091795998867652
1022.0000000000	-0.099830380348477
1026.5000000000	-0.096230361697731
1031.0000000000	-0.085863387601151
1035.5000000000	-0.078717868340387
1040.0000000000	-0.082974014432607
1044.5000000000	-0.099227568224820
1049.0000000000	-0.11975677747719
1053.5000000000	-0.13356461672717
1058.0000000000	-0.13408922172094
1062.5000000000	-0.12421160285318
1067.0000000000	-0.11461128918763
1071.5000000000	-0.11644818865832
1076.0000000000	-0.13355487408652
1080.5000000000	-0.15936784535299
1085.0000000000	-0.18086047593515
1089.5000000000	-0.18741136741783
1094.0000000000	-0.17875237655117
1098.5000000000	-0.16587907839441
1103.0000000000	-0.16379881515664
1107.5000000000	-0.18117889313554
1112.0000000000	-0.21383143132009
1116.5000000000	-0.24645088892290
1121.0000000000	-0.26237586690781
1125.5000000000	-0.25570915465318
1130.0000000000	-0.23688630776079
1134.5000000000	-0.22667070645676
1139.0000000000	-0.24240608086967
1143.5000000000	-0.28564115287654
1148.0000000000	-0.33873302286683
1152.5000000000	-0.37389077155290
1157.0000000000	-0.37167621281644
1161.5000000000	-0.33757414715084
1166.0000000000	-0.30308650283920
1170.5000000000	-0.30945707496823
1175.0000000000	-0.38505299084845
1179.5000000000	-0.52789542496563
1184.0000000000	-0.69930093405979
1188.5000000000	-0.83399693009032
1193.0000000000	-0.87068214873105
1197.5000000000	-0.79024157266871
1202.0000000000	-0.62974621902853
1206.5000000000	-0.45800950657460
1211.0000000000	-0.33707229857281
1215.5000000000	-0.29766842798722
1220.0000000000	-0.33399869658011
1224.5000000000	-0.41206816910743
1229.0000000000	-0.48742955435272
1233.5000000000	-0.52732306327323
1238.0000000000	-0.52605484449141
1242.5000000000	-0.50303874839050
1247.0000000000	-0.48604793236756
1251.5000000000	-0.49314080871775
1256.0000000000	-0.52412876995280
1260.5000000000	-0.56383227024240
1265.0000000000	-0.59342105079751
1269.5000000000	-0.60275255091388
1274.0000000000	-0.59589336040542
1278.5000000000	-0.58663844580874
1283.0000000000	-0.58832211836601
1287.5000000000	-0.60540204656370
1292.0000000000	-0.63172670162745
1296.5000000000	-0.65555681041477
1301.0000000000	-0.66774208902299
1305.5000000000	-0.66755698408548
1310.0000000000	-0.66241363606015
1314.5000000000	-0.66215058449531
1319.0000000000	-0.67235389979270
1323.5000000000	-0.69113232540402
1328.0000000000	-0.71099314224961
1332.5000000000	-0.72420686785214
1337.0000000000	-0.72800053307639
1341.5000000000	-0.72606659634972
1346.0000000000	-0.72559020886456
1350.5000000000	-0.73219885140341
1355.0000000000	-0.74638325388365
1359.5000000000	-0.76355179801624
1364.0000000000	-0.77741547348064
1368.5000000000	-0.78431308760899
1373.0000000000	-0.78552406603967
1377.5000000000	-0.78609945736394
1382.0000000000	-0.79122972105220
1386.5000000000	-0.80278605033226
1391.0000000000	-0.81830612538680
1395.5000000000	-0.83288616536208
1400.0000000000	-0.84260740137176
1404.5000000000	-0.84713624378436
1409.0000000000	-0.84975529223750
1413.5000000000	-0.85495685588508
1418.0000000000	-0.86536968370774
1422.5000000000	-0.88012876362958
1427.0000000000	-0.89563993450628
1431.5000000000	-0.90812770641170
1436.0000000000	-0.91619341495844
1440.5000000000	-0.92165319955850
1445.0000000000	-0.92815536612322
1449.5000000000	-0.93865018375990
1454.0000000000	-0.95345843473130
1458.5000000000	-0.97020035631710
1463.0000000000	-0.98550769976903
1467.5000000000	-0.99734261036178
1472.0000000000	-1.0063190300246
1476.5000000000	-1.0151780671635
1481.0000000000	-1.0268570003515
1485.5000000000	-1.0425234104303
1490.0000000000	-1.0608880742983
1494.5000000000	-1.0791709944607
1499.0000000000	-1.0950385457137
1503.5000000000	-1.1081536086545
1508.0000000000	-1.1203436899787
1512.5000000000	-1.1342800165524
1517.0000000000	-1.1516753108469
1521.5000000000	-1.1721833539446
1526.0000000000	-1.1937270832376
1530.5000000000	-1.2139538381423
1535.0000000000	-1.2318346254657
1539.5000000000	-1.2483124744120
1544.0000000000	-1.2656184075267
1548.5000000000	-1.2857238997541
1553.0000000000	-1.3090680042534
1557.5000000000	-1.3343226624765
1562.0000000000	-1.3593451700635
1566.5000000000	-1.3826618856597
1571.0000000000	-1.4044282965213
1575.5000000000	-1.4262965697675
1580.0000000000	-1.4502613173523
1584.5000000000	-1.4773504632102
1589.0000000000	-1.5069757506145
1593.5000000000	-1.5373937080434
1598.0000000000	-1.5669240324461
1602.5000000000	-1.5950657363102
1607.0000000000	-1.6228248993286
1611.5000000000	-1.6520122336552
1616.0000000000	-1.6840274163783
1620.5000000000	-1.7189691193457
1625.0000000000	-1.7556220868719
1629.5000000000	-1.7923186538581
1634.0000000000	-1.8280832952650
1638.5000000000	-1.8632747025110
1643.0000000000	-1.8993381206710
1647.5000000000	-1.9378360042524
1652.0000000000	-1.9794412161489
1656.5000000000	-2.0235341324068
1661.0000000000	-2.0686821768168
1665.5000000000	-2.1136193020270
1670.0000000000	-2.1581267300144
1674.5000000000	-2.2031675194975
1679.0000000000	-2.2502642042651
1683.5000000000	-2.3005089341051
1688.0000000000	-2.3538915732158
1692.5000000000	-2.4093724969742
1697.0000000000	-2.4656363965302
1701.5000000000	-2.5220041781131
1706.0000000000	-2.5789199098723
1710.5000000000	-2.6376838479463
1715.0000000000	-2.6996300978781
1719.5000000000	-2.7653048867879
1724.0000000000	-2.8341901421594
1728.5000000000	-2.9051318240247
1733.0000000000	-2.9771791724840
1737.5000000000	-3.0502849403101
1742.0000000000	-3.1253801975763
1746.5000000000	-3.2038089653769
1751.0000000000	-3.2864853082401
1755.5000000000	-3.3733406519356
1760.0000000000	-3.4633985021331
1764.5000000000	-3.5553850098781
1769.0000000000	-3.6484256986423
1773.5000000000	-3.7423364771082
1778.0000000000	-3.8372823098281
1782.5000000000	-3.9330708687387
1787.0000000000	-4.0286269322619
1791.5000000000	-4.1221659392167
1796.0000000000	-4.2120936364749
1800.5000000000	-4.2982029886353
1805.0000000000	-4.3823880378508
1809.5000000000	-4.4684127672886
1814.0000000000	-4.5607334390412
1818.5000000000	-4.6629880836641
1823.0000000000	-4.7769522989989
1827.5000000000	-4.9024102148812
1832.0000000000	-5.0379601983084
1836.5000000000	-5.1822153494720
1841.0000000000	-5.3347289844637
1845.5000000000	-5.4961598780379
1850.0000000000	-5.6676763557869
1854.5000000000	-5.8500688770153
1859.0000000000	-6.0432001880708
1863.5000000000	-6.2461665690016
1868.0000000000	-6.4580545582009
1872.5000000000	-6.6787966454033
1877.0000000000	-6.9095390826105
1881.5000000000	-7.1522367695621
1886.0000000000	-7.4087271635066
1890.5000000000	-7.6798671297407
1895.0000000000	-7.9653087725910
1899.5000000000	-8.2640672143856
1904.0000000000	-8.5755318197308
1908.5000000000	-8.9002377664044
1913.0000000000	-9.2398076483405
1917.5000000000	-9.5960134557902
1922.0000000000	-9.9694637225452
1926.5000000000	-10.358716523324
1931.0000000000	-10.760369061345
1935.5000000000	-11.170016962044
1940.0000000000	-11.583349101769
1944.5000000000	-11.996333589024
1949.0000000000	-12.403990314357
1953.5000000000	-12.798229788528
1958.0000000000	-13.166169524837
1962.5000000000	-13.490446691309
1967.0000000000	-13.752059906035
1971.5000000000	-13.934549363951
1976.0000000000	-14.027113534447
1980.5000000000	-14.025112123922
1985.0000000000	-13.928733146209
1989.5000000000	-13.742024167731
1994.0000000000	-13.473309960481
1998.5000000000	-13.135840533609
2003.0000000000	-12.746799213008
2007.5000000000	-12.324318752988
2012.0000000000	-11.884093834943
2016.5000000000	-11.437406507525
2021.0000000000	-10.991278642461
2025.5000000000	-10.550062217354
2030.0000000000	-10.117223274861
2034.5000000000	-9.6962669066944
2039.0000000000	-9.2905625922432
2043.5000000000	-8.9025819656759
2048.0000000000	-8.5332664822103
2052.5000000000	-8.1820700957868
2057.0000000000	-7.8476490038809
2061.5000000000	-7.5287605309358
2066.0000000000	-7.2248691899704
2070.5000000000	-6.9361297504165
2075.0000000000	-6.6628679819947
2079.5000000000	-6.4049758979992
2084.0000000000	-6.1615902368316
2088.5000000000	-5.9312945127831
2093.0000000000	-5.7126395055016
2097.5000000000	-5.5046619913311
2102.0000000000	-5.3070623310204
2106.5000000000	-5.1199546773588
2111.0000000000	-4.9433889532465
2115.5000000000	-4.7769539999111
2120.0000000000	-4.6197147050413
2124.5000000000	-4.4705226185972
2129.0000000000	-4.3284534496722
2133.5000000000	-4.1931002981903
2138.0000000000	-4.0645293035914
2142.5000000000	-3.9429467790559
2147.0000000000	-3.8282999109709
2151.5000000000	-3.7200869633903
2156.0000000000	-3.6174736539736
2160.5000000000	-3.5196515695616
2165.0000000000	-3.4261585075188
2169.5000000000	-3.3369949732502
2174.0000000000	-3.2524200863457
2178.5000000000	-3.1726076964188
2183.0000000000	-3.0973756950681
2187.5000000000	-3.0261715227224
2192.0000000000	-2.9583137618327
2196.5000000000	-2.8933161284208
2201.0000000000	-2.8310871723412
2205.5000000000	-2.7718679098966
2210.0000000000	-2.7159460834623
2214.5000000000	-2.6633681967944
2219.0000000000	-2.6138174255011
2223.5000000000	-2.5667455030091
2228.0000000000	-2.5216682129270
2232.5000000000	-2.4784043022471
2237.0000000000	-2.4371269219065
2241.5000000000	-2.3981621394950
2246.0000000000	-2.3617070131987
2250.5000000000	-2.3276387995040
2255.0000000000	-2.2955515873391
2259.5000000000	-2.2649787250638
2264.0000000000	-2.2356735123581
2268.5000000000	-2.2077138921007
2273.0000000000	-2.1814147474096
2277.5000000000	-2.1570638146878
2282.0000000000	-2.1346944610179
2286.5000000000	-2.1140393688485
2291.0000000000	-2.0946832032004
2295.5000000000	-2.0763260621109
2300.0000000000	-2.0589592048702
2304.5000000000	-2.0428460579367
2309.0000000000	-2.0283195107987
2313.5000000000	-2.0155383265369
2318.0000000000	-2.0043695152342
2322.5000000000	-1.9944719985867
2327.0000000000	-1.9855227624504
2331.5000000000	-1.9774347189299
2336.0000000000	-1.9704069378601
2340.5000000000	-1.9647821115043
2345.0000000000	-1.9608180211587
2349.5000000000	-1.9585116156858
2354.0000000000	-1.9576162150328
2358.5000000000	-1.9578200880748
2363.0000000000	-1.9589776462435
2367.5000000000	-1.9612265099812
2372.0000000000	-1.9648999059952
2376.5000000000	-1.9703333105035
2381.0000000000	-1.9776524688162
2385.5000000000	-1.9867309890331
2390.0000000000	-1.9973097267695
2394.5000000000	-2.0092207422670
2399.0000000000	-2.0225531986623
2403.5000000000	-2.0376390320598
2408.0000000000	-2.0548835393318
2412.5000000000	-2.0745612489338
2417.0000000000	-2.0966989745398
2421.5000000000	-2.1211471867220
2426.0000000000	-2.1477809692390
2430.5000000000	-2.1766890894909
2435.0000000000	-2.2082412421607
2439.5000000000	-2.2429547525237
2444.0000000000	-2.2813017127594
2448.5000000000	-2.3235431862273
2453.0000000000	-2.3697567699196
2457.5000000000	-2.4199784138504
2462.0000000000	-2.4744397733814
2466.5000000000	-2.5336627141472
2471.0000000000	-2.5984246888231
2475.5000000000	-2.6695657320354
2480.0000000000	-2.7478086184863
2484.5000000000	-2.8337183119238
2489.0000000000	-2.9278157904676
2493.5000000000	-3.0308126014364
2498.0000000000	-3.1437862301344
2502.5000000000	-3.2682099445211
2507.0000000000	-3.4058149717253
2511.5000000000	-3.5584122721489
2516.0000000000	-3.7277870819764
2520.5000000000	-3.9157733303830
2525.0000000000	-4.1244788867991
2529.5000000000	-4.3565122840433
2534.0000000000	-4.6150813375522
2538.5000000000	-4.9038570542961
2543.0000000000	-5.2266480047077
2547.5000000000	-5.5869782307651
2552.0000000000	-5.9876080430062
2556.5000000000	-6.4299289892932
2561.0000000000	-6.9128926410133
2565.5000000000	-7.4309720525955
2570.0000000000	-7.9706055271219
2574.5000000000	-8.5049828788808
2579.0000000000	-8.9885266805935
2583.5000000000	-9.3556406548909
2588.0000000000	-9.5316520995983
2592.5000000000	-9.4599656733885
2597.0000000000	-9.1319138129901
2601.5000000000	-8.5929892508058
2606.0000000000	-7.9190891047129
2610.5000000000	-7.1856047418985
2615.0000000000	-6.4499741332338
2619.5000000000	-5.7489160274322
2624.0000000000	-5.1025553944776
2628.5000000000	-4.5196603087533
2633.0000000000	-4.0018243320943
2637.5000000000	-3.5463697547631
2642.0000000000	-3.1483046304457
2646.5000000000	-2.8016472808745
2651.0000000000	-2.5003164190074
2655.5000000000	-2.2386420948897
2660.0000000000	-2.0115772972252
2664.5000000000	-1.8146749385741
2669.0000000000	-1.6439634238179
2673.5000000000	-1.4958250865484
2678.0000000000	-1.3669825156831
2682.5000000000	-1.2545530506366
2687.0000000000	-1.1561350108686
2691.5000000000	-1.0698217791895
2696.0000000000	-0.99411680147794
2700.5000000000	-0.92776909234102
2705.0000000000	-0.86961305320625
2709.5000000000	-0.81850728162342
2714.0000000000	-0.77337236424391
2718.5000000000	-0.73329122235765
2723.0000000000	-0.69759775887522
2727.5000000000	-0.66585468704199
2732.0000000000	-0.63775834977066
2736.5000000000	-0.61299483633697
2741.0000000000	-0.59115937254779
2745.5000000000	-0.57177574781129
2750.0000000000	-0.55440312225486
2754.5000000000	-0.53873616219302
2759.0000000000	-0.52465178685794
2763.5000000000	-0.51213906167001
2768.0000000000	-0.50117639503400
2772.5000000000	-0.49163283641617
2777.0000000000	-0.48326135168594
2781.5000000000	-0.47577814679042
2786.0000000000	-0.46898471677675
2790.5000000000	-0.46283426801223
2795.0000000000	-0.45740478733089
2799.5000000000	-0.45278360358147
2804.0000000000	-0.44896455624098
2808.5000000000	-0.44580757875138
2813.0000000000	-0.44309998651341
2817.5000000000	-0.44066943006125
2822.0000000000	-0.43847245340324
2826.5000000000	-0.43660034164087
2831.0000000000	-0.43518228799702
2835.5000000000	-0.43428401454166
2840.0000000000	-0.43383303848714
2844.5000000000	-0.43365557513973
2849.0000000000	-0.43358233020944
2853.5000000000	-0.43355565066109
2858.0000000000	-0.43364778901579
2862.5000000000	-0.43400500242954
2867.0000000000	-0.43472850651027
2871.5000000000	-0.43579902230287
2876.0000000000	-0.43707809155693
2880.5000000000	-0.43839899325015
2885.0000000000	-0.43967637926681
2889.5000000000	-0.44095521274427
2894.0000000000	-0.44237743486443
2898.5000000000	-0.44407055974922
2903.0000000000	-0.44605466255828
2907.5000000000	-0.44822259558954
2912.0000000000	-0.45041240323976
2916.5000000000	-0.45251418498141
2921.0000000000	-0.45454071350900
2925.5000000000	-0.45661357641869
2930.0000000000	-0.45886997685810
2934.5000000000	-0.46136211722911
2939.0000000000	-0.46401489049187
2943.5000000000	-0.46666699360740
2948.0000000000	-0.46918446807010
2952.5000000000	-0.47153966466280
2957.0000000000	-0.47381938857138
2961.5000000000	-0.47615504618035
2966.0000000000	-0.47861373740130
2970.5000000000	-0.48113064141375
2975.0000000000	-0.48354377792395
2979.5000000000	-0.48568386754851
2984.0000000000	-0.48746373411531
2988.5000000000	-0.48891712488366
2993.0000000000	-0.49013924435194
2997.5000000000	-0.49118713418971
3002.0000000000	-0.49200537097783
3006.5000000000	-0.49243145977402
3011.0000000000	-0.49228668488717
3015.5000000000	-0.49147472553426
3020.0000000000	-0.49004864984571
3024.5000000000	-0.48817526611279
3029.0000000000	-0.48605314065672
3033.5000000000	-0.48382329120756
3038.0000000000	-0.48155079573799
3042.5000000000	-0.47927255729532
3047.0000000000	-0.47708129599888
3051.5000000000	-0.47516264799739
3056.0000000000	-0.47377074790777
3060.5000000000	-0.47312936567240
3065.0000000000	-0.47333548483891
3069.5000000000	-0.47432537300651
3074.0000000000	-0.47592835329399
3078.5000000000	-0.47797144152271
3083.0000000000	-0.48035747807431
3087.5000000000	-0.48308652140554
3092.0000000000	-0.48619440829275
3096.5000000000	-0.48966060811110
3101.0000000000	-0.49336599178925
3105.5000000000	-0.49710730259076
3110.0000000000	-0.50068267598445
3114.5000000000	-0.50396219676383
3119.0000000000	-0.50691108033334
3123.5000000000	-0.50952422979994
3128.0000000000	-0.51174980477571
3132.5000000000	-0.51341224967214
3137.0000000000	-0.51421775592299
3141.5000000000	-0.51380807411725
3146.0000000000	-0.51184051769617
3150.5000000000	-0.50803229437625
3155.0000000000	-0.50217810535165
3159.5000000000	-0.49416255220523
3164.0000000000	-0.48401634326043
3168.5000000000	-0.47201782822141
3173.0000000000	-0.45879117173048
3177.5000000000	-0.44532837990036
3182.0000000000	-0.43285269798681
3186.5000000000	-0.42255918191534
3191.0000000000	-0.41530971716917
3195.5000000000	-0.41141534044397
3200.0000000000	-0.41061887286957
3204.5000000000	-0.41226042420217
3209.0000000000	-0.41556357271698
3213.5000000000	-0.41987296884448
3218.0000000000	-0.42478744835501
3222.5000000000	-0.43010100725105
3227.0000000000	-0.43568205335449
3231.5000000000	-0.44135255218301
3236.0000000000	-0.44687728513843
3240.5000000000	-0.45203521917741
3245.0000000000	-0.45672232364880
3249.5000000000	-0.46099141100646
3254.0000000000	-0.46499608903519
3258.5000000000	-0.46887783619465
3263.0000000000	-0.47266193300220
3267.5000000000	-0.47625881412515
3272.0000000000	-0.47952943614657
3276.5000000000	-0.48240313145160
3281.0000000000	-0.48493690994751
3285.5000000000	-0.48729002803814
3290.0000000000	-0.48961747878935
3294.5000000000	-0.49197461120291
3299.0000000000	-0.49429298669904
3303.5000000000	-0.49643357095561
3308.0000000000	-0.49830273776651
3312.5000000000	-0.49992547391087
3317.0000000000	-0.50143788973452
3321.5000000000	-0.50299577802774
3326.0000000000	-0.50467714560519
3330.5000000000	-0.50643128280817
3335.0000000000	-0.50812699296012
3339.5000000000	-0.50965026626822
3344.0000000000	-0.51099132849610
3348.5000000000	-0.51226275453846
3353.0000000000	-0.51361993977816
3357.5000000000	-0.51515975177074
3362.0000000000	-0.51685912602248
3366.5000000000	-0.51859428263178
3371.0000000000	-0.52023579412048
3375.5000000000	-0.52174787921740
3380.0000000000	-0.52321136608502
3384.5000000000	-0.52477863854956
3389.0000000000	-0.52656606817083
3393.5000000000	-0.52857385464893
3398.0000000000	-0.53069549922793
3402.5000000000	-0.53279345419705
3407.0000000000	-0.53480060775826
3411.5000000000	-0.53677008616130
3416.0000000000	-0.53884587377484
3420.5000000000	-0.54115600791538
3425.0000000000	-0.54372908349465
3429.5000000000	-0.54647939505702
3434.0000000000	-0.54926397871771
3438.5000000000	-0.55198937402301
3443.0000000000	-0.55468255352492
3447.5000000000	-0.55746865632753
3452.0000000000	-0.56048723173233
3456.5000000000	-0.56379596905189
3461.0000000000	-0.56732874151947
3465.5000000000	-0.57094439956334
3470.0000000000	-0.57453187706209
3474.5000000000	-0.57808528522908
3479.0000000000	-0.58171061641283
3483.5000000000	-0.58555373128366
3488.0000000000	-0.58969635052161
3492.5000000000	-0.59409776446338
3497.0000000000	-0.59862712928863
3501.5000000000	-0.60315431359374
3506.0000000000	-0.60764499432017
3510.5000000000	-0.61218304062040
3515.0000000000	-0.61691251123995
3519.5000000000	-0.62193832135353
3524.0000000000	-0.62724778144957
3528.5000000000	-0.63272273411144
3533.0000000000	-0.63822317637595
3537.5000000000	-0.64368353161441
3542.0000000000	-0.64916414204432
3546.5000000000	-0.65480372256580
3551.0000000000	-0.66072394946742
3555.5000000000	-0.66694101687440
3560.0000000000	-0.67335592232734
3564.5000000000	-0.67981963034736
3569.0000000000	-0.68624396263390
3573.5000000000	-0.69265713029489
3578.0000000000	-0.69918952939588
3582.5000000000	-0.70597442836324
3587.0000000000	-0.71305644109088
3591.5000000000	-0.72035456276593
3596.0000000000	-0.72772141823089
3600.5000000000	-0.73504295947002
3605.0000000000	-0.74231752393368
3609.5000000000	-0.74965512896056
3614.0000000000	-0.75719698497544
3618.5000000000	-0.76501175147486
3623.0000000000	-0.77303987855292
3627.5000000000	-0.78113601624501
3632.0000000000	-0.78916027673206
3636.5000000000	-0.79707749602797
3641.0000000000	-0.80497075700156
3645.5000000000	-0.81297831460494
3650.0000000000	-0.82118221475060
3654.5000000000	-0.82954622810870
3659.0000000000	-0.83791706802648
3663.5000000000	-0.84613378403417
3668.0000000000	-0.85411506479463
3672.5000000000	-0.86190427987260
3677.0000000000	-0.86961971947138
3681.5000000000	-0.87734564151111
3686.0000000000	-0.88504331501578
3690.5000000000	-0.89255784756267
3695.0000000000	-0.89967985954123
3699.5000000000	-0.90627260364697
3704.0000000000	-0.91231377564380
3708.5000000000	-0.91787240526917
3713.0000000000	-0.92300391967790
3717.5000000000	-0.92765145792281
3722.0000000000	-0.93162027226851
3726.5000000000	-0.93464258686090
3731.0000000000	-0.93649190713817
3735.5000000000	-0.93705656151064
3740.0000000000	-0.93632749356623
3744.5000000000	-0.93430650937532
3749.0000000000	-0.93089870964148
3753.5000000000	-0.92587598876485
3758.0000000000	-0.91892122097556
3762.5000000000	-0.90975349284152
3767.0000000000	-0.89821264993769
3771.5000000000	-0.88427916939200
3776.0000000000	-0.86799493994852
3780.5000000000	-0.84936343336470
3785.0000000000	-0.82829070297553
3789.5000000000	-0.80462814943063
3794.0000000000	-0.77828409696575
3798.5000000000	-0.74933356306569
3803.0000000000	-0.71803879228711
3807.5000000000	-0.68478883766801
3812.0000000000	-0.64998131047680
3816.5000000000	-0.61394247276774
3821.0000000000	-0.57693025306738
3825.5000000000	-0.53921756979949
3830.0000000000	-0.50117771767479
3834.5000000000	-0.46331455537988
3839.0000000000	-0.42619342694725
3843.5000000000	-0.39032662739006
3848.0000000000	-0.35606959071786
3852.5000000000	-0.32360722761656
3857.0000000000	-0.29302288000468
3861.5000000000	-0.26440317053057
3866.0000000000	-0.23790025385217
3870.5000000000	-0.21370518637932
3875.0000000000	-0.19196462973550
3879.5000000000	-0.17268493559305
3884.0000000000	-0.15571749658380
3888.5000000000	-0.14081308858642
3893.0000000000	-0.12774417287844
3897.5000000000	-0.11638000151100
3902.0000000000	-0.10669540712576
3906.5000000000	-0.098692266801435
3911.0000000000	-0.092301001753404
3915.5000000000	-0.087326561290870
3920.0000000000	-0.083493123617770
3924.5000000000	-0.080541975088233
3929.0000000000	-0.078325654336955
3933.5000000000	-0.076823752459564
3938.0000000000	-0.076087980485336
3942.5000000000	-0.076127125842403
3947.0000000000	-0.076836567362833
3951.5000000000	-0.078009868138839
3956.0000000000	-0.079434532343118
3960.5000000000	-0.080989792186535
3965.0000000000	-0.082688834665705
3969.5000000000	-0.084634592907614
3974.0000000000	-0.086909335107188
3978.5000000000	-0.089489807531008
3983.0000000000	-0.092232489535546
3987.5000000000	-0.094951691731794
3992.0000000000	-0.097534332191271
3996.5000000000	-0.099998960415802
4001.0000000000	-0.10246769562810
4005.5000000000	-0.10507010564536
4010.0000000000	-0.10783614699063
4014.5000000000	-0.11066915484338
4019.0000000000	-0.11339918018494
4023.5000000000	-0.11589975615326
4028.0000000000	-0.11817519792869
4032.5000000000	-0.12034583282704
4037.0000000000	-0.12256562945363
4041.5000000000	-0.12490929149824
4046.0000000000	-0.12731153497601
4050.5000000000	-0.12961501332230
4055.0000000000	-0.13167998577523
4059.5000000000	-0.13348162255411
4064.0000000000	-0.13512599351935
4068.5000000000	-0.13677841466494
4073.0000000000	-0.13854741227869
4077.5000000000	-0.14040145251474
4082.0000000000	-0.14219800345518
4086.5000000000	-0.14378123110837
4091.0000000000	-0.14509250514727
4095.5000000000	-0.14621773672621
4100.0000000000	-0.14732483878467
4104.5000000000	-0.14854780187138
4109.0000000000	-0.14989065314570
4113.5000000000	-0.15122902074594
4118.0000000000	-0.15239369094983
4122.5000000000	-0.15329695916798
4127.0000000000	-0.15399383189750
4131.5000000000	-0.15464529080498
4136.0000000000	-0.15540888166907
4140.5000000000	-0.15632504080460
4145.0000000000	-0.15729109505863
4149.5000000000	-0.15813178584297
4154.0000000000	-0.15872878689987
4158.5000000000	-0.15910392939944
4163.0000000000	-0.15940692614793
4167.5000000000	-0.15980986317405
4172.0000000000	-0.16038851027915
4176.5000000000	-0.16106779679638
4181.0000000000	-0.16167368374649
4185.5000000000	-0.16206052315539
4190.0000000000	-0.16221485242287
4194.5000000000	-0.16226448274928
4199.0000000000	-0.16239582666432
4203.5000000000	-0.16271546226446
4208.0000000000	-0.16317894108398
4212.5000000000	-0.16362431926409
4217.0000000000	-0.16388046270818
4221.5000000000	-0.16389616937095
4226.0000000000	-0.16377684934894
4230.5000000000	-0.16370817360556
4235.0000000000	-0.16382909128747
4239.5000000000	-0.16413328242210
4244.0000000000	-0.16447007116947
4248.5000000000	-0.16465584297503
4253.0000000000	-0.16459890983489
4257.5000000000	-0.16437297240287
4262.0000000000	-0.16416160297734
4266.5000000000	-0.16413219654816
4271.0000000000	-0.16431379883119
4275.5000000000	-0.16457918956586
4280.0000000000	-0.16473217307206
4284.5000000000	-0.16464858254099
4289.0000000000	-0.16436661278579
4293.5000000000	-0.16405692061930
4298.0000000000	-0.16390811041593
4302.5000000000	-0.16398945178466
4307.0000000000	-0.16420128722685
4311.5000000000	-0.16434738762293
4316.0000000000	-0.16426985247757
4320.5000000000	-0.16396515435479
4325.0000000000	-0.16358775280692
4329.5000000000	-0.16334219517038
4334.0000000000	-0.16333415631747
4338.5000000000	-0.16350016814799
4343.0000000000	-0.16364851779600
4347.5000000000	-0.16359389823734
4352.0000000000	-0.16329147442863
4356.5000000000	-0.16286947346059
4361.0000000000	-0.16253891031823
4365.5000000000	-0.16244412242594
4370.0000000000	-0.16256085288672
4374.5000000000	-0.16271068855424
4379.0000000000	-0.16268513780120
4383.5000000000	-0.16239932049718
4388.0000000000	-0.16194654877532
4392.5000000000	-0.16153898533358
4397.0000000000	-0.16135379171611
4401.5000000000	-0.16141079129717
4406.0000000000	-0.16155177602668
4410.5000000000	-0.16155583856637
4415.0000000000	-0.16129266880712
4419.5000000000	-0.16081962576005
4424.0000000000	-0.16033960890462
4428.5000000000	-0.16005963849564
4433.0000000000	-0.16004136654746
4437.5000000000	-0.16015773348773
4442.0000000000	-0.16018190573164
4446.5000000000	-0.15994466022071
4451.0000000000	-0.15945875320087
4455.5000000000	-0.15891116784834
4460.0000000000	-0.15852902645248
4464.5000000000	-0.15842003269954
4469.0000000000	-0.15849464448770
4473.5000000000	-0.15852712386037
4478.0000000000	-0.15831390241097
4482.5000000000	-0.15782172403901
4487.0000000000	-0.15721055836582
4491.5000000000	-0.15672090646526
4496.0000000000	-0.15650566511688
4500.5000000000	-0.15651944516705
4505.0000000000	-0.15654706011936
4509.5000000000	-0.15635697802495
4514.0000000000	-0.15586464468342
4518.5000000000	-0.15519593468758
4523.0000000000	-0.15459949200653
4527.5000000000	-0.15426818254183
4532.0000000000	-0.15420285133207
4536.5000000000	-0.15421164881000
4541.0000000000	-0.15404057639101
4545.5000000000	-0.15355625428576
4550.0000000000	-0.15284358290473
4554.5000000000	-0.15214454064988
4559.0000000000	-0.15168901121641
4563.5000000000	-0.15153186942765
4568.0000000000	-0.15150896861806
4572.5000000000	-0.15135493790610
4577.0000000000	-0.15089144866577
4581.5000000000	-0.15014938343781
4586.0000000000	-0.14936010876611
4590.5000000000	-0.14878180195249
4595.0000000000	-0.14852193811827
4599.5000000000	-0.14845837203739
4604.0000000000	-0.14832184760837
4608.5000000000	-0.14788963326691
4613.0000000000	-0.14714091039619
4617.5000000000	-0.14627926920526
4622.0000000000	-0.14558430578050
4626.5000000000	-0.14521881369539
4631.0000000000	-0.14510781862705
4635.5000000000	-0.14498866953092
4640.0000000000	-0.14460390592027
4644.5000000000	-0.14387199968107
4649.0000000000	-0.14296232964181
4653.5000000000	-0.14216652580590
4658.0000000000	-0.14169651865421
4662.5000000000	-0.14153308708288
4667.0000000000	-0.14143543397725
4671.5000000000	-0.14111154866993
4676.0000000000	-0.14042567253744
4680.5000000000	-0.13949650140837
4685.0000000000	-0.13861862778513
4689.5000000000	-0.13805155749281
4694.0000000000	-0.13783457563790
4698.5000000000	-0.13775867637170
4703.0000000000	-0.13751132093217
4707.5000000000	-0.13689741348098
4712.0000000000	-0.13598404530846
4716.5000000000	-0.13504911641016
4721.0000000000	-0.13439473466041
4725.5000000000	-0.13412299761089
4730.0000000000	-0.13406943151998
4734.5000000000	-0.13391036275399
4739.0000000000	-0.13339734113992
4743.5000000000	-0.13253030736130
4748.0000000000	-0.13156902949442
4752.5000000000	-0.13083913766492
4757.0000000000	-0.13051446810881
4761.5000000000	-0.13047965321142
4766.0000000000	-0.13041715201838
4770.5000000000	-0.13002644713226
4775.0000000000	-0.12924093337453
4779.5000000000	-0.12828014880497
4784.0000000000	-0.12749389836335
4788.5000000000	-0.12711468965896
4793.0000000000	-0.12709459849976
4797.5000000000	-0.12713015398058
4802.0000000000	-0.12688022083491
4806.5000000000	-0.12620713612941
4811.0000000000	-0.12527848693175
4815.5000000000	-0.12445065227883
4820.0000000000	-0.12401910356589
4824.5000000000	-0.12400339012361
4829.0000000000	-0.12413294873608
4833.5000000000	-0.12403621954317
4838.0000000000	-0.12350198670547
4842.5000000000	-0.12263372164871
4847.0000000000	-0.12178376309889
4851.5000000000	-0.12129808729141
4856.0000000000	-0.12127497060382
4860.5000000000	-0.12148887834209
4865.0000000000	-0.12155003889424
4869.5000000000	-0.12117538831767
4874.0000000000	-0.12039681548421
4878.5000000000	-0.11954208816755
4883.0000000000	-0.11900349857087
4887.5000000000	-0.11895794966368
4892.0000000000	-0.11924149933612
4896.5000000000	-0.11945771315696
4901.0000000000	-0.11925964633256
4905.5000000000	-0.11859747643863
4910.0000000000	-0.11775947135218
4914.5000000000	-0.11716905237535
4919.0000000000	-0.11708582157657
4923.5000000000	-0.11741664364529
4928.0000000000	-0.11777852070391
4932.5000000000	-0.11776781343263
4937.0000000000	-0.11724617919314
4941.5000000000	-0.11644769842636
4946.0000000000	-0.11581020234131
4950.5000000000	-0.11567333677573
4955.0000000000	-0.11602735842655
4959.5000000000	-0.11652108348289
4964.0000000000	-0.11670446398063
4968.5000000000	-0.11634578088141
4973.0000000000	-0.11560882738054
4977.5000000000	-0.11493466825675
4982.0000000000	-0.11473108052484
4986.5000000000	-0.11508527167115
4991.0000000000	-0.11569187292397
4995.5000000000	-0.11606754596902
5000.0000000000	-0.11589508199979
