#Parameters = {ground_length=78; ground_thickness=0.3; ground_width=28; offset_in_v=3; wire_height=13.286; wire_length=112.8296; wire_thickness=2.1028}
#"Frequency / MHz"	"S1,1 [Magnitude]"
#------------------------------------
500.00000000000	0.19818729966944
502.50000000000	0.20666062683475
505.00000000000	0.21305047078140
507.50000000000	0.21731561686935
510.00000000000	0.21942101448366
512.50000000000	0.21933931388232
515.00000000000	0.21705311756862
517.50000000000	0.21254745834854
520.00000000000	0.20581568721589
522.50000000000	0.19686066266623
525.00000000000	0.18568720790986
527.50000000000	0.17230889345918
530.00000000000	0.15674740330264
532.50000000000	0.13902690443895
535.00000000000	0.11918038106641
537.50000000000	0.097247646513224
540.00000000000	0.073270653394649
542.50000000000	0.047303613645586
545.00000000000	0.019403007381317
547.50000000000	-0.010368027408357
550.00000000000	-0.041941366315199
552.50000000000	-0.075240026602832
555.00000000000	-0.11018444134576
557.50000000000	-0.14668574955381
560.00000000000	-0.18465113064273
562.50000000000	-0.22398225127779
565.00000000000	-0.26457448817290
567.50000000000	-0.30631626365979
570.00000000000	-0.34909266842800
572.50000000000	-0.39278414388428
575.00000000000	-0.43726411767851
577.50000000000	-0.48240171082140
580.00000000000	-0.52806254805811
582.50000000000	-0.57410870398747
585.00000000000	-0.62039734874589
587.50000000000	-0.66678299368023
590.00000000000	-0.71311956085620
592.50000000000	-0.75925705123328
595.00000000000	-0.80504560462378
597.50000000000	-0.85033210835411
600.00000000000	-0.89496787918504
602.50000000000	-0.93880517890085
605.00000000000	-0.98169261656939
607.50000000000	-1.0234911682115
610.00000000000	-1.0640557250185
612.50000000000	-1.1032550082073
615.00000000000	-1.1409571889926
617.50000000000	-1.1770395631538
620.00000000000	-1.2113902566422
622.50000000000	-1.2438997725645
625.00000000000	-1.2744742644878
627.50000000000	-1.3030255958417
630.00000000000	-1.3294790235336
632.50000000000	-1.3537706808749
635.00000000000	-1.3758504922729
637.50000000000	-1.3956766820073
640.00000000000	-1.4132247139546
642.50000000000	-1.4284808744910
645.00000000000	-1.4414423915312
647.50000000000	-1.4521220166944
650.00000000000	-1.4605450177774
652.50000000000	-1.4667462962642
655.00000000000	-1.4707722308897
657.50000000000	-1.4726834625366
660.00000000000	-1.4725480395051
662.50000000000	-1.4704411319409
665.00000000000	-1.4664508954307
667.50000000000	-1.4606707794083
670.00000000000	-1.4532015524790
672.50000000000	-1.4441493567675
675.00000000000	-1.4336216537999
677.50000000000	-1.4217358345988
680.00000000000	-1.4086078120777
682.50000000000	-1.3943559558583
685.00000000000	-1.3790999057081
687.50000000000	-1.3629581092018
690.00000000000	-1.3460508317147
692.50000000000	-1.3284952604481
695.00000000000	-1.3104078364851
697.50000000000	-1.2918998268830
700.00000000000	-1.2730805312275
702.50000000000	-1.2540563967155
705.00000000000	-1.2349280285992
707.50000000000	-1.2157925420251
710.00000000000	-1.1967438494159
712.50000000000	-1.1778673915170
715.00000000000	-1.1592457689231
717.50000000000	-1.1409574036604
720.00000000000	-1.1230700324334
722.50000000000	-1.1056519324193
725.00000000000	-1.0887635998293
727.50000000000	-1.0724581917720
730.00000000000	-1.0567847651006
732.50000000000	-1.0417886223762
735.00000000000	-1.0275072412102
737.50000000000	-1.0139725505495
740.00000000000	-1.0012137520173
742.50000000000	-0.98925298943008
745.00000000000	-0.97810756210824
747.50000000000	-0.96779236575581
750.00000000000	-0.95831411951966
752.50000000000	-0.94967832827117
755.00000000000	-0.94188400447606
757.50000000000	-0.93492730923368
760.00000000000	-0.92880060321482
762.50000000000	-0.92349178883849
765.00000000000	-0.91898614497371
767.50000000000	-0.91526481920392
770.00000000000	-0.91230604006448
772.50000000000	-0.91008637317420
775.00000000000	-0.90857848435549
777.50000000000	-0.90775238297288
780.00000000000	-0.90757686227482
782.50000000000	-0.90801848089107
785.00000000000	-0.90904169273271
787.50000000000	-0.91060892507545
790.00000000000	-0.91268179750562
792.50000000000	-0.91522121805214
795.00000000000	-0.91818720464624
797.50000000000	-0.92153819579478
800.00000000000	-0.92523247390427
802.50000000000	-0.92922827554324
805.00000000000	-0.93348450385197
807.50000000000	-0.93795946177464
810.00000000000	-0.94261101747357
812.50000000000	-0.94740002528151
815.00000000000	-0.95228686336850
817.50000000000	-0.95723311007603
820.00000000000	-0.96219945122304
822.50000000000	-0.96715268417056
825.00000000000	-0.97205626265737
827.50000000000	-0.97687901017240
830.00000000000	-0.98158939766178
832.50000000000	-0.98616004597931
835.00000000000	-0.99056308944493
837.50000000000	-0.99477630238854
840.00000000000	-0.99877584499718
842.50000000000	-1.0025445037173
845.00000000000	-1.0060636126726
847.50000000000	-1.0093201936267
850.00000000000	-1.0123031560898
852.50000000000	-1.0150008448279
855.00000000000	-1.0174086505345
857.50000000000	-1.0195241530896
860.00000000000	-1.0213443912629
862.50000000000	-1.0228704334071
865.00000000000	-1.0241059208478
867.50000000000	-1.0250573077140
870.00000000000	-1.0257325162549
872.50000000000	-1.0261423126752
875.00000000000	-1.0262986554760
877.50000000000	-1.0262161862037
880.00000000000	-1.0259094026709
882.50000000000	-1.0253980965327
885.00000000000	-1.0247014951880
887.50000000000	-1.0238366433059
890.00000000000	-1.0228261848158
892.50000000000	-1.0216944171796
895.00000000000	-1.0204625818861
897.50000000000	-1.0191559667794
900.00000000000	-1.0177982528822
902.50000000000	-1.0164133591303
905.00000000000	-1.0150272071949
907.50000000000	-1.0136619669220
910.00000000000	-1.0123463494743
912.50000000000	-1.0111014226606
915.00000000000	-1.0099518966849
917.50000000000	-1.0089230539119
920.00000000000	-1.0080347881566
922.50000000000	-1.0073118361531
925.00000000000	-1.0067737747846
927.50000000000	-1.0064394271534
930.00000000000	-1.0063294915658
932.50000000000	-1.0064622077992
935.00000000000	-1.0068530095236
937.50000000000	-1.0075188425455
940.00000000000	-1.0084720727900
942.50000000000	-1.0097259558298
945.00000000000	-1.0112934527162
947.50000000000	-1.0131826082765
950.00000000000	-1.0154015063546
952.50000000000	-1.0179587467946
955.00000000000	-1.0208604687512
957.50000000000	-1.0241078509060
960.00000000000	-1.0277070227373
962.50000000000	-1.0316562439040
965.00000000000	-1.0359577312305
967.50000000000	-1.0406087494085
970.00000000000	-1.0456066125379
972.50000000000	-1.0509465061957
975.00000000000	-1.0566256732752
977.50000000000	-1.0626340545576
980.00000000000	-1.0689660699613
982.50000000000	-1.0756140681712
985.00000000000	-1.0825650801986
987.50000000000	-1.0898108820970
990.00000000000	-1.0973392780059
992.50000000000	-1.1051381295981
995.00000000000	-1.1131946627948
997.50000000000	-1.1214954285693
1000.0000000000	-1.1300256956814
1002.5000000000	-1.1387708934194
1005.0000000000	-1.1477162100847
1007.5000000000	-1.1568469706681
1010.0000000000	-1.1661474354325
1012.5000000000	-1.1756015691753
1015.0000000000	-1.1851936605929
1017.5000000000	-1.1949087481522
1020.0000000000	-1.2047318510926
1022.5000000000	-1.2146468488531
1025.0000000000	-1.2246391446399
1027.5000000000	-1.2346947000541
1030.0000000000	-1.2447970898758
1032.5000000000	-1.2549360632020
1035.0000000000	-1.2650956065921
1037.5000000000	-1.2752652083791
1040.0000000000	-1.2854316430567
1042.5000000000	-1.2955838466619
1045.0000000000	-1.3057122721598
1047.5000000000	-1.3158062273008
1050.0000000000	-1.3258576945259
1052.5000000000	-1.3358571969563
1055.0000000000	-1.3457993830850
1057.5000000000	-1.3556754178528
1060.0000000000	-1.3654827941278
1062.5000000000	-1.3752147207503
1065.0000000000	-1.3848671987397
1067.5000000000	-1.3944379750984
1070.0000000000	-1.4039250858163
1072.5000000000	-1.4133265335844
1075.0000000000	-1.4226417522095
1077.5000000000	-1.4318707463095
1080.0000000000	-1.4410130655345
1082.5000000000	-1.4500719176039
1085.0000000000	-1.4590480599404
1087.5000000000	-1.4679434340900
1090.0000000000	-1.4767615288566
1092.5000000000	-1.4855064241319
1095.0000000000	-1.4941810074268
1097.5000000000	-1.5027885350676
1100.0000000000	-1.5113320435049
1102.5000000000	-1.5198200415609
1105.0000000000	-1.5282513797781
1107.5000000000	-1.5366345707826
1110.0000000000	-1.5449719500227
1112.5000000000	-1.5532682840580
1115.0000000000	-1.5615277125926
1117.5000000000	-1.5697534379861
1120.0000000000	-1.5779498757611
1122.5000000000	-1.5861204497892
1125.0000000000	-1.5942661873322
1127.5000000000	-1.6023909395294
1130.0000000000	-1.6104956955667
1132.5000000000	-1.6185819150763
1135.0000000000	-1.6266510545420
1137.5000000000	-1.6347021897136
1140.0000000000	-1.6427360651892
1142.5000000000	-1.6507510566052
1145.0000000000	-1.6587436205758
1147.5000000000	-1.6667139894066
1150.0000000000	-1.6746573702495
1152.5000000000	-1.6825698731171
1155.0000000000	-1.6904479949316
1157.5000000000	-1.6982852484267
1160.0000000000	-1.7060747382346
1162.5000000000	-1.7138127260232
1165.0000000000	-1.7214889375049
1167.5000000000	-1.7290972292263
1170.0000000000	-1.7366290179374
1172.5000000000	-1.7440734746332
1175.0000000000	-1.7514237489037
1177.5000000000	-1.7586661488283
1180.0000000000	-1.7657934725281
1182.5000000000	-1.7727947031748
1185.0000000000	-1.7796571273555
1187.5000000000	-1.7863700355632
1190.0000000000	-1.7929222365081
1192.5000000000	-1.7993008247540
1195.0000000000	-1.8054960813457
1197.5000000000	-1.8114953004445
1200.0000000000	-1.8172859766929
1202.5000000000	-1.8228575676228
1205.0000000000	-1.8281984204747
1207.5000000000	-1.8332984025999
1210.0000000000	-1.8381454420690
1212.5000000000	-1.8427308854331
1215.0000000000	-1.8470438150674
1217.5000000000	-1.8510767403302
1220.0000000000	-1.8548185445868
1222.5000000000	-1.8582628681492
1225.0000000000	-1.8614028722589
1227.5000000000	-1.8642311974339
1230.0000000000	-1.8667433514641
1232.5000000000	-1.8689339237171
1235.0000000000	-1.8707978514912
1237.5000000000	-1.8723345344827
1240.0000000000	-1.8735413021241
1242.5000000000	-1.8744158731085
1245.0000000000	-1.8749600838523
1247.5000000000	-1.8751734344085
1250.0000000000	-1.8750579130756
1252.5000000000	-1.8746168286360
1255.0000000000	-1.8738543851585
1257.5000000000	-1.8727752056033
1260.0000000000	-1.8713847288168
1262.5000000000	-1.8696897087453
1265.0000000000	-1.8676980200603
1267.5000000000	-1.8654174081095
1270.0000000000	-1.8628572462026
1272.5000000000	-1.8600282825500
1275.0000000000	-1.8569401305073
1277.5000000000	-1.8536042845076
1280.0000000000	-1.8500326086567
1282.5000000000	-1.8462374083748
1285.0000000000	-1.8422312832549
1287.5000000000	-1.8380278954161
1290.0000000000	-1.8336413073346
1292.5000000000	-1.8290839693479
1295.0000000000	-1.8243726492468
1297.5000000000	-1.8195172037159
1300.0000000000	-1.8145352037870
1302.5000000000	-1.8094398096651
1305.0000000000	-1.8042459072740
1307.5000000000	-1.7989669263318
1310.0000000000	-1.7936185102917
1312.5000000000	-1.7882115107677
1315.0000000000	-1.7827617631767
1317.5000000000	-1.7772814709203
1320.0000000000	-1.7717823313568
1322.5000000000	-1.7662786775248
1325.0000000000	-1.7607808838120
1327.5000000000	-1.7553006005239
1330.0000000000	-1.7498490703473
1332.5000000000	-1.7444363089652
1335.0000000000	-1.7390714507617
1337.5000000000	-1.7337635354399
1340.0000000000	-1.7285203039751
1342.5000000000	-1.7233512753256
1345.0000000000	-1.7182608436995
1347.5000000000	-1.7132565559641
1350.0000000000	-1.7083446559545
1352.5000000000	-1.7035275573151
1355.0000000000	-1.6988126695491
1357.5000000000	-1.6942013579762
1360.0000000000	-1.6896972844453
1362.5000000000	-1.6853024378220
1365.0000000000	-1.6810187717040
1367.5000000000	-1.6768452473255
1370.0000000000	-1.6727851565799
1372.5000000000	-1.6688369943134
1375.0000000000	-1.6650012621485
1377.5000000000	-1.6612739983862
1380.0000000000	-1.6576571852899
1382.5000000000	-1.6541458644357
1385.0000000000	-1.6507396231541
1387.5000000000	-1.6474356811905
1390.0000000000	-1.6442300886228
1392.5000000000	-1.6411208852664
1395.0000000000	-1.6381049203678
1397.5000000000	-1.6351773645595
1400.0000000000	-1.6323356589985
1402.5000000000	-1.6295773463767
1405.0000000000	-1.6268957547114
1407.5000000000	-1.6242897915479
1410.0000000000	-1.6217566835531
1412.5000000000	-1.6192903381890
1415.0000000000	-1.6168919979116
1417.5000000000	-1.6145536899806
1420.0000000000	-1.6122776059252
1422.5000000000	-1.6100588257443
1425.0000000000	-1.6078968219374
1427.5000000000	-1.6057879873822
1430.0000000000	-1.6037336559338
1432.5000000000	-1.6017326286057
1435.0000000000	-1.5997837543660
1437.5000000000	-1.5978882407062
1440.0000000000	-1.5960460927438
1442.5000000000	-1.5942596615867
1445.0000000000	-1.5925300689418
1447.5000000000	-1.5908601752406
1450.0000000000	-1.5892521698571
1452.5000000000	-1.5877106275815
1455.0000000000	-1.5862381676460
1457.5000000000	-1.5848398076587
1460.0000000000	-1.5835217047538
1462.5000000000	-1.5822886731947
1465.0000000000	-1.5811460295979
1467.5000000000	-1.5801002471267
1470.0000000000	-1.5791601489384
1472.5000000000	-1.5783319983484
1475.0000000000	-1.5776219424720
1477.5000000000	-1.5770409913700
1480.0000000000	-1.5765957156339
1482.5000000000	-1.5762950789246
1485.0000000000	-1.5761492039217
1487.5000000000	-1.5761668892668
1490.0000000000	-1.5763562465801
1492.5000000000	-1.5767296724218
1495.0000000000	-1.5772933042871
1497.5000000000	-1.5780600717705
1500.0000000000	-1.5790391420290
1502.5000000000	-1.5802390537081
1505.0000000000	-1.5816689562150
1507.5000000000	-1.5833417344354
1510.0000000000	-1.5852640835383
1512.5000000000	-1.5874464573169
1515.0000000000	-1.5898974935958
1517.5000000000	-1.5926277528895
1520.0000000000	-1.5956441372840
1522.5000000000	-1.5989548747220
1525.0000000000	-1.6025695329020
1527.5000000000	-1.6064946734563
1530.0000000000	-1.6107375950653
1532.5000000000	-1.6153050977270
1535.0000000000	-1.6202059856784
1537.5000000000	-1.6254417174124
1540.0000000000	-1.6310226315869
1542.5000000000	-1.6369504774168
1545.0000000000	-1.6432327784527
1547.5000000000	-1.6498722127005
1550.0000000000	-1.6568728611870
1552.5000000000	-1.6642370826654
1555.0000000000	-1.6719698882036
1557.5000000000	-1.6800714243785
1560.0000000000	-1.6885457425001
1562.5000000000	-1.6973938815595
1565.0000000000	-1.7066176440217
1567.5000000000	-1.7162158028795
1570.0000000000	-1.7261922601625
1572.5000000000	-1.7365459884909
1575.0000000000	-1.7472766647762
1577.5000000000	-1.7583833925947
1580.0000000000	-1.7698678690939
1582.5000000000	-1.7817299302515
1585.0000000000	-1.7939669161410
1587.5000000000	-1.8065805936126
1590.0000000000	-1.8195689081427
1592.5000000000	-1.8329323885788
1595.0000000000	-1.8466733552058
1597.5000000000	-1.8607871442771
1600.0000000000	-1.8752779542107
1602.5000000000	-1.8901441163547
1605.0000000000	-1.9053877892860
1607.5000000000	-1.9210103622439
1610.0000000000	-1.9370157104143
1612.5000000000	-1.9534037934456
1615.0000000000	-1.9701801790390
1617.5000000000	-1.9873485057525
1620.0000000000	-2.0049122440183
1622.5000000000	-2.0228780428614
1625.0000000000	-2.0412544188939
1627.5000000000	-2.0600472202132
1630.0000000000	-2.0792661358684
1632.5000000000	-2.0989201944617
1635.0000000000	-2.1190209505427
1637.5000000000	-2.1395814400437
1640.0000000000	-2.1606139776225
1642.5000000000	-2.1821336316245
1645.0000000000	-2.2041581637260
1647.5000000000	-2.2267029530408
1650.0000000000	-2.2497881817600
1652.5000000000	-2.2734342942689
1655.0000000000	-2.2976628256677
1657.5000000000	-2.3224975427610
1660.0000000000	-2.3479642810771
1662.5000000000	-2.3740890353696
1665.0000000000	-2.4009001750048
1667.5000000000	-2.4284258624834
1670.0000000000	-2.4566997798120
1672.5000000000	-2.4857540434016
1675.0000000000	-2.5156221657478
1677.5000000000	-2.5463430498092
1680.0000000000	-2.5779512888931
1682.5000000000	-2.6104877460386
1685.0000000000	-2.6439932294706
1687.5000000000	-2.6785103690703
1690.0000000000	-2.7140834536088
1692.5000000000	-2.7507581343832
1695.0000000000	-2.7885809264000
1697.5000000000	-2.8276008912510
1700.0000000000	-2.8678674812281
1702.5000000000	-2.9094338925958
1705.0000000000	-2.9523538873439
1707.5000000000	-2.9966795763130
1710.0000000000	-3.0424687004165
1712.5000000000	-3.0897792564788
1715.0000000000	-3.1386687986264
1717.5000000000	-3.1891999537228
1720.0000000000	-3.2414338532791
1722.5000000000	-3.2954343236947
1725.0000000000	-3.3512657507543
1727.5000000000	-3.4089944415938
1730.0000000000	-3.4686889453559
1732.5000000000	-3.5304194205632
1735.0000000000	-3.5942547270455
1737.5000000000	-3.6602700073347
1740.0000000000	-3.7285387011077
1742.5000000000	-3.7991358623703
1745.0000000000	-3.8721388986578
1747.5000000000	-3.9476287233040
1750.0000000000	-4.0256852111540
1752.5000000000	-4.1063915986451
1755.0000000000	-4.1898333713954
1757.5000000000	-4.2760978459832
1760.0000000000	-4.3652722929506
1762.5000000000	-4.4574502639943
1765.0000000000	-4.5527220969450
1767.5000000000	-4.6511865149209
1770.0000000000	-4.7529425620678
1772.5000000000	-4.8580879910231
1775.0000000000	-4.9667282342525
1777.5000000000	-5.0789687996053
1780.0000000000	-5.1949217388785
1782.5000000000	-5.3146965810232
1785.0000000000	-5.4384102212665
1787.5000000000	-5.5661819633984
1790.0000000000	-5.6981315944235
1792.5000000000	-5.8343880716241
1795.0000000000	-5.9750771133408
1797.5000000000	-6.1203348580914
1800.0000000000	-6.2702957371615
1802.5000000000	-6.4250987357608
1805.0000000000	-6.5848879013133
1807.5000000000	-6.7498101430822
1810.0000000000	-6.9200142579250
1812.5000000000	-7.0956520770344
1815.0000000000	-7.2768786399111
1817.5000000000	-7.4638474203344
1820.0000000000	-7.6567187670198
1822.5000000000	-7.8556425078102
1825.0000000000	-8.0607771042006
1827.5000000000	-8.2722691276092
1830.0000000000	-8.4902604739486
1832.5000000000	-8.7148850383145
1835.0000000000	-8.9462615841769
1837.5000000000	-9.1844874269670
1840.0000000000	-9.4296383536709
1842.5000000000	-9.6817550026666
1845.0000000000	-9.9408373006386
1847.5000000000	-10.206829624241
1850.0000000000	-10.479604214786
1852.5000000000	-10.758950442009
1855.0000000000	-11.044546982506
1857.5000000000	-11.335936572592
1860.0000000000	-11.632494368317
1862.5000000000	-11.933398793627
1865.0000000000	-12.237576516964
1867.5000000000	-12.543666379381
1870.0000000000	-12.849962202689
1872.5000000000	-13.154368835140
1875.0000000000	-13.454343437733
1877.5000000000	-13.746864912621
1880.0000000000	-14.028417525399
1882.5000000000	-14.295001899820
1885.0000000000	-14.542201592434
1887.5000000000	-14.765304987885
1890.0000000000	-14.959500227449
1892.5000000000	-15.120132199709
1895.0000000000	-15.243021839343
1897.5000000000	-15.324793190518
1900.0000000000	-15.363177563013
1902.5000000000	-15.357230576064
1905.0000000000	-15.307431321404
1907.5000000000	-15.215634296975
1910.0000000000	-15.084879456294
1912.5000000000	-14.919118149794
1915.0000000000	-14.722884162174
1917.5000000000	-14.500965717099
1920.0000000000	-14.258129793359
1922.5000000000	-13.998901673118
1925.0000000000	-13.727424903255
1927.5000000000	-13.447375809668
1930.0000000000	-13.161928813800
1932.5000000000	-12.873780113711
1935.0000000000	-12.585161902151
1937.5000000000	-12.297897925689
1940.0000000000	-12.013453922957
1942.5000000000	-11.732987382378
1945.0000000000	-11.457396295896
1947.5000000000	-11.187359333541
1950.0000000000	-10.923381982805
1952.5000000000	-10.665822993236
1955.0000000000	-10.414923598889
1957.5000000000	-10.170831971797
1960.0000000000	-9.9336219959314
1962.5000000000	-9.7033060356180
1965.0000000000	-9.4798520369820
1967.5000000000	-9.2631906262197
1970.0000000000	-9.0532257302762
1972.5000000000	-8.8498402378845
1975.0000000000	-8.6528994711181
1977.5000000000	-8.4622622363929
1980.0000000000	-8.2777743587152
1982.5000000000	-8.0992801383727
1985.0000000000	-7.9266190639325
1987.5000000000	-7.7596297226339
1990.0000000000	-7.5981516081894
1992.5000000000	-7.4420251552919
1995.0000000000	-7.2910922383827
1997.5000000000	-7.1451951875564
2000.0000000000	-7.0041829693667
2002.5000000000	-6.8679059122953
2005.0000000000	-6.7362160537756
2007.5000000000	-6.6089720402236
2010.0000000000	-6.4860335630835
2012.5000000000	-6.3672633377360
2015.0000000000	-6.2525311861997
2017.5000000000	-6.1417062370042
2020.0000000000	-6.0346646779898
2022.5000000000	-5.9312828292544
2025.0000000000	-5.8314416464700
2027.5000000000	-5.7350251204553
2030.0000000000	-5.6419208037115
2032.5000000000	-5.5520194052915
2035.0000000000	-5.4652108560881
2037.5000000000	-5.3813931171472
2040.0000000000	-5.3004645191318
2042.5000000000	-5.2223243249552
2045.0000000000	-5.1468786208555
2047.5000000000	-5.0740303260606
2050.0000000000	-5.0036890889865
2052.5000000000	-4.9357645803926
2055.0000000000	-4.8701699497688
2057.5000000000	-4.8068206939586
2060.0000000000	-4.7456340751586
2062.5000000000	-4.6865288153227
2065.0000000000	-4.6294255933378
2067.5000000000	-4.5742493231383
2070.0000000000	-4.5209260187261
2072.5000000000	-4.4693799092612
2075.0000000000	-4.4195461808562
2077.5000000000	-4.3713520592166
2080.0000000000	-4.3247333255826
2082.5000000000	-4.2796264029309
2085.0000000000	-4.2359672210966
2087.5000000000	-4.1936972350783
2090.0000000000	-4.1527596932597
2092.5000000000	-4.1130966489448
2095.0000000000	-4.0746547221823
2097.5000000000	-4.0373837240763
2100.0000000000	-4.0012314328203
2102.5000000000	-3.9661539665817
2105.0000000000	-3.9321033473281
2107.5000000000	-3.8990369151283
2110.0000000000	-3.8669137728485
2112.5000000000	-3.8356953983956
2115.0000000000	-3.8053445827309
2117.5000000000	-3.7758268270959
2120.0000000000	-3.7471080691460
2122.5000000000	-3.7191586987417
2125.0000000000	-3.6919500947059
2127.5000000000	-3.6654559851875
2130.0000000000	-3.6396511955043
2132.5000000000	-3.6145138492177
2135.0000000000	-3.5900210729791
2137.5000000000	-3.5661568468283
2140.0000000000	-3.5429016071300
2142.5000000000	-3.5202417266290
2145.0000000000	-3.4981626270707
2147.5000000000	-3.4766529168628
2150.0000000000	-3.4557020412495
2152.5000000000	-3.4353010318623
2155.0000000000	-3.4154414531798
2157.5000000000	-3.3961185865341
2160.0000000000	-3.3773280603220
2162.5000000000	-3.3590634469209
2165.0000000000	-3.3413245546527
2167.5000000000	-3.3241092176799
2170.0000000000	-3.3074165514776
2172.5000000000	-3.2912455760803
2175.0000000000	-3.2755996619480
2177.5000000000	-3.2604796962847
2180.0000000000	-3.2458886184861
2182.5000000000	-3.2318267360298
2185.0000000000	-3.2182994734458
2187.5000000000	-3.2053089864208
2190.0000000000	-3.1928603902953
2192.5000000000	-3.1809565907965
2195.0000000000	-3.1696019792606
2197.5000000000	-3.1587994672464
2200.0000000000	-3.1485549472599
2202.5000000000	-3.1388719322369
2205.0000000000	-3.1297525865220
2207.5000000000	-3.1212013716526
2210.0000000000	-3.1132208712291
2212.5000000000	-3.1058139889707
2215.0000000000	-3.0989834353282
2217.5000000000	-3.0927309085598
2220.0000000000	-3.0870570592585
2222.5000000000	-3.0819627370175
2225.0000000000	-3.0774476774119
2227.5000000000	-3.0735131376272
2230.0000000000	-3.0701568533524
2232.5000000000	-3.0673771439713
2235.0000000000	-3.0651715224564
2237.5000000000	-3.0635365939828
2240.0000000000	-3.0624692589903
2242.5000000000	-3.0619641147239
2245.0000000000	-3.0620171510563
2247.5000000000	-3.0626213438795
2250.0000000000	-3.0637698041156
2252.5000000000	-3.0654560351564
2255.0000000000	-3.0676731014214
2257.5000000000	-3.0704102198897
2260.0000000000	-3.0736597126579
2262.5000000000	-3.0774107675076
2265.0000000000	-3.0816548982980
2267.5000000000	-3.0863791713823
2270.0000000000	-3.0915730628674
2272.5000000000	-3.0972257863999
2275.0000000000	-3.1033246275139
2277.5000000000	-3.1098566158997
2280.0000000000	-3.1168104867210
2282.5000000000	-3.1241718094679
2285.0000000000	-3.1319282869480
2287.5000000000	-3.1400671612285
2290.0000000000	-3.1485747773213
2292.5000000000	-3.1574368620931
2295.0000000000	-3.1666428512695
2297.5000000000	-3.1761761597239
2300.0000000000	-3.1860273695513
2302.5000000000	-3.1961811721004
2305.0000000000	-3.2066275450317
2307.5000000000	-3.2173526263624
2310.0000000000	-3.2283457946965
2312.5000000000	-3.2395949224454
2315.0000000000	-3.2510914018359
2317.5000000000	-3.2628239928329
2320.0000000000	-3.2747833745354
2322.5000000000	-3.2869598999951
2325.0000000000	-3.2993469470803
2327.5000000000	-3.3119370884726
2330.0000000000	-3.3247220316250
2332.5000000000	-3.3376981985800
2335.0000000000	-3.3508595955696
2337.5000000000	-3.3642024582717
2340.0000000000	-3.3777232667602
2342.5000000000	-3.3914203438487
2345.0000000000	-3.4052895512030
2347.5000000000	-3.4193324817731
2350.0000000000	-3.4335494631659
2352.5000000000	-3.4479408033014
2355.0000000000	-3.4625074870608
2357.5000000000	-3.4772533777165
2360.0000000000	-3.4921808089422
2362.5000000000	-3.5072933273478
2365.0000000000	-3.5225973162958
2367.5000000000	-3.5380961510041
2370.0000000000	-3.5537960636014
2372.5000000000	-3.5697045706177
2375.0000000000	-3.5858267039314
2377.5000000000	-3.6021720716073
2380.0000000000	-3.6187453398201
2382.5000000000	-3.6355556376766
2385.0000000000	-3.6526114453835
2387.5000000000	-3.6699205502628
2390.0000000000	-3.6874886954099
2392.5000000000	-3.7053266455470
2395.0000000000	-3.7234428610314
2397.5000000000	-3.7418430049532
2400.0000000000	-3.7605337732873
2402.5000000000	-3.7795227474729
2405.0000000000	-3.7988179300435
2407.5000000000	-3.8184244199603
2410.0000000000	-3.8383455417622
2412.5000000000	-3.8585880020122
2415.0000000000	-3.8791540940798
2417.5000000000	-3.9000476369805
2420.0000000000	-3.9212691005007
2422.5000000000	-3.9428204596300
2425.0000000000	-3.9647011810512
2427.5000000000	-3.9869079048864
2430.0000000000	-4.0094399427986
2432.5000000000	-4.0322928483108
2435.0000000000	-4.0554596722780
2437.5000000000	-4.0789350416120
2440.0000000000	-4.1027076506430
2442.5000000000	-4.1267715700286
2445.0000000000	-4.1511126126507
2447.5000000000	-4.1757179449338
2450.0000000000	-4.2005737268494
2452.5000000000	-4.2256616549042
2455.0000000000	-4.2509665235428
2457.5000000000	-4.2764662516364
2460.0000000000	-4.3021391201628
2462.5000000000	-4.3279649736148
2465.0000000000	-4.3539164690842
2467.5000000000	-4.3799693148578
2470.0000000000	-4.4060947677832
2472.5000000000	-4.4322637100938
2475.0000000000	-4.4584456961486
2477.5000000000	-4.4846099214877
2480.0000000000	-4.5107210350344
2482.5000000000	-4.5367459230158
2485.0000000000	-4.5626484892853
2487.5000000000	-4.5883922368994
2490.0000000000	-4.6139395797875
2492.5000000000	-4.6392527119500
2495.0000000000	-4.6642906832090
2497.5000000000	-4.6890177309288
2500.0000000000	-4.7133909180832
2502.5000000000	-4.7373723739503
2505.0000000000	-4.7609203941182
2507.5000000000	-4.7839963152540
2510.0000000000	-4.8065600621192
2512.5000000000	-4.8285719093316
2515.0000000000	-4.8499940240640
2517.5000000000	-4.8707896213596
2520.0000000000	-4.8909219288701
2522.5000000000	-4.9103549798417
2525.0000000000	-4.9290517996682
2527.5000000000	-4.9469851332960
2530.0000000000	-4.9641199181436
2532.5000000000	-4.9804300702638
2535.0000000000	-4.9958854968246
2537.5000000000	-5.0104629383645
2540.0000000000	-5.0241402100968
2542.5000000000	-5.0368937818596
2545.0000000000	-5.0487084841159
2547.5000000000	-5.0595672551756
2550.0000000000	-5.0694572380071
2552.5000000000	-5.0783675888385
2555.0000000000	-5.0862913729896
2557.5000000000	-5.0932210608530
2560.0000000000	-5.0991549244007
2562.5000000000	-5.1040957433162
2565.0000000000	-5.1080414589531
2567.5000000000	-5.1109982754282
2570.0000000000	-5.1129757042040
2572.5000000000	-5.1139795761693
2575.0000000000	-5.1140243394695
2577.5000000000	-5.1131232629138
2580.0000000000	-5.1112900858201
2582.5000000000	-5.1085453393099
2585.0000000000	-5.1049064255876
2587.5000000000	-5.1003941516010
2590.0000000000	-5.0950307786808
2592.5000000000	-5.0888385231108
2595.0000000000	-5.0818418223701
2597.5000000000	-5.0740659073181
2600.0000000000	-5.0655359274352
2602.5000000000	-5.0562771780823
2605.0000000000	-5.0463169274267
2607.5000000000	-5.0356816802075
2610.0000000000	-5.0243946458402
2612.5000000000	-5.0124865817771
2615.0000000000	-4.9999782812378
2617.5000000000	-4.9868980256170
2620.0000000000	-4.9732685432096
2622.5000000000	-4.9591151671047
2625.0000000000	-4.9444612785231
2627.5000000000	-4.9293269187210
2630.0000000000	-4.9137342503518
2632.5000000000	-4.8977038076581
2635.0000000000	-4.8812539392208
2637.5000000000	-4.8644018297908
2640.0000000000	-4.8471643840646
2642.5000000000	-4.8295574494981
2645.0000000000	-4.8115939390034
2647.5000000000	-4.7932855100339
2650.0000000000	-4.7746471992915
2652.5000000000	-4.7556870066887
2655.0000000000	-4.7364142369059
2657.5000000000	-4.7168368686343
2660.0000000000	-4.6969627331565
2662.5000000000	-4.6767970806154
2665.0000000000	-4.6563440669478
2667.5000000000	-4.6356083754952
2670.0000000000	-4.6145938226287
2672.5000000000	-4.5933035736883
2675.0000000000	-4.5717389869067
2677.5000000000	-4.5499010165907
2680.0000000000	-4.5277909950548
2682.5000000000	-4.5054089098079
2685.0000000000	-4.4827574571796
2687.5000000000	-4.4598362632763
2690.0000000000	-4.4366442534562
2692.5000000000	-4.4131836241110
2695.0000000000	-4.3894564446940
2697.5000000000	-4.3654598634871
2700.0000000000	-4.3411994961647
2702.5000000000	-4.3166746804248
2705.0000000000	-4.2918905477652
2707.5000000000	-4.2668476947298
2710.0000000000	-4.2415522740393
2712.5000000000	-4.2160077390595
2715.0000000000	-4.1902204740036
2717.5000000000	-4.1641965740930
2720.0000000000	-4.1379453515656
2722.5000000000	-4.1114728566831
2725.0000000000	-4.0847906432325
2727.5000000000	-4.0579092858635
2730.0000000000	-4.0308379228745
2732.5000000000	-4.0035921950936
2735.0000000000	-3.9761858293589
2737.5000000000	-3.9486302135656
2740.0000000000	-3.9209465495810
2742.5000000000	-3.8931478920588
2745.0000000000	-3.8652530776060
2747.5000000000	-3.8372792629702
2750.0000000000	-3.8092477882779
2752.5000000000	-3.7811774536427
2755.0000000000	-3.7530891979577
2757.5000000000	-3.7250042799218
2760.0000000000	-3.6969460577907
2762.5000000000	-3.6689352964958
2765.0000000000	-3.6409942613620
2767.5000000000	-3.6131467514808
2770.0000000000	-3.5854150701510
2772.5000000000	-3.5578228734848
2775.0000000000	-3.5303945582727
2777.5000000000	-3.5031506320564
2780.0000000000	-3.4761140293597
2782.5000000000	-3.4493090353607
2785.0000000000	-3.4227540746911
2787.5000000000	-3.3964746498370
2790.0000000000	-3.3704891970867
2792.5000000000	-3.3448179120263
2795.0000000000	-3.3194792717446
2797.5000000000	-3.2944945432459
2800.0000000000	-3.2698784665912
2802.5000000000	-3.2456484243102
2805.0000000000	-3.2218196887253
2807.5000000000	-3.1984050004435
2810.0000000000	-3.1754202321745
2812.5000000000	-3.1528748188137
2815.0000000000	-3.1307789244992
2817.5000000000	-3.1091440602267
2820.0000000000	-3.0879742866354
2822.5000000000	-3.0672772904814
2825.0000000000	-3.0470581296214
2827.5000000000	-3.0273184441965
2830.0000000000	-3.0080616704626
2832.5000000000	-2.9892857625607
2835.0000000000	-2.9709907874532
2837.5000000000	-2.9531725937525
2840.0000000000	-2.9358271909521
2842.5000000000	-2.9189488812418
2845.0000000000	-2.9025288899100
2847.5000000000	-2.8865582172087
2850.0000000000	-2.8710279461626
2852.5000000000	-2.8559253844266
2855.0000000000	-2.8412379185076
2857.5000000000	-2.8269494961164
2860.0000000000	-2.8130474564136
2862.5000000000	-2.7995118487966
2865.0000000000	-2.7863268563524
2867.5000000000	-2.7734724469756
2870.0000000000	-2.7609305639308
2872.5000000000	-2.7486803525868
2875.0000000000	-2.7366994386449
2877.5000000000	-2.7249667340301
2880.0000000000	-2.7134616690172
2882.5000000000	-2.7021586114906
2885.0000000000	-2.6910381037723
2887.5000000000	-2.6800745072771
2890.0000000000	-2.6692461021841
2892.5000000000	-2.6585311225166
2895.0000000000	-2.6479053957859
2897.5000000000	-2.6373468821430
2900.0000000000	-2.6268333118214
2902.5000000000	-2.6163438957666
2905.0000000000	-2.6058605645651
2907.5000000000	-2.5953620094023
2910.0000000000	-2.5848293154226
2912.5000000000	-2.5742471836222
2915.0000000000	-2.5635973830325
2917.5000000000	-2.5528652801703
2920.0000000000	-2.5420388935758
2922.5000000000	-2.5311046879136
2925.0000000000	-2.5200536319285
2927.5000000000	-2.5088769780306
2930.0000000000	-2.4975678138302
2932.5000000000	-2.4861208989965
2935.0000000000	-2.4745314155870
2937.5000000000	-2.4627986549548
2940.0000000000	-2.4509249618778
2942.5000000000	-2.4389101015940
2945.0000000000	-2.4267573014355
2947.5000000000	-2.4144758628377
2950.0000000000	-2.4020708346265
2952.5000000000	-2.3895526471664
2955.0000000000	-2.3769314752964
2957.5000000000	-2.3642199307210
2960.0000000000	-2.3514335638640
2962.5000000000	-2.3385876105720
2965.0000000000	-2.3256976015357
2967.5000000000	-2.3127827009462
2970.0000000000	-2.2998634552663
2972.5000000000	-2.2869593155789
2975.0000000000	-2.2740930513064
2977.5000000000	-2.2612839360294
2980.0000000000	-2.2485588214009
2982.5000000000	-2.2359368602101
2985.0000000000	-2.2234444634179
2987.5000000000	-2.2111049122981
2990.0000000000	-2.1989433320657
2992.5000000000	-2.1869802763876
2995.0000000000	-2.1752428377987
2997.5000000000	-2.1637520976362
3000.0000000000	-2.1525321372456
