Theta [deg.]  Phi   [deg.]  Abs(Dir.)[dBi   ]   Abs(Theta)[dBi   ]  Phase(Theta)[deg.]  Abs(Phi  )[dBi   ]  Phase(Phi  )[deg.]  Ax.Ratio[dB    ]    
------------------------------------------------------------------------------------------------------------------------------------------------------
   0.000           0.000            3.537e+00          -1.451e+01               2.831           3.469e+00             142.882           2.191e+01     
   1.000           0.000            3.586e+00          -1.456e+01               2.366           3.519e+00             142.770           2.207e+01     
   2.000           0.000            3.634e+00          -1.460e+01               1.905           3.568e+00             142.658           2.223e+01     
   3.000           0.000            3.681e+00          -1.465e+01               1.448           3.617e+00             142.544           2.239e+01     
   4.000           0.000            3.726e+00          -1.470e+01               0.994           3.664e+00             142.430           2.255e+01     
   5.000           0.000            3.771e+00          -1.476e+01               0.545           3.710e+00             142.315           2.271e+01     
   6.000           0.000            3.815e+00          -1.482e+01               0.099           3.755e+00             142.200           2.288e+01     
   7.000           0.000            3.857e+00          -1.488e+01             359.658           3.799e+00             142.084           2.305e+01     
   8.000           0.000            3.898e+00          -1.494e+01             359.220           3.841e+00             141.968           2.322e+01     
   9.000           0.000            3.939e+00          -1.501e+01             358.786           3.883e+00             141.851           2.339e+01     
  10.000           0.000            3.978e+00          -1.508e+01             358.355           3.924e+00             141.735           2.357e+01     
  11.000           0.000            4.016e+00          -1.516e+01             357.928           3.964e+00             141.618           2.374e+01     
  12.000           0.000            4.054e+00          -1.524e+01             357.504           4.002e+00             141.502           2.392e+01     
  13.000           0.000            4.090e+00          -1.532e+01             357.083           4.040e+00             141.386           2.411e+01     
  14.000           0.000            4.125e+00          -1.541e+01             356.666           4.076e+00             141.269           2.429e+01     
  15.000           0.000            4.159e+00          -1.550e+01             356.251           4.112e+00             141.154           2.448e+01     
  16.000           0.000            4.192e+00          -1.559e+01             355.840           4.146e+00             141.038           2.467e+01     
  17.000           0.000            4.224e+00          -1.569e+01             355.431           4.180e+00             140.923           2.487e+01     
  18.000           0.000            4.256e+00          -1.580e+01             355.024           4.212e+00             140.809           2.507e+01     
  19.000           0.000            4.286e+00          -1.590e+01             354.620           4.244e+00             140.695           2.527e+01     
  20.000           0.000            4.315e+00          -1.602e+01             354.217           4.274e+00             140.582           2.548e+01     
  21.000           0.000            4.343e+00          -1.613e+01             353.817           4.304e+00             140.469           2.569e+01     
  22.000           0.000            4.370e+00          -1.626e+01             353.418           4.333e+00             140.358           2.591e+01     
  23.000           0.000            4.397e+00          -1.638e+01             353.020           4.360e+00             140.247           2.613e+01     
  24.000           0.000            4.422e+00          -1.651e+01             352.623           4.387e+00             140.138           2.635e+01     
  25.000           0.000            4.447e+00          -1.665e+01             352.226           4.413e+00             140.029           2.658e+01     
  26.000           0.000            4.470e+00          -1.679e+01             351.830           4.438e+00             139.922           2.682e+01     
  27.000           0.000            4.493e+00          -1.694e+01             351.433           4.461e+00             139.816           2.706e+01     
  28.000           0.000            4.514e+00          -1.710e+01             351.036           4.484e+00             139.711           2.731e+01     
  29.000           0.000            4.535e+00          -1.726e+01             350.637           4.507e+00             139.608           2.756e+01     
  30.000           0.000            4.555e+00          -1.742e+01             350.237           4.528e+00             139.506           2.782e+01     
  31.000           0.000            4.574e+00          -1.760e+01             349.834           4.548e+00             139.406           2.809e+01     
  32.000           0.000            4.593e+00          -1.778e+01             349.428           4.568e+00             139.307           2.837e+01     
  33.000           0.000            4.610e+00          -1.797e+01             349.018           4.586e+00             139.210           2.866e+01     
  34.000           0.000            4.627e+00          -1.816e+01             348.604           4.604e+00             139.114           2.896e+01     
  35.000           0.000            4.643e+00          -1.836e+01             348.183           4.621e+00             139.020           2.926e+01     
  36.000           0.000            4.658e+00          -1.858e+01             347.756           4.637e+00             138.928           2.958e+01     
  37.000           0.000            4.672e+00          -1.880e+01             347.321           4.652e+00             138.838           2.991e+01     
  38.000           0.000            4.685e+00          -1.902e+01             346.877           4.667e+00             138.750           3.025e+01     
  39.000           0.000            4.698e+00          -1.926e+01             346.423           4.680e+00             138.664           3.061e+01     
  40.000           0.000            4.710e+00          -1.951e+01             345.955           4.693e+00             138.580           3.098e+01     
  41.000           0.000            4.721e+00          -1.977e+01             345.474           4.705e+00             138.498           3.137e+01     
  42.000           0.000            4.731e+00          -2.004e+01             344.976           4.717e+00             138.418           3.177e+01     
  43.000           0.000            4.741e+00          -2.033e+01             344.459           4.727e+00             138.340           3.220e+01     
  44.000           0.000            4.750e+00          -2.062e+01             343.920           4.737e+00             138.264           3.265e+01     
  45.000           0.000            4.758e+00          -2.093e+01             343.356           4.746e+00             138.191           3.313e+01     
  46.000           0.000            4.766e+00          -2.126e+01             342.763           4.755e+00             138.120           3.363e+01     
  47.000           0.000            4.773e+00          -2.160e+01             342.136           4.763e+00             138.051           3.416e+01     
  48.000           0.000            4.779e+00          -2.195e+01             341.470           4.770e+00             137.985           3.473e+01     
  49.000           0.000            4.784e+00          -2.233e+01             340.759           4.776e+00             137.921           3.534e+01     
  50.000           0.000            4.789e+00          -2.272e+01             339.996           4.782e+00             137.859           3.600e+01     
  51.000           0.000            4.794e+00          -2.314e+01             339.170           4.787e+00             137.800           3.671e+01     
  52.000           0.000            4.797e+00          -2.358e+01             338.272           4.791e+00             137.744           3.748e+01     
  53.000           0.000            4.800e+00          -2.405e+01             337.287           4.795e+00             137.690           3.834e+01     
  54.000           0.000            4.803e+00          -2.454e+01             336.200           4.798e+00             137.638           3.929e+01     
  55.000           0.000            4.805e+00          -2.506e+01             334.990           4.800e+00             137.589           4.000e+01     
  56.000           0.000            4.806e+00          -2.562e+01             333.630           4.802e+00             137.543           4.000e+01     
  57.000           0.000            4.806e+00          -2.622e+01             332.088           4.803e+00             137.500           4.000e+01     
  58.000           0.000            4.807e+00          -2.685e+01             330.322           4.804e+00             137.459           4.000e+01     
  59.000           0.000            4.806e+00          -2.753e+01             328.277           4.804e+00             137.420           4.000e+01     
  60.000           0.000            4.805e+00          -2.826e+01             325.879           4.803e+00             137.385           4.000e+01     
  61.000           0.000            4.804e+00          -2.904e+01             323.032           4.802e+00             137.352           4.000e+01     
  62.000           0.000            4.802e+00          -2.988e+01             319.608           4.800e+00             137.322           4.000e+01     
  63.000           0.000            4.799e+00          -3.077e+01             315.433           4.798e+00             137.294           4.000e+01     
  64.000           0.000            4.796e+00          -3.170e+01             310.284           4.795e+00             137.270           4.000e+01     
  65.000           0.000            4.792e+00          -3.266e+01             303.880           4.791e+00             137.248           4.000e+01     
  66.000           0.000            4.788e+00          -3.358e+01             295.919           4.787e+00             137.228           4.000e+01     
  67.000           0.000            4.783e+00          -3.439e+01             286.176           4.783e+00             137.212           4.000e+01     
  68.000           0.000            4.778e+00          -3.496e+01             274.725           4.778e+00             137.198           4.000e+01     
  69.000           0.000            4.773e+00          -3.517e+01             262.169           4.772e+00             137.187           4.000e+01     
  70.000           0.000            4.767e+00          -3.495e+01             249.604           4.766e+00             137.179           4.000e+01     
  71.000           0.000            4.760e+00          -3.438e+01             238.131           4.760e+00             137.173           3.930e+01     
  72.000           0.000            4.753e+00          -3.356e+01             228.369           4.752e+00             137.170           3.831e+01     
  73.000           0.000            4.745e+00          -3.263e+01             220.401           4.745e+00             137.170           3.743e+01     
  74.000           0.000            4.738e+00          -3.166e+01             214.007           4.737e+00             137.172           3.663e+01     
  75.000           0.000            4.729e+00          -3.071e+01             208.884           4.728e+00             137.177           3.589e+01     
  76.000           0.000            4.720e+00          -2.981e+01             204.752           4.719e+00             137.185           3.521e+01     
  77.000           0.000            4.711e+00          -2.896e+01             201.385           4.709e+00             137.195           3.458e+01     
  78.000           0.000            4.701e+00          -2.816e+01             198.608           4.699e+00             137.208           3.399e+01     
  79.000           0.000            4.691e+00          -2.741e+01             196.292           4.688e+00             137.223           3.344e+01     
  80.000           0.000            4.680e+00          -2.672e+01             194.340           4.677e+00             137.241           3.292e+01     
  81.000           0.000            4.669e+00          -2.607e+01             192.679           4.665e+00             137.262           3.243e+01     
  82.000           0.000            4.658e+00          -2.546e+01             191.253           4.653e+00             137.285           3.196e+01     
  83.000           0.000            4.645e+00          -2.489e+01             190.020           4.641e+00             137.310           3.152e+01     
  84.000           0.000            4.633e+00          -2.435e+01             188.946           4.628e+00             137.338           3.110e+01     
  85.000           0.000            4.620e+00          -2.384e+01             188.005           4.614e+00             137.368           3.069e+01     
  86.000           0.000            4.607e+00          -2.336e+01             187.177           4.600e+00             137.401           3.031e+01     
  87.000           0.000            4.593e+00          -2.291e+01             186.445           4.585e+00             137.436           2.994e+01     
  88.000           0.000            4.579e+00          -2.248e+01             185.796           4.570e+00             137.473           2.959e+01     
  89.000           0.000            4.564e+00          -2.207e+01             185.218           4.555e+00             137.512           2.925e+01     
  90.000           0.000            4.549e+00          -2.168e+01             184.703           4.539e+00             137.553           2.892e+01     
  91.000           0.000            4.533e+00          -2.131e+01             184.242           4.522e+00             137.597           2.861e+01     
  92.000           0.000            4.517e+00          -2.095e+01             183.830           4.505e+00             137.642           2.830e+01     
  93.000           0.000            4.501e+00          -2.061e+01             183.461           4.487e+00             137.690           2.801e+01     
  94.000           0.000            4.484e+00          -2.029e+01             183.131           4.469e+00             137.739           2.773e+01     
  95.000           0.000            4.466e+00          -1.998e+01             182.835           4.451e+00             137.790           2.745e+01     
  96.000           0.000            4.448e+00          -1.968e+01             182.570           4.431e+00             137.843           2.718e+01     
  97.000           0.000            4.430e+00          -1.940e+01             182.334           4.412e+00             137.898           2.693e+01     
  98.000           0.000            4.411e+00          -1.912e+01             182.124           4.392e+00             137.955           2.667e+01     
  99.000           0.000            4.392e+00          -1.886e+01             181.937           4.371e+00             138.013           2.643e+01     
 100.000           0.000            4.372e+00          -1.861e+01             181.771           4.350e+00             138.073           2.619e+01     
 101.000           0.000            4.351e+00          -1.837e+01             181.626           4.328e+00             138.134           2.596e+01     
 102.000           0.000            4.330e+00          -1.813e+01             181.499           4.306e+00             138.196           2.574e+01     
 103.000           0.000            4.309e+00          -1.791e+01             181.389           4.283e+00             138.260           2.552e+01     
 104.000           0.000            4.287e+00          -1.769e+01             181.294           4.259e+00             138.325           2.531e+01     
 105.000           0.000            4.265e+00          -1.748e+01             181.215           4.235e+00             138.392           2.510e+01     
 106.000           0.000            4.242e+00          -1.728e+01             181.148           4.211e+00             138.459           2.490e+01     
 107.000           0.000            4.218e+00          -1.709e+01             181.095           4.186e+00             138.528           2.470e+01     
 108.000           0.000            4.194e+00          -1.690e+01             181.054           4.160e+00             138.597           2.451e+01     
 109.000           0.000            4.169e+00          -1.672e+01             181.023           4.134e+00             138.668           2.432e+01     
 110.000           0.000            4.144e+00          -1.654e+01             181.004           4.107e+00             138.739           2.414e+01     
 111.000           0.000            4.118e+00          -1.638e+01             180.994           4.079e+00             138.811           2.396e+01     
 112.000           0.000            4.092e+00          -1.622e+01             180.994           4.051e+00             138.883           2.378e+01     
 113.000           0.000            4.065e+00          -1.606e+01             181.002           4.023e+00             138.956           2.361e+01     
 114.000           0.000            4.037e+00          -1.591e+01             181.019           3.993e+00             139.030           2.344e+01     
 115.000           0.000            4.009e+00          -1.576e+01             181.043           3.963e+00             139.104           2.328e+01     
 116.000           0.000            3.980e+00          -1.562e+01             181.075           3.933e+00             139.178           2.312e+01     
 117.000           0.000            3.951e+00          -1.549e+01             181.115           3.901e+00             139.253           2.296e+01     
 118.000           0.000            3.921e+00          -1.536e+01             181.160           3.869e+00             139.327           2.280e+01     
 119.000           0.000            3.890e+00          -1.524e+01             181.213           3.837e+00             139.402           2.265e+01     
 120.000           0.000            3.859e+00          -1.512e+01             181.271           3.803e+00             139.476           2.251e+01     
 121.000           0.000            3.827e+00          -1.500e+01             181.335           3.769e+00             139.550           2.236e+01     
 122.000           0.000            3.794e+00          -1.489e+01             181.404           3.735e+00             139.624           2.222e+01     
 123.000           0.000            3.761e+00          -1.478e+01             181.479           3.699e+00             139.698           2.208e+01     
 124.000           0.000            3.727e+00          -1.468e+01             181.558           3.663e+00             139.771           2.194e+01     
 125.000           0.000            3.692e+00          -1.458e+01             181.642           3.627e+00             139.844           2.181e+01     
 126.000           0.000            3.656e+00          -1.449e+01             181.730           3.589e+00             139.916           2.167e+01     
 127.000           0.000            3.620e+00          -1.440e+01             181.823           3.551e+00             139.988           2.154e+01     
 128.000           0.000            3.583e+00          -1.431e+01             181.920           3.512e+00             140.058           2.142e+01     
 129.000           0.000            3.545e+00          -1.423e+01             182.020           3.472e+00             140.128           2.129e+01     
 130.000           0.000            3.507e+00          -1.415e+01             182.124           3.432e+00             140.196           2.117e+01     
 131.000           0.000            3.468e+00          -1.408e+01             182.231           3.391e+00             140.264           2.105e+01     
 132.000           0.000            3.428e+00          -1.400e+01             182.341           3.349e+00             140.330           2.093e+01     
 133.000           0.000            3.387e+00          -1.394e+01             182.454           3.306e+00             140.395           2.081e+01     
 134.000           0.000            3.346e+00          -1.387e+01             182.570           3.263e+00             140.459           2.070e+01     
 135.000           0.000            3.304e+00          -1.381e+01             182.688           3.218e+00             140.521           2.059e+01     
 136.000           0.000            3.261e+00          -1.376e+01             182.809           3.173e+00             140.581           2.048e+01     
 137.000           0.000            3.217e+00          -1.370e+01             182.932           3.128e+00             140.640           2.037e+01     
 138.000           0.000            3.172e+00          -1.365e+01             183.057           3.081e+00             140.697           2.026e+01     
 139.000           0.000            3.127e+00          -1.361e+01             183.184           3.034e+00             140.753           2.016e+01     
 140.000           0.000            3.080e+00          -1.356e+01             183.313           2.985e+00             140.806           2.006e+01     
 141.000           0.000            3.033e+00          -1.352e+01             183.443           2.936e+00             140.857           1.996e+01     
 142.000           0.000            2.986e+00          -1.349e+01             183.575           2.887e+00             140.906           1.986e+01     
 143.000           0.000            2.937e+00          -1.345e+01             183.707           2.836e+00             140.953           1.976e+01     
 144.000           0.000            2.887e+00          -1.342e+01             183.841           2.785e+00             140.997           1.967e+01     
 145.000           0.000            2.837e+00          -1.339e+01             183.976           2.732e+00             141.039           1.958e+01     
 146.000           0.000            2.786e+00          -1.337e+01             184.111           2.679e+00             141.079           1.948e+01     
 147.000           0.000            2.734e+00          -1.335e+01             184.247           2.626e+00             141.116           1.940e+01     
 148.000           0.000            2.681e+00          -1.333e+01             184.383           2.571e+00             141.150           1.931e+01     
 149.000           0.000            2.627e+00          -1.332e+01             184.520           2.515e+00             141.181           1.922e+01     
 150.000           0.000            2.573e+00          -1.330e+01             184.656           2.459e+00             141.210           1.914e+01     
 151.000           0.000            2.518e+00          -1.330e+01             184.792           2.402e+00             141.235           1.906e+01     
 152.000           0.000            2.461e+00          -1.329e+01             184.928           2.344e+00             141.258           1.898e+01     
 153.000           0.000            2.404e+00          -1.329e+01             185.064           2.286e+00             141.277           1.890e+01     
 154.000           0.000            2.347e+00          -1.329e+01             185.199           2.226e+00             141.294           1.882e+01     
 155.000           0.000            2.288e+00          -1.329e+01             185.333           2.166e+00             141.307           1.875e+01     
 156.000           0.000            2.229e+00          -1.330e+01             185.466           2.105e+00             141.316           1.867e+01     
 157.000           0.000            2.168e+00          -1.331e+01             185.598           2.043e+00             141.323           1.860e+01     
 158.000           0.000            2.107e+00          -1.332e+01             185.728           1.981e+00             141.325           1.853e+01     
 159.000           0.000            2.045e+00          -1.333e+01             185.857           1.918e+00             141.325           1.847e+01     
 160.000           0.000            1.983e+00          -1.335e+01             185.985           1.854e+00             141.320           1.840e+01     
 161.000           0.000            1.919e+00          -1.337e+01             186.110           1.789e+00             141.312           1.834e+01     
 162.000           0.000            1.855e+00          -1.340e+01             186.233           1.723e+00             141.300           1.828e+01     
 163.000           0.000            1.790e+00          -1.343e+01             186.354           1.657e+00             141.285           1.822e+01     
 164.000           0.000            1.724e+00          -1.346e+01             186.472           1.590e+00             141.265           1.816e+01     
 165.000           0.000            1.657e+00          -1.349e+01             186.587           1.523e+00             141.242           1.811e+01     
 166.000           0.000            1.590e+00          -1.353e+01             186.699           1.454e+00             141.215           1.805e+01     
 167.000           0.000            1.522e+00          -1.356e+01             186.809           1.385e+00             141.184           1.800e+01     
 168.000           0.000            1.453e+00          -1.361e+01             186.914           1.316e+00             141.148           1.796e+01     
 169.000           0.000            1.384e+00          -1.365e+01             187.016           1.246e+00             141.109           1.791e+01     
 170.000           0.000            1.314e+00          -1.370e+01             187.114           1.175e+00             141.066           1.787e+01     
 171.000           0.000            1.243e+00          -1.375e+01             187.208           1.103e+00             141.018           1.783e+01     
 172.000           0.000            1.172e+00          -1.381e+01             187.297           1.032e+00             140.967           1.779e+01     
 173.000           0.000            1.100e+00          -1.386e+01             187.382           9.590e-01             140.911           1.775e+01     
 174.000           0.000            1.027e+00          -1.392e+01             187.461           8.860e-01             140.851           1.772e+01     
 175.000           0.000            9.539e-01          -1.399e+01             187.535           8.124e-01             140.787           1.769e+01     
 176.000           0.000            8.802e-01          -1.405e+01             187.603           7.384e-01             140.719           1.766e+01     
 177.000           0.000            8.058e-01          -1.412e+01             187.666           6.639e-01             140.647           1.764e+01     
 178.000           0.000            7.310e-01          -1.420e+01             187.722           5.890e-01             140.570           1.762e+01     
 179.000           0.000            6.557e-01          -1.427e+01             187.771           5.137e-01             140.490           1.760e+01     
 180.000           0.000            5.799e-01          -1.435e+01             187.814           4.381e-01             140.405           1.758e+01     
 179.000         180.000            5.037e-01          -1.443e+01               7.849           3.621e-01             320.317           1.757e+01     
 178.000         180.000            4.270e-01          -1.452e+01               7.877           2.857e-01             320.224           1.756e+01     
 177.000         180.000            3.500e-01          -1.461e+01               7.896           2.091e-01             320.128           1.756e+01     
 176.000         180.000            2.726e-01          -1.470e+01               7.906           1.322e-01             320.027           1.756e+01     
 175.000         180.000            1.949e-01          -1.480e+01               7.908           5.509e-02             319.923           1.756e+01     
 174.000         180.000            1.169e-01          -1.490e+01               7.900          -2.221e-02             319.815           1.757e+01     
 173.000         180.000            3.865e-02          -1.500e+01               7.882          -9.968e-02             319.704           1.758e+01     
 172.000         180.000           -3.983e-02          -1.511e+01               7.853          -1.773e-01             319.588           1.760e+01     
 171.000         180.000           -1.185e-01          -1.521e+01               7.814          -2.549e-01             319.470           1.762e+01     
 170.000         180.000           -1.973e-01          -1.533e+01               7.762          -3.327e-01             319.348           1.764e+01     
 169.000         180.000           -2.762e-01          -1.544e+01               7.699          -4.104e-01             319.222           1.767e+01     
 168.000         180.000           -3.553e-01          -1.557e+01               7.622          -4.881e-01             319.094           1.770e+01     
 167.000         180.000           -4.343e-01          -1.569e+01               7.532          -5.658e-01             318.963           1.774e+01     
 166.000         180.000           -5.133e-01          -1.582e+01               7.428          -6.433e-01             318.828           1.779e+01     
 165.000         180.000           -5.923e-01          -1.595e+01               7.309          -7.207e-01             318.692           1.784e+01     
 164.000         180.000           -6.713e-01          -1.608e+01               7.173          -7.980e-01             318.552           1.790e+01     
 163.000         180.000           -7.501e-01          -1.622e+01               7.021          -8.750e-01             318.410           1.796e+01     
 162.000         180.000           -8.287e-01          -1.637e+01               6.852          -9.517e-01             318.266           1.803e+01     
 161.000         180.000           -9.071e-01          -1.652e+01               6.664          -1.028e+00             318.120           1.810e+01     
 160.000         180.000           -9.852e-01          -1.667e+01               6.456          -1.104e+00             317.973           1.818e+01     
 159.000         180.000           -1.063e+00          -1.682e+01               6.228          -1.180e+00             317.823           1.827e+01     
 158.000         180.000           -1.141e+00          -1.698e+01               5.977          -1.255e+00             317.672           1.837e+01     
 157.000         180.000           -1.218e+00          -1.715e+01               5.704          -1.330e+00             317.521           1.847e+01     
 156.000         180.000           -1.294e+00          -1.732e+01               5.406          -1.404e+00             317.368           1.859e+01     
 155.000         180.000           -1.371e+00          -1.749e+01               5.082          -1.478e+00             317.214           1.871e+01     
 154.000         180.000           -1.446e+00          -1.767e+01               4.731          -1.551e+00             317.061           1.884e+01     
 153.000         180.000           -1.521e+00          -1.785e+01               4.350          -1.623e+00             316.907           1.898e+01     
 152.000         180.000           -1.596e+00          -1.804e+01               3.939          -1.695e+00             316.753           1.913e+01     
 151.000         180.000           -1.669e+00          -1.823e+01               3.494          -1.766e+00             316.599           1.929e+01     
 150.000         180.000           -1.742e+00          -1.843e+01               3.015          -1.836e+00             316.447           1.946e+01     
 149.000         180.000           -1.815e+00          -1.863e+01               2.498          -1.906e+00             316.295           1.965e+01     
 148.000         180.000           -1.886e+00          -1.884e+01               1.942          -1.974e+00             316.144           1.984e+01     
 147.000         180.000           -1.956e+00          -1.905e+01               1.343          -2.042e+00             315.995           2.005e+01     
 146.000         180.000           -2.026e+00          -1.927e+01               0.699          -2.109e+00             315.848           2.028e+01     
 145.000         180.000           -2.095e+00          -1.949e+01               0.007          -2.174e+00             315.703           2.052e+01     
 144.000         180.000           -2.162e+00          -1.972e+01             359.263          -2.239e+00             315.560           2.077e+01     
 143.000         180.000           -2.229e+00          -1.995e+01             358.465          -2.303e+00             315.421           2.105e+01     
 142.000         180.000           -2.294e+00          -2.019e+01             357.607          -2.365e+00             315.284           2.134e+01     
 141.000         180.000           -2.358e+00          -2.043e+01             356.686          -2.426e+00             315.151           2.165e+01     
 140.000         180.000           -2.421e+00          -2.068e+01             355.697          -2.486e+00             315.021           2.198e+01     
 139.000         180.000           -2.482e+00          -2.093e+01             354.636          -2.545e+00             314.896           2.234e+01     
 138.000         180.000           -2.543e+00          -2.118e+01             353.497          -2.602e+00             314.775           2.273e+01     
 137.000         180.000           -2.602e+00          -2.144e+01             352.275          -2.659e+00             314.658           2.315e+01     
 136.000         180.000           -2.659e+00          -2.171e+01             350.963          -2.713e+00             314.547           2.360e+01     
 135.000         180.000           -2.715e+00          -2.197e+01             349.557          -2.767e+00             314.441           2.408e+01     
 134.000         180.000           -2.769e+00          -2.224e+01             348.048          -2.819e+00             314.340           2.461e+01     
 133.000         180.000           -2.822e+00          -2.251e+01             346.431          -2.869e+00             314.245           2.518e+01     
 132.000         180.000           -2.873e+00          -2.279e+01             344.699          -2.918e+00             314.157           2.581e+01     
 131.000         180.000           -2.923e+00          -2.306e+01             342.845          -2.965e+00             314.075           2.651e+01     
 130.000         180.000           -2.971e+00          -2.333e+01             340.863          -3.011e+00             313.999           2.728e+01     
 129.000         180.000           -3.017e+00          -2.359e+01             338.746          -3.055e+00             313.931           2.814e+01     
 128.000         180.000           -3.061e+00          -2.385e+01             336.489          -3.097e+00             313.869           2.912e+01     
 127.000         180.000           -3.103e+00          -2.411e+01             334.088          -3.138e+00             313.815           3.023e+01     
 126.000         180.000           -3.144e+00          -2.435e+01             331.540          -3.177e+00             313.769           3.154e+01     
 125.000         180.000           -3.183e+00          -2.458e+01             328.846          -3.214e+00             313.731           3.310e+01     
 124.000         180.000           -3.219e+00          -2.480e+01             326.005          -3.249e+00             313.701           3.503e+01     
 123.000         180.000           -3.254e+00          -2.499e+01             323.025          -3.283e+00             313.679           3.756e+01     
 122.000         180.000           -3.286e+00          -2.517e+01             319.912          -3.314e+00             313.665           4.000e+01     
 121.000         180.000           -3.317e+00          -2.532e+01             316.680          -3.344e+00             313.660           4.000e+01     
 120.000         180.000           -3.345e+00          -2.545e+01             313.344          -3.372e+00             313.664           4.000e+01     
 119.000         180.000           -3.371e+00          -2.555e+01             309.924          -3.397e+00             313.676           4.000e+01     
 118.000         180.000           -3.395e+00          -2.562e+01             306.443          -3.421e+00             313.698           4.000e+01     
 117.000         180.000           -3.417e+00          -2.565e+01             302.926          -3.443e+00             313.728           3.680e+01     
 116.000         180.000           -3.436e+00          -2.565e+01             299.399          -3.462e+00             313.767           3.435e+01     
 115.000         180.000           -3.453e+00          -2.562e+01             295.888          -3.480e+00             313.815           3.243e+01     
 114.000         180.000           -3.468e+00          -2.557e+01             292.420          -3.495e+00             313.873           3.085e+01     
 113.000         180.000           -3.481e+00          -2.548e+01             289.018          -3.508e+00             313.939           2.952e+01     
 112.000         180.000           -3.491e+00          -2.536e+01             285.701          -3.519e+00             314.014           2.836e+01     
 111.000         180.000           -3.499e+00          -2.522e+01             282.487          -3.528e+00             314.098           2.734e+01     
 110.000         180.000           -3.504e+00          -2.506e+01             279.390          -3.534e+00             314.191           2.643e+01     
 109.000         180.000           -3.507e+00          -2.487e+01             276.417          -3.539e+00             314.292           2.561e+01     
 108.000         180.000           -3.507e+00          -2.468e+01             273.576          -3.541e+00             314.403           2.487e+01     
 107.000         180.000           -3.505e+00          -2.447e+01             270.868          -3.540e+00             314.521           2.418e+01     
 106.000         180.000           -3.501e+00          -2.425e+01             268.293          -3.538e+00             314.648           2.355e+01     
 105.000         180.000           -3.494e+00          -2.402e+01             265.850          -3.533e+00             314.783           2.297e+01     
 104.000         180.000           -3.485e+00          -2.378e+01             263.535          -3.525e+00             314.925           2.243e+01     
 103.000         180.000           -3.473e+00          -2.355e+01             261.342          -3.516e+00             315.075           2.193e+01     
 102.000         180.000           -3.459e+00          -2.330e+01             259.266          -3.504e+00             315.233           2.146e+01     
 101.000         180.000           -3.442e+00          -2.306e+01             257.300          -3.489e+00             315.398           2.102e+01     
 100.000         180.000           -3.422e+00          -2.282e+01             255.437          -3.473e+00             315.569           2.061e+01     
  99.000         180.000           -3.401e+00          -2.258e+01             253.672          -3.454e+00             315.747           2.023e+01     
  98.000         180.000           -3.377e+00          -2.234e+01             251.996          -3.432e+00             315.931           1.986e+01     
  97.000         180.000           -3.350e+00          -2.211e+01             250.405          -3.408e+00             316.120           1.952e+01     
  96.000         180.000           -3.321e+00          -2.187e+01             248.891          -3.382e+00             316.315           1.920e+01     
  95.000         180.000           -3.289e+00          -2.164e+01             247.449          -3.353e+00             316.515           1.890e+01     
  94.000         180.000           -3.255e+00          -2.142e+01             246.074          -3.322e+00             316.720           1.862e+01     
  93.000         180.000           -3.219e+00          -2.120e+01             244.760          -3.289e+00             316.929           1.835e+01     
  92.000         180.000           -3.181e+00          -2.098e+01             243.502          -3.253e+00             317.142           1.810e+01     
  91.000         180.000           -3.140e+00          -2.077e+01             242.295          -3.215e+00             317.359           1.786e+01     
  90.000         180.000           -3.097e+00          -2.056e+01             241.137          -3.175e+00             317.578           1.764e+01     
  89.000         180.000           -3.051e+00          -2.036e+01             240.023          -3.133e+00             317.800           1.743e+01     
  88.000         180.000           -3.004e+00          -2.016e+01             238.949          -3.088e+00             318.025           1.724e+01     
  87.000         180.000           -2.954e+00          -1.997e+01             237.912          -3.041e+00             318.251           1.706e+01     
  86.000         180.000           -2.902e+00          -1.978e+01             236.910          -2.992e+00             318.478           1.689e+01     
  85.000         180.000           -2.848e+00          -1.960e+01             235.938          -2.941e+00             318.707           1.673e+01     
  84.000         180.000           -2.793e+00          -1.942e+01             234.996          -2.888e+00             318.936           1.658e+01     
  83.000         180.000           -2.735e+00          -1.924e+01             234.080          -2.833e+00             319.165           1.644e+01     
  82.000         180.000           -2.675e+00          -1.907e+01             233.189          -2.776e+00             319.394           1.631e+01     
  81.000         180.000           -2.613e+00          -1.890e+01             232.320          -2.717e+00             319.622           1.620e+01     
  80.000         180.000           -2.550e+00          -1.874e+01             231.472          -2.656e+00             319.850           1.609e+01     
  79.000         180.000           -2.485e+00          -1.858e+01             230.643          -2.593e+00             320.076           1.599e+01     
  78.000         180.000           -2.418e+00          -1.843e+01             229.831          -2.528e+00             320.300           1.590e+01     
  77.000         180.000           -2.349e+00          -1.828e+01             229.035          -2.462e+00             320.522           1.582e+01     
  76.000         180.000           -2.279e+00          -1.813e+01             228.254          -2.394e+00             320.741           1.574e+01     
  75.000         180.000           -2.208e+00          -1.799e+01             227.487          -2.324e+00             320.958           1.568e+01     
  74.000         180.000           -2.135e+00          -1.785e+01             226.732          -2.253e+00             321.172           1.562e+01     
  73.000         180.000           -2.060e+00          -1.771e+01             225.988          -2.180e+00             321.382           1.557e+01     
  72.000         180.000           -1.985e+00          -1.758e+01             225.256          -2.106e+00             321.589           1.553e+01     
  71.000         180.000           -1.908e+00          -1.745e+01             224.532          -2.031e+00             321.791           1.549e+01     
  70.000         180.000           -1.830e+00          -1.732e+01             223.818          -1.954e+00             321.990           1.546e+01     
  69.000         180.000           -1.750e+00          -1.720e+01             223.112          -1.876e+00             322.183           1.544e+01     
  68.000         180.000           -1.670e+00          -1.708e+01             222.414          -1.797e+00             322.373           1.543e+01     
  67.000         180.000           -1.589e+00          -1.697e+01             221.722          -1.716e+00             322.557           1.542e+01     
  66.000         180.000           -1.507e+00          -1.685e+01             221.037          -1.635e+00             322.736           1.541e+01     
  65.000         180.000           -1.423e+00          -1.674e+01             220.358          -1.553e+00             322.910           1.541e+01     
  64.000         180.000           -1.340e+00          -1.664e+01             219.685          -1.470e+00             323.079           1.542e+01     
  63.000         180.000           -1.255e+00          -1.653e+01             219.016          -1.386e+00             323.242           1.543e+01     
  62.000         180.000           -1.170e+00          -1.643e+01             218.352          -1.301e+00             323.399           1.545e+01     
  61.000         180.000           -1.084e+00          -1.633e+01             217.693          -1.216e+00             323.550           1.547e+01     
  60.000         180.000           -9.975e-01          -1.624e+01             217.037          -1.129e+00             323.696           1.550e+01     
  59.000         180.000           -9.106e-01          -1.614e+01             216.386          -1.043e+00             323.835           1.553e+01     
  58.000         180.000           -8.232e-01          -1.605e+01             215.738          -9.555e-01             323.969           1.557e+01     
  57.000         180.000           -7.356e-01          -1.596e+01             215.093          -8.679e-01             324.096           1.561e+01     
  56.000         180.000           -6.476e-01          -1.588e+01             214.451          -7.798e-01             324.217           1.566e+01     
  55.000         180.000           -5.593e-01          -1.579e+01             213.813          -6.915e-01             324.332           1.570e+01     
  54.000         180.000           -4.709e-01          -1.571e+01             213.177          -6.028e-01             324.440           1.576e+01     
  53.000         180.000           -3.824e-01          -1.563e+01             212.543          -5.140e-01             324.543           1.581e+01     
  52.000         180.000           -2.937e-01          -1.556e+01             211.912          -4.250e-01             324.639           1.587e+01     
  51.000         180.000           -2.050e-01          -1.548e+01             211.284          -3.358e-01             324.728           1.594e+01     
  50.000         180.000           -1.164e-01          -1.541e+01             210.658          -2.467e-01             324.812           1.600e+01     
  49.000         180.000           -2.779e-02          -1.534e+01             210.034          -1.575e-01             324.889           1.607e+01     
  48.000         180.000            6.069e-02          -1.527e+01             209.413          -6.841e-02             324.960           1.615e+01     
  47.000         180.000            1.490e-01          -1.521e+01             208.794           2.058e-02             325.025           1.622e+01     
  46.000         180.000            2.371e-01          -1.514e+01             208.176           1.094e-01             325.084           1.630e+01     
  45.000         180.000            3.249e-01          -1.508e+01             207.561           1.981e-01             325.136           1.638e+01     
  44.000         180.000            4.125e-01          -1.502e+01             206.949           2.864e-01             325.183           1.647e+01     
  43.000         180.000            4.997e-01          -1.497e+01             206.338           3.745e-01             325.224           1.655e+01     
  42.000         180.000            5.865e-01          -1.491e+01             205.729           4.623e-01             325.259           1.664e+01     
  41.000         180.000            6.730e-01          -1.486e+01             205.123           5.497e-01             325.288           1.674e+01     
  40.000         180.000            7.589e-01          -1.481e+01             204.519           6.367e-01             325.312           1.683e+01     
  39.000         180.000            8.444e-01          -1.476e+01             203.917           7.232e-01             325.330           1.693e+01     
  38.000         180.000            9.294e-01          -1.471e+01             203.318           8.092e-01             325.343           1.702e+01     
  37.000         180.000            1.014e+00          -1.467e+01             202.720           8.947e-01             325.350           1.712e+01     
  36.000         180.000            1.098e+00          -1.462e+01             202.125           9.796e-01             325.352           1.723e+01     
  35.000         180.000            1.181e+00          -1.458e+01             201.533           1.064e+00             325.349           1.733e+01     
  34.000         180.000            1.263e+00          -1.454e+01             200.943           1.148e+00             325.340           1.744e+01     
  33.000         180.000            1.345e+00          -1.451e+01             200.356           1.231e+00             325.327           1.754e+01     
  32.000         180.000            1.426e+00          -1.447e+01             199.771           1.313e+00             325.309           1.765e+01     
  31.000         180.000            1.507e+00          -1.444e+01             199.189           1.395e+00             325.286           1.776e+01     
  30.000         180.000            1.586e+00          -1.441e+01             198.610           1.476e+00             325.259           1.788e+01     
  29.000         180.000            1.665e+00          -1.438e+01             198.033           1.556e+00             325.227           1.799e+01     
  28.000         180.000            1.743e+00          -1.435e+01             197.460           1.635e+00             325.190           1.811e+01     
  27.000         180.000            1.820e+00          -1.433e+01             196.889           1.714e+00             325.150           1.823e+01     
  26.000         180.000            1.897e+00          -1.431e+01             196.322           1.791e+00             325.105           1.834e+01     
  25.000         180.000            1.972e+00          -1.428e+01             195.757           1.868e+00             325.056           1.847e+01     
  24.000         180.000            2.047e+00          -1.427e+01             195.196           1.944e+00             325.004           1.859e+01     
  23.000         180.000            2.120e+00          -1.425e+01             194.638           2.019e+00             324.947           1.871e+01     
  22.000         180.000            2.193e+00          -1.424e+01             194.083           2.093e+00             324.887           1.883e+01     
  21.000         180.000            2.265e+00          -1.422e+01             193.532           2.166e+00             324.824           1.896e+01     
  20.000         180.000            2.336e+00          -1.421e+01             192.984           2.239e+00             324.757           1.909e+01     
  19.000         180.000            2.406e+00          -1.421e+01             192.440           2.310e+00             324.686           1.922e+01     
  18.000         180.000            2.475e+00          -1.420e+01             191.899           2.380e+00             324.613           1.935e+01     
  17.000         180.000            2.543e+00          -1.420e+01             191.362           2.450e+00             324.536           1.948e+01     
  16.000         180.000            2.609e+00          -1.420e+01             190.829           2.518e+00             324.457           1.961e+01     
  15.000         180.000            2.675e+00          -1.420e+01             190.299           2.585e+00             324.375           1.974e+01     
  14.000         180.000            2.740e+00          -1.420e+01             189.773           2.652e+00             324.290           1.988e+01     
  13.000         180.000            2.804e+00          -1.421e+01             189.251           2.717e+00             324.202           2.002e+01     
  12.000         180.000            2.867e+00          -1.422e+01             188.733           2.781e+00             324.112           2.015e+01     
  11.000         180.000            2.929e+00          -1.423e+01             188.219           2.844e+00             324.020           2.029e+01     
  10.000         180.000            2.989e+00          -1.424e+01             187.709           2.906e+00             323.925           2.043e+01     
   9.000         180.000            3.049e+00          -1.426e+01             187.203           2.967e+00             323.829           2.057e+01     
   8.000         180.000            3.108e+00          -1.427e+01             186.701           3.027e+00             323.730           2.072e+01     
   7.000         180.000            3.165e+00          -1.429e+01             186.203           3.086e+00             323.629           2.086e+01     
   6.000         180.000            3.221e+00          -1.432e+01             185.709           3.144e+00             323.527           2.101e+01     
   5.000         180.000            3.277e+00          -1.434e+01             185.219           3.201e+00             323.423           2.115e+01     
   4.000         180.000            3.331e+00          -1.437e+01             184.733           3.257e+00             323.317           2.130e+01     
   3.000         180.000            3.384e+00          -1.440e+01             184.251           3.311e+00             323.210           2.145e+01     
   2.000         180.000            3.436e+00          -1.444e+01             183.774           3.365e+00             323.102           2.160e+01     
   1.000         180.000            3.488e+00          -1.448e+01             183.300           3.418e+00             322.992           2.176e+01     
