Theta [deg.]  Phi   [deg.]  Abs(Dir.)[dBi   ]   Abs(Theta)[dBi   ]  Phase(Theta)[deg.]  Abs(Phi  )[dBi   ]  Phase(Phi  )[deg.]  Ax.Ratio[dB    ]    
------------------------------------------------------------------------------------------------------------------------------------------------------
   0.000         135.000            3.537e+00           1.284e+00             147.105          -3.899e-01             317.758           2.191e+01     
   1.000         135.000            3.518e+00           1.281e+00             147.091          -4.334e-01             317.573           2.176e+01     
   2.000         135.000            3.496e+00           1.274e+00             147.080          -4.784e-01             317.390           2.161e+01     
   3.000         135.000            3.471e+00           1.263e+00             147.072          -5.249e-01             317.211           2.147e+01     
   4.000         135.000            3.442e+00           1.247e+00             147.066          -5.729e-01             317.036           2.133e+01     
   5.000         135.000            3.410e+00           1.227e+00             147.064          -6.225e-01             316.864           2.119e+01     
   6.000         135.000            3.375e+00           1.203e+00             147.066          -6.736e-01             316.695           2.105e+01     
   7.000         135.000            3.337e+00           1.174e+00             147.070          -7.262e-01             316.531           2.091e+01     
   8.000         135.000            3.296e+00           1.141e+00             147.078          -7.804e-01             316.370           2.078e+01     
   9.000         135.000            3.252e+00           1.104e+00             147.088          -8.360e-01             316.212           2.065e+01     
  10.000         135.000            3.204e+00           1.062e+00             147.102          -8.933e-01             316.059           2.052e+01     
  11.000         135.000            3.153e+00           1.016e+00             147.120          -9.520e-01             315.909           2.039e+01     
  12.000         135.000            3.099e+00           9.661e-01             147.140          -1.012e+00             315.763           2.026e+01     
  13.000         135.000            3.042e+00           9.114e-01             147.164          -1.074e+00             315.620           2.014e+01     
  14.000         135.000            2.981e+00           8.525e-01             147.191          -1.137e+00             315.482           2.001e+01     
  15.000         135.000            2.917e+00           7.892e-01             147.222          -1.202e+00             315.347           1.989e+01     
  16.000         135.000            2.850e+00           7.216e-01             147.256          -1.268e+00             315.216           1.977e+01     
  17.000         135.000            2.780e+00           6.496e-01             147.293          -1.336e+00             315.089           1.965e+01     
  18.000         135.000            2.706e+00           5.733e-01             147.334          -1.405e+00             314.966           1.953e+01     
  19.000         135.000            2.629e+00           4.926e-01             147.379          -1.476e+00             314.847           1.941e+01     
  20.000         135.000            2.549e+00           4.076e-01             147.427          -1.548e+00             314.731           1.930e+01     
  21.000         135.000            2.466e+00           3.182e-01             147.478          -1.621e+00             314.619           1.918e+01     
  22.000         135.000            2.380e+00           2.244e-01             147.534          -1.696e+00             314.512           1.907e+01     
  23.000         135.000            2.290e+00           1.263e-01             147.592          -1.772e+00             314.407           1.895e+01     
  24.000         135.000            2.198e+00           2.375e-02             147.655          -1.850e+00             314.307           1.884e+01     
  25.000         135.000            2.102e+00          -8.318e-02             147.722          -1.929e+00             314.211           1.873e+01     
  26.000         135.000            2.003e+00          -1.945e-01             147.792          -2.009e+00             314.118           1.862e+01     
  27.000         135.000            1.901e+00          -3.103e-01             147.866          -2.090e+00             314.029           1.851e+01     
  28.000         135.000            1.795e+00          -4.305e-01             147.945          -2.173e+00             313.943           1.839e+01     
  29.000         135.000            1.687e+00          -5.551e-01             148.027          -2.257e+00             313.861           1.828e+01     
  30.000         135.000            1.576e+00          -6.843e-01             148.113          -2.342e+00             313.782           1.817e+01     
  31.000         135.000            1.461e+00          -8.179e-01             148.204          -2.429e+00             313.707           1.806e+01     
  32.000         135.000            1.344e+00          -9.560e-01             148.299          -2.516e+00             313.636           1.795e+01     
  33.000         135.000            1.224e+00          -1.099e+00             148.399          -2.605e+00             313.567           1.785e+01     
  34.000         135.000            1.100e+00          -1.246e+00             148.503          -2.694e+00             313.502           1.774e+01     
  35.000         135.000            9.742e-01          -1.398e+00             148.612          -2.785e+00             313.440           1.763e+01     
  36.000         135.000            8.451e-01          -1.554e+00             148.725          -2.876e+00             313.382           1.752e+01     
  37.000         135.000            7.133e-01          -1.716e+00             148.844          -2.969e+00             313.326           1.741e+01     
  38.000         135.000            5.786e-01          -1.881e+00             148.968          -3.062e+00             313.273           1.730e+01     
  39.000         135.000            4.411e-01          -2.052e+00             149.097          -3.156e+00             313.222           1.719e+01     
  40.000         135.000            3.010e-01          -2.228e+00             149.231          -3.251e+00             313.175           1.708e+01     
  41.000         135.000            1.582e-01          -2.408e+00             149.372          -3.347e+00             313.130           1.696e+01     
  42.000         135.000            1.275e-02          -2.593e+00             149.518          -3.443e+00             313.087           1.685e+01     
  43.000         135.000           -1.352e-01          -2.783e+00             149.670          -3.541e+00             313.047           1.674e+01     
  44.000         135.000           -2.858e-01          -2.979e+00             149.829          -3.638e+00             313.008           1.663e+01     
  45.000         135.000           -4.387e-01          -3.179e+00             149.995          -3.737e+00             312.972           1.652e+01     
  46.000         135.000           -5.941e-01          -3.385e+00             150.168          -3.835e+00             312.937           1.640e+01     
  47.000         135.000           -7.518e-01          -3.596e+00             150.348          -3.934e+00             312.904           1.629e+01     
  48.000         135.000           -9.117e-01          -3.813e+00             150.536          -4.034e+00             312.873           1.618e+01     
  49.000         135.000           -1.074e+00          -4.035e+00             150.733          -4.134e+00             312.842           1.606e+01     
  50.000         135.000           -1.238e+00          -4.263e+00             150.939          -4.234e+00             312.813           1.594e+01     
  51.000         135.000           -1.404e+00          -4.497e+00             151.153          -4.334e+00             312.785           1.583e+01     
  52.000         135.000           -1.573e+00          -4.736e+00             151.378          -4.435e+00             312.757           1.571e+01     
  53.000         135.000           -1.743e+00          -4.982e+00             151.614          -4.535e+00             312.730           1.559e+01     
  54.000         135.000           -1.915e+00          -5.235e+00             151.861          -4.636e+00             312.703           1.548e+01     
  55.000         135.000           -2.088e+00          -5.493e+00             152.121          -4.736e+00             312.676           1.536e+01     
  56.000         135.000           -2.263e+00          -5.759e+00             152.393          -4.836e+00             312.649           1.524e+01     
  57.000         135.000           -2.439e+00          -6.032e+00             152.680          -4.937e+00             312.621           1.512e+01     
  58.000         135.000           -2.617e+00          -6.311e+00             152.982          -5.036e+00             312.592           1.500e+01     
  59.000         135.000           -2.796e+00          -6.599e+00             153.302          -5.136e+00             312.563           1.488e+01     
  60.000         135.000           -2.975e+00          -6.894e+00             153.639          -5.235e+00             312.532           1.476e+01     
  61.000         135.000           -3.156e+00          -7.198e+00             153.996          -5.333e+00             312.500           1.465e+01     
  62.000         135.000           -3.337e+00          -7.510e+00             154.376          -5.431e+00             312.467           1.453e+01     
  63.000         135.000           -3.519e+00          -7.832e+00             154.779          -5.528e+00             312.431           1.441e+01     
  64.000         135.000           -3.701e+00          -8.163e+00             155.208          -5.625e+00             312.393           1.430e+01     
  65.000         135.000           -3.883e+00          -8.504e+00             155.667          -5.721e+00             312.352           1.418e+01     
  66.000         135.000           -4.064e+00          -8.855e+00             156.158          -5.815e+00             312.309           1.407e+01     
  67.000         135.000           -4.246e+00          -9.218e+00             156.685          -5.909e+00             312.262           1.397e+01     
  68.000         135.000           -4.426e+00          -9.593e+00             157.253          -6.002e+00             312.213           1.386e+01     
  69.000         135.000           -4.606e+00          -9.981e+00             157.866          -6.094e+00             312.159           1.376e+01     
  70.000         135.000           -4.784e+00          -1.038e+01             158.529          -6.184e+00             312.102           1.366e+01     
  71.000         135.000           -4.961e+00          -1.080e+01             159.250          -6.273e+00             312.041           1.357e+01     
  72.000         135.000           -5.135e+00          -1.123e+01             160.037          -6.361e+00             311.975           1.349e+01     
  73.000         135.000           -5.307e+00          -1.168e+01             160.899          -6.447e+00             311.904           1.341e+01     
  74.000         135.000           -5.477e+00          -1.214e+01             161.846          -6.532e+00             311.829           1.334e+01     
  75.000         135.000           -5.643e+00          -1.263e+01             162.892          -6.614e+00             311.749           1.328e+01     
  76.000         135.000           -5.806e+00          -1.313e+01             164.054          -6.696e+00             311.663           1.323e+01     
  77.000         135.000           -5.965e+00          -1.366e+01             165.350          -6.775e+00             311.572           1.319e+01     
  78.000         135.000           -6.120e+00          -1.421e+01             166.803          -6.853e+00             311.476           1.317e+01     
  79.000         135.000           -6.269e+00          -1.478e+01             168.444          -6.928e+00             311.373           1.316e+01     
  80.000         135.000           -6.413e+00          -1.539e+01             170.306          -7.002e+00             311.264           1.317e+01     
  81.000         135.000           -6.551e+00          -1.602e+01             172.434          -7.073e+00             311.150           1.319e+01     
  82.000         135.000           -6.683e+00          -1.667e+01             174.883          -7.142e+00             311.029           1.323e+01     
  83.000         135.000           -6.808e+00          -1.736e+01             177.718          -7.209e+00             310.902           1.330e+01     
  84.000         135.000           -6.926e+00          -1.807e+01             181.023          -7.273e+00             310.768           1.338e+01     
  85.000         135.000           -7.036e+00          -1.880e+01             184.896          -7.335e+00             310.628           1.350e+01     
  86.000         135.000           -7.137e+00          -1.954e+01             189.450          -7.394e+00             310.482           1.363e+01     
  87.000         135.000           -7.230e+00          -2.027e+01             194.808          -7.451e+00             310.329           1.380e+01     
  88.000         135.000           -7.314e+00          -2.096e+01             201.079          -7.505e+00             310.170           1.399e+01     
  89.000         135.000           -7.388e+00          -2.158e+01             208.328          -7.556e+00             310.004           1.422e+01     
  90.000         135.000           -7.452e+00          -2.207e+01             216.510          -7.605e+00             309.832           1.448e+01     
  91.000         135.000           -7.507e+00          -2.238e+01             225.431          -7.651e+00             309.654           1.478e+01     
  92.000         135.000           -7.551e+00          -2.248e+01             234.720          -7.693e+00             309.470           1.511e+01     
  93.000         135.000           -7.585e+00          -2.234e+01             243.904          -7.733e+00             309.281           1.549e+01     
  94.000         135.000           -7.609e+00          -2.200e+01             252.542          -7.769e+00             309.086           1.591e+01     
  95.000         135.000           -7.622e+00          -2.150e+01             260.333          -7.803e+00             308.885           1.637e+01     
  96.000         135.000           -7.624e+00          -2.090e+01             267.154          -7.833e+00             308.680           1.688e+01     
  97.000         135.000           -7.617e+00          -2.024e+01             273.016          -7.861e+00             308.470           1.745e+01     
  98.000         135.000           -7.599e+00          -1.956e+01             278.008          -7.885e+00             308.255           1.807e+01     
  99.000         135.000           -7.571e+00          -1.888e+01             282.249          -7.905e+00             308.037           1.875e+01     
 100.000         135.000           -7.534e+00          -1.821e+01             285.859          -7.923e+00             307.814           1.951e+01     
 101.000         135.000           -7.488e+00          -1.756e+01             288.947          -7.937e+00             307.590           2.035e+01     
 102.000         135.000           -7.433e+00          -1.694e+01             291.602          -7.948e+00             307.362           2.128e+01     
 103.000         135.000           -7.369e+00          -1.635e+01             293.900          -7.956e+00             307.132           2.232e+01     
 104.000         135.000           -7.297e+00          -1.578e+01             295.903          -7.961e+00             306.899           2.350e+01     
 105.000         135.000           -7.218e+00          -1.525e+01             297.660          -7.962e+00             306.666           2.485e+01     
 106.000         135.000           -7.131e+00          -1.473e+01             299.212          -7.960e+00             306.432           2.643e+01     
 107.000         135.000           -7.038e+00          -1.425e+01             300.591          -7.954e+00             306.197           2.831e+01     
 108.000         135.000           -6.939e+00          -1.378e+01             301.823          -7.946e+00             305.963           3.067e+01     
 109.000         135.000           -6.834e+00          -1.333e+01             302.930          -7.934e+00             305.730           3.382e+01     
 110.000         135.000           -6.723e+00          -1.291e+01             303.931          -7.919e+00             305.498           3.864e+01     
 111.000         135.000           -6.608e+00          -1.250e+01             304.839          -7.901e+00             305.269           4.000e+01     
 112.000         135.000           -6.489e+00          -1.211e+01             305.667          -7.880e+00             305.041           4.000e+01     
 113.000         135.000           -6.366e+00          -1.174e+01             306.426          -7.856e+00             304.817           3.789e+01     
 114.000         135.000           -6.239e+00          -1.137e+01             307.125          -7.829e+00             304.597           3.383e+01     
 115.000         135.000           -6.110e+00          -1.103e+01             307.770          -7.799e+00             304.380           3.116e+01     
 116.000         135.000           -5.977e+00          -1.069e+01             308.369          -7.767e+00             304.169           2.920e+01     
 117.000         135.000           -5.843e+00          -1.037e+01             308.927          -7.731e+00             303.963           2.766e+01     
 118.000         135.000           -5.706e+00          -1.006e+01             309.448          -7.693e+00             303.762           2.640e+01     
 119.000         135.000           -5.568e+00          -9.757e+00             309.937          -7.653e+00             303.568           2.535e+01     
 120.000         135.000           -5.428e+00          -9.465e+00             310.398          -7.609e+00             303.381           2.445e+01     
 121.000         135.000           -5.288e+00          -9.182e+00             310.833          -7.564e+00             303.202           2.367e+01     
 122.000         135.000           -5.146e+00          -8.908e+00             311.245          -7.516e+00             303.029           2.299e+01     
 123.000         135.000           -5.004e+00          -8.643e+00             311.637          -7.466e+00             302.866           2.238e+01     
 124.000         135.000           -4.862e+00          -8.385e+00             312.011          -7.414e+00             302.710           2.185e+01     
 125.000         135.000           -4.720e+00          -8.134e+00             312.369          -7.360e+00             302.564           2.137e+01     
 126.000         135.000           -4.577e+00          -7.891e+00             312.713          -7.304e+00             302.428           2.094e+01     
 127.000         135.000           -4.435e+00          -7.654e+00             313.044          -7.246e+00             302.301           2.054e+01     
 128.000         135.000           -4.293e+00          -7.424e+00             313.364          -7.187e+00             302.184           2.019e+01     
 129.000         135.000           -4.152e+00          -7.200e+00             313.673          -7.125e+00             302.077           1.987e+01     
 130.000         135.000           -4.012e+00          -6.982e+00             313.974          -7.063e+00             301.982           1.957e+01     
 131.000         135.000           -3.872e+00          -6.770e+00             314.266          -6.999e+00             301.897           1.931e+01     
 132.000         135.000           -3.734e+00          -6.563e+00             314.552          -6.933e+00             301.823           1.906e+01     
 133.000         135.000           -3.596e+00          -6.362e+00             314.831          -6.867e+00             301.761           1.883e+01     
 134.000         135.000           -3.460e+00          -6.166e+00             315.105          -6.799e+00             301.710           1.863e+01     
 135.000         135.000           -3.326e+00          -5.974e+00             315.374          -6.730e+00             301.671           1.844e+01     
 136.000         135.000           -3.192e+00          -5.788e+00             315.639          -6.660e+00             301.644           1.827e+01     
 137.000         135.000           -3.060e+00          -5.607e+00             315.901          -6.590e+00             301.630           1.811e+01     
 138.000         135.000           -2.930e+00          -5.430e+00             316.159          -6.519e+00             301.627           1.796e+01     
 139.000         135.000           -2.801e+00          -5.258e+00             316.415          -6.447e+00             301.636           1.783e+01     
 140.000         135.000           -2.674e+00          -5.090e+00             316.669          -6.374e+00             301.658           1.770e+01     
 141.000         135.000           -2.549e+00          -4.926e+00             316.922          -6.301e+00             301.692           1.759e+01     
 142.000         135.000           -2.426e+00          -4.767e+00             317.173          -6.228e+00             301.739           1.749e+01     
 143.000         135.000           -2.305e+00          -4.612e+00             317.423          -6.154e+00             301.798           1.739e+01     
 144.000         135.000           -2.185e+00          -4.462e+00             317.672          -6.080e+00             301.869           1.731e+01     
 145.000         135.000           -2.068e+00          -4.315e+00             317.921          -6.006e+00             301.953           1.723e+01     
 146.000         135.000           -1.953e+00          -4.172e+00             318.170          -5.931e+00             302.049           1.716e+01     
 147.000         135.000           -1.840e+00          -4.033e+00             318.419          -5.857e+00             302.158           1.710e+01     
 148.000         135.000           -1.729e+00          -3.898e+00             318.669          -5.782e+00             302.279           1.704e+01     
 149.000         135.000           -1.620e+00          -3.767e+00             318.918          -5.708e+00             302.412           1.699e+01     
 150.000         135.000           -1.513e+00          -3.640e+00             319.169          -5.634e+00             302.557           1.695e+01     
 151.000         135.000           -1.409e+00          -3.517e+00             319.420          -5.560e+00             302.714           1.691e+01     
 152.000         135.000           -1.307e+00          -3.397e+00             319.672          -5.486e+00             302.883           1.688e+01     
 153.000         135.000           -1.207e+00          -3.282e+00             319.925          -5.412e+00             303.064           1.685e+01     
 154.000         135.000           -1.110e+00          -3.169e+00             320.179          -5.339e+00             303.257           1.683e+01     
 155.000         135.000           -1.015e+00          -3.061e+00             320.435          -5.266e+00             303.461           1.681e+01     
 156.000         135.000           -9.219e-01          -2.956e+00             320.691          -5.193e+00             303.677           1.680e+01     
 157.000         135.000           -8.316e-01          -2.855e+00             320.949          -5.121e+00             303.903           1.679e+01     
 158.000         135.000           -7.436e-01          -2.757e+00             321.208          -5.049e+00             304.141           1.679e+01     
 159.000         135.000           -6.581e-01          -2.663e+00             321.469          -4.978e+00             304.390           1.679e+01     
 160.000         135.000           -5.749e-01          -2.573e+00             321.731          -4.907e+00             304.649           1.679e+01     
 161.000         135.000           -4.942e-01          -2.486e+00             321.994          -4.837e+00             304.919           1.680e+01     
 162.000         135.000           -4.159e-01          -2.403e+00             322.259          -4.767e+00             305.199           1.681e+01     
 163.000         135.000           -3.400e-01          -2.323e+00             322.525          -4.698e+00             305.489           1.683e+01     
 164.000         135.000           -2.666e-01          -2.247e+00             322.793          -4.629e+00             305.789           1.684e+01     
 165.000         135.000           -1.956e-01          -2.174e+00             323.062          -4.561e+00             306.098           1.687e+01     
 166.000         135.000           -1.271e-01          -2.105e+00             323.332          -4.494e+00             306.417           1.689e+01     
 167.000         135.000           -6.101e-02          -2.040e+00             323.603          -4.427e+00             306.745           1.692e+01     
 168.000         135.000            2.654e-03          -1.977e+00             323.876          -4.361e+00             307.082           1.695e+01     
 169.000         135.000            6.389e-02          -1.919e+00             324.150          -4.295e+00             307.427           1.699e+01     
 170.000         135.000            1.227e-01          -1.863e+00             324.425          -4.230e+00             307.781           1.703e+01     
 171.000         135.000            1.791e-01          -1.812e+00             324.701          -4.166e+00             308.142           1.707e+01     
 172.000         135.000            2.331e-01          -1.763e+00             324.978          -4.102e+00             308.512           1.712e+01     
 173.000         135.000            2.847e-01          -1.719e+00             325.255          -4.039e+00             308.888           1.716e+01     
 174.000         135.000            3.339e-01          -1.677e+00             325.534          -3.977e+00             309.272           1.721e+01     
 175.000         135.000            3.807e-01          -1.639e+00             325.813          -3.915e+00             309.663           1.727e+01     
 176.000         135.000            4.252e-01          -1.605e+00             326.092          -3.853e+00             310.060           1.733e+01     
 177.000         135.000            4.673e-01          -1.574e+00             326.373          -3.793e+00             310.463           1.739e+01     
 178.000         135.000            5.072e-01          -1.546e+00             326.653          -3.733e+00             310.872           1.745e+01     
 179.000         135.000            5.447e-01          -1.522e+00             326.934          -3.673e+00             311.287           1.751e+01     
 180.000         135.000            5.799e-01          -1.501e+00             327.215          -3.615e+00             311.707           1.758e+01     
 179.000         315.000            6.128e-01          -1.483e+00             147.495          -3.557e+00             132.131           1.765e+01     
 178.000         315.000            6.436e-01          -1.469e+00             147.776          -3.499e+00             132.560           1.773e+01     
 177.000         315.000            6.721e-01          -1.459e+00             148.056          -3.442e+00             132.994           1.781e+01     
 176.000         315.000            6.985e-01          -1.452e+00             148.336          -3.385e+00             133.431           1.789e+01     
 175.000         315.000            7.226e-01          -1.448e+00             148.616          -3.329e+00             133.871           1.797e+01     
 174.000         315.000            7.447e-01          -1.448e+00             148.895          -3.274e+00             134.315           1.806e+01     
 173.000         315.000            7.646e-01          -1.451e+00             149.173          -3.219e+00             134.761           1.815e+01     
 172.000         315.000            7.825e-01          -1.457e+00             149.450          -3.165e+00             135.209           1.824e+01     
 171.000         315.000            7.983e-01          -1.467e+00             149.726          -3.111e+00             135.660           1.833e+01     
 170.000         315.000            8.122e-01          -1.481e+00             150.001          -3.058e+00             136.112           1.843e+01     
 169.000         315.000            8.240e-01          -1.497e+00             150.274          -3.006e+00             136.565           1.854e+01     
 168.000         315.000            8.339e-01          -1.518e+00             150.546          -2.953e+00             137.019           1.864e+01     
 167.000         315.000            8.419e-01          -1.541e+00             150.817          -2.902e+00             137.474           1.875e+01     
 166.000         315.000            8.480e-01          -1.568e+00             151.085          -2.851e+00             137.929           1.886e+01     
 165.000         315.000            8.523e-01          -1.599e+00             151.352          -2.800e+00             138.383           1.897e+01     
 164.000         315.000            8.548e-01          -1.633e+00             151.616          -2.750e+00             138.837           1.909e+01     
 163.000         315.000            8.556e-01          -1.670e+00             151.878          -2.700e+00             139.290           1.921e+01     
 162.000         315.000            8.546e-01          -1.711e+00             152.138          -2.651e+00             139.742           1.934e+01     
 161.000         315.000            8.520e-01          -1.755e+00             152.395          -2.603e+00             140.192           1.946e+01     
 160.000         315.000            8.477e-01          -1.803e+00             152.650          -2.555e+00             140.641           1.959e+01     
 159.000         315.000            8.419e-01          -1.854e+00             152.902          -2.507e+00             141.087           1.973e+01     
 158.000         315.000            8.345e-01          -1.909e+00             153.150          -2.460e+00             141.530           1.987e+01     
 157.000         315.000            8.257e-01          -1.968e+00             153.396          -2.413e+00             141.971           2.001e+01     
 156.000         315.000            8.154e-01          -2.030e+00             153.639          -2.367e+00             142.408           2.015e+01     
 155.000         315.000            8.036e-01          -2.095e+00             153.878          -2.321e+00             142.842           2.030e+01     
 154.000         315.000            7.906e-01          -2.164e+00             154.113          -2.276e+00             143.272           2.046e+01     
 153.000         315.000            7.762e-01          -2.237e+00             154.345          -2.231e+00             143.698           2.061e+01     
 152.000         315.000            7.606e-01          -2.313e+00             154.573          -2.187e+00             144.119           2.077e+01     
 151.000         315.000            7.438e-01          -2.393e+00             154.797          -2.143e+00             144.536           2.094e+01     
 150.000         315.000            7.258e-01          -2.477e+00             155.017          -2.100e+00             144.948           2.111e+01     
 149.000         315.000            7.068e-01          -2.565e+00             155.233          -2.057e+00             145.355           2.128e+01     
 148.000         315.000            6.867e-01          -2.656e+00             155.445          -2.015e+00             145.756           2.146e+01     
 147.000         315.000            6.656e-01          -2.751e+00             155.653          -1.973e+00             146.152           2.164e+01     
 146.000         315.000            6.435e-01          -2.850e+00             155.856          -1.932e+00             146.542           2.183e+01     
 145.000         315.000            6.206e-01          -2.953e+00             156.054          -1.891e+00             146.926           2.202e+01     
 144.000         315.000            5.969e-01          -3.060e+00             156.248          -1.851e+00             147.303           2.222e+01     
 143.000         315.000            5.724e-01          -3.171e+00             156.436          -1.811e+00             147.674           2.242e+01     
 142.000         315.000            5.471e-01          -3.285e+00             156.621          -1.772e+00             148.038           2.263e+01     
 141.000         315.000            5.213e-01          -3.405e+00             156.800          -1.733e+00             148.396           2.284e+01     
 140.000         315.000            4.948e-01          -3.528e+00             156.974          -1.695e+00             148.746           2.306e+01     
 139.000         315.000            4.677e-01          -3.656e+00             157.143          -1.657e+00             149.089           2.328e+01     
 138.000         315.000            4.402e-01          -3.788e+00             157.307          -1.620e+00             149.425           2.351e+01     
 137.000         315.000            4.123e-01          -3.924e+00             157.465          -1.584e+00             149.754           2.374e+01     
 136.000         315.000            3.840e-01          -4.065e+00             157.619          -1.547e+00             150.074           2.398e+01     
 135.000         315.000            3.553e-01          -4.211e+00             157.767          -1.512e+00             150.388           2.423e+01     
 134.000         315.000            3.265e-01          -4.362e+00             157.910          -1.477e+00             150.693           2.448e+01     
 133.000         315.000            2.974e-01          -4.517e+00             158.047          -1.442e+00             150.991           2.474e+01     
 132.000         315.000            2.682e-01          -4.678e+00             158.179          -1.408e+00             151.280           2.500e+01     
 131.000         315.000            2.389e-01          -4.844e+00             158.306          -1.374e+00             151.561           2.527e+01     
 130.000         315.000            2.096e-01          -5.015e+00             158.427          -1.341e+00             151.835           2.555e+01     
 129.000         315.000            1.803e-01          -5.192e+00             158.543          -1.309e+00             152.100           2.584e+01     
 128.000         315.000            1.512e-01          -5.375e+00             158.654          -1.276e+00             152.356           2.613e+01     
 127.000         315.000            1.222e-01          -5.563e+00             158.759          -1.245e+00             152.605           2.643e+01     
 126.000         315.000            9.341e-02          -5.758e+00             158.859          -1.214e+00             152.844           2.674e+01     
 125.000         315.000            6.490e-02          -5.960e+00             158.953          -1.183e+00             153.076           2.705e+01     
 124.000         315.000            3.672e-02          -6.168e+00             159.042          -1.153e+00             153.299           2.737e+01     
 123.000         315.000            8.937e-03          -6.383e+00             159.126          -1.123e+00             153.514           2.770e+01     
 122.000         315.000           -1.840e-02          -6.605e+00             159.205          -1.094e+00             153.720           2.804e+01     
 121.000         315.000           -4.524e-02          -6.836e+00             159.279          -1.066e+00             153.917           2.839e+01     
 120.000         315.000           -7.152e-02          -7.074e+00             159.349          -1.037e+00             154.106           2.874e+01     
 119.000         315.000           -9.719e-02          -7.321e+00             159.413          -1.010e+00             154.287           2.910e+01     
 118.000         315.000           -1.222e-01          -7.578e+00             159.473          -9.823e-01             154.459           2.947e+01     
 117.000         315.000           -1.465e-01          -7.843e+00             159.529          -9.554e-01             154.622           2.985e+01     
 116.000         315.000           -1.700e-01          -8.120e+00             159.580          -9.289e-01             154.777           3.024e+01     
 115.000         315.000           -1.926e-01          -8.407e+00             159.628          -9.029e-01             154.923           3.064e+01     
 114.000         315.000           -2.144e-01          -8.705e+00             159.671          -8.773e-01             155.061           3.104e+01     
 113.000         315.000           -2.353e-01          -9.017e+00             159.712          -8.521e-01             155.191           3.146e+01     
 112.000         315.000           -2.552e-01          -9.341e+00             159.750          -8.273e-01             155.312           3.188e+01     
 111.000         315.000           -2.740e-01          -9.681e+00             159.785          -8.029e-01             155.425           3.231e+01     
 110.000         315.000           -2.918e-01          -1.004e+01             159.818          -7.788e-01             155.529           3.275e+01     
 109.000         315.000           -3.085e-01          -1.041e+01             159.849          -7.552e-01             155.626           3.320e+01     
 108.000         315.000           -3.239e-01          -1.080e+01             159.880          -7.318e-01             155.713           3.365e+01     
 107.000         315.000           -3.382e-01          -1.121e+01             159.911          -7.089e-01             155.793           3.412e+01     
 106.000         315.000           -3.512e-01          -1.164e+01             159.943          -6.863e-01             155.865           3.459e+01     
 105.000         315.000           -3.629e-01          -1.210e+01             159.977          -6.640e-01             155.928           3.506e+01     
 104.000         315.000           -3.732e-01          -1.259e+01             160.015          -6.420e-01             155.984           3.555e+01     
 103.000         315.000           -3.822e-01          -1.311e+01             160.058          -6.203e-01             156.031           3.604e+01     
 102.000         315.000           -3.897e-01          -1.366e+01             160.109          -5.990e-01             156.071           3.653e+01     
 101.000         315.000           -3.957e-01          -1.426e+01             160.170          -5.779e-01             156.103           3.703e+01     
 100.000         315.000           -4.003e-01          -1.490e+01             160.247          -5.571e-01             156.127           3.753e+01     
  99.000         315.000           -4.033e-01          -1.560e+01             160.343          -5.366e-01             156.143           3.803e+01     
  98.000         315.000           -4.047e-01          -1.636e+01             160.466          -5.163e-01             156.152           3.854e+01     
  97.000         315.000           -4.045e-01          -1.720e+01             160.625          -4.963e-01             156.153           3.905e+01     
  96.000         315.000           -4.027e-01          -1.814e+01             160.835          -4.765e-01             156.147           3.956e+01     
  95.000         315.000           -3.992e-01          -1.919e+01             161.118          -4.570e-01             156.133           4.000e+01     
  94.000         315.000           -3.940e-01          -2.039e+01             161.509          -4.377e-01             156.112           4.000e+01     
  93.000         315.000           -3.870e-01          -2.179e+01             162.069          -4.186e-01             156.084           4.000e+01     
  92.000         315.000           -3.783e-01          -2.347e+01             162.909          -3.997e-01             156.049           4.000e+01     
  91.000         315.000           -3.679e-01          -2.557e+01             164.264          -3.810e-01             156.007           4.000e+01     
  90.000         315.000           -3.556e-01          -2.834e+01             166.724          -3.625e-01             155.958           4.000e+01     
  89.000         315.000           -3.415e-01          -3.239e+01             172.277          -3.443e-01             155.902           4.000e+01     
  88.000         315.000           -3.256e-01          -3.953e+01             193.272          -3.262e-01             155.839           4.000e+01     
  87.000         315.000           -3.079e-01          -4.111e+01             292.040          -3.082e-01             155.769           4.000e+01     
  86.000         315.000           -2.883e-01          -3.317e+01             320.445          -2.905e-01             155.693           4.000e+01     
  85.000         315.000           -2.668e-01          -2.876e+01             326.971          -2.729e-01             155.611           4.000e+01     
  84.000         315.000           -2.434e-01          -2.579e+01             329.699          -2.555e-01             155.522           4.000e+01     
  83.000         315.000           -2.181e-01          -2.357e+01             331.150          -2.383e-01             155.427           4.000e+01     
  82.000         315.000           -1.910e-01          -2.179e+01             332.020          -2.212e-01             155.326           4.000e+01     
  81.000         315.000           -1.620e-01          -2.030e+01             332.577          -2.042e-01             155.218           4.000e+01     
  80.000         315.000           -1.311e-01          -1.902e+01             332.947          -1.875e-01             155.105           4.000e+01     
  79.000         315.000           -9.828e-02          -1.790e+01             333.197          -1.709e-01             154.986           4.000e+01     
  78.000         315.000           -6.363e-02          -1.691e+01             333.361          -1.544e-01             154.861           4.000e+01     
  77.000         315.000           -2.713e-02          -1.601e+01             333.465          -1.381e-01             154.731           4.000e+01     
  76.000         315.000            1.121e-02          -1.519e+01             333.525          -1.220e-01             154.595           4.000e+01     
  75.000         315.000            5.137e-02          -1.444e+01             333.551          -1.060e-01             154.454           4.000e+01     
  74.000         315.000            9.332e-02          -1.374e+01             333.550          -9.019e-02             154.307           4.000e+01     
  73.000         315.000            1.370e-01          -1.309e+01             333.528          -7.454e-02             154.155           4.000e+01     
  72.000         315.000            1.825e-01          -1.249e+01             333.489          -5.906e-02             153.998           4.000e+01     
  71.000         315.000            2.297e-01          -1.192e+01             333.435          -4.375e-02             153.837           4.000e+01     
  70.000         315.000            2.785e-01          -1.138e+01             333.369          -2.863e-02             153.670           4.000e+01     
  69.000         315.000            3.290e-01          -1.087e+01             333.294          -1.370e-02             153.499           4.000e+01     
  68.000         315.000            3.810e-01          -1.039e+01             333.210           1.046e-03             153.323           4.000e+01     
  67.000         315.000            4.346e-01          -9.928e+00             333.120           1.559e-02             153.142           4.000e+01     
  66.000         315.000            4.897e-01          -9.490e+00             333.023           2.992e-02             152.958           4.000e+01     
  65.000         315.000            5.463e-01          -9.071e+00             332.921           4.402e-02             152.769           4.000e+01     
  64.000         315.000            6.042e-01          -8.670e+00             332.815           5.791e-02             152.576           4.000e+01     
  63.000         315.000            6.634e-01          -8.285e+00             332.704           7.155e-02             152.379           4.000e+01     
  62.000         315.000            7.239e-01          -7.915e+00             332.591           8.493e-02             152.179           4.000e+01     
  61.000         315.000            7.856e-01          -7.559e+00             332.475           9.806e-02             151.975           4.000e+01     
  60.000         315.000            8.484e-01          -7.215e+00             332.357           1.109e-01             151.767           4.000e+01     
  59.000         315.000            9.123e-01          -6.884e+00             332.237           1.235e-01             151.556           4.000e+01     
  58.000         315.000            9.771e-01          -6.565e+00             332.115           1.357e-01             151.341           4.000e+01     
  57.000         315.000            1.043e+00          -6.256e+00             331.992           1.477e-01             151.123           4.000e+01     
  56.000         315.000            1.109e+00          -5.957e+00             331.868           1.593e-01             150.903           4.000e+01     
  55.000         315.000            1.177e+00          -5.667e+00             331.743           1.705e-01             150.679           4.000e+01     
  54.000         315.000            1.245e+00          -5.387e+00             331.618           1.814e-01             150.453           4.000e+01     
  53.000         315.000            1.313e+00          -5.115e+00             331.492           1.919e-01             150.224           4.000e+01     
  52.000         315.000            1.382e+00          -4.852e+00             331.367           2.020e-01             149.993           3.982e+01     
  51.000         315.000            1.452e+00          -4.596e+00             331.241           2.117e-01             149.759           3.903e+01     
  50.000         315.000            1.522e+00          -4.348e+00             331.116           2.209e-01             149.523           3.829e+01     
  49.000         315.000            1.592e+00          -4.108e+00             330.991           2.297e-01             149.285           3.758e+01     
  48.000         315.000            1.662e+00          -3.874e+00             330.866           2.380e-01             149.045           3.691e+01     
  47.000         315.000            1.732e+00          -3.647e+00             330.743           2.457e-01             148.803           3.627e+01     
  46.000         315.000            1.802e+00          -3.426e+00             330.620           2.530e-01             148.560           3.566e+01     
  45.000         315.000            1.872e+00          -3.212e+00             330.498           2.597e-01             148.315           3.508e+01     
  44.000         315.000            1.942e+00          -3.004e+00             330.377           2.659e-01             148.069           3.452e+01     
  43.000         315.000            2.011e+00          -2.802e+00             330.258           2.714e-01             147.821           3.398e+01     
  42.000         315.000            2.080e+00          -2.606e+00             330.139           2.764e-01             147.573           3.346e+01     
  41.000         315.000            2.149e+00          -2.415e+00             330.022           2.807e-01             147.323           3.297e+01     
  40.000         315.000            2.217e+00          -2.230e+00             329.907           2.843e-01             147.073           3.249e+01     
  39.000         315.000            2.284e+00          -2.051e+00             329.793           2.873e-01             146.821           3.203e+01     
  38.000         315.000            2.350e+00          -1.877e+00             329.680           2.895e-01             146.570           3.159e+01     
  37.000         315.000            2.416e+00          -1.708e+00             329.570           2.911e-01             146.318           3.117e+01     
  36.000         315.000            2.481e+00          -1.544e+00             329.461           2.918e-01             146.065           3.076e+01     
  35.000         315.000            2.544e+00          -1.385e+00             329.353           2.918e-01             145.812           3.036e+01     
  34.000         315.000            2.607e+00          -1.231e+00             329.248           2.910e-01             145.560           2.998e+01     
  33.000         315.000            2.668e+00          -1.082e+00             329.145           2.893e-01             145.307           2.961e+01     
  32.000         315.000            2.728e+00          -9.384e-01             329.043           2.868e-01             145.055           2.925e+01     
  31.000         315.000            2.786e+00          -7.992e-01             328.944           2.834e-01             144.802           2.890e+01     
  30.000         315.000            2.843e+00          -6.647e-01             328.847           2.790e-01             144.551           2.857e+01     
  29.000         315.000            2.899e+00          -5.350e-01             328.752           2.738e-01             144.300           2.824e+01     
  28.000         315.000            2.952e+00          -4.099e-01             328.659           2.676e-01             144.049           2.793e+01     
  27.000         315.000            3.004e+00          -2.894e-01             328.569           2.604e-01             143.800           2.763e+01     
  26.000         315.000            3.055e+00          -1.736e-01             328.481           2.522e-01             143.551           2.733e+01     
  25.000         315.000            3.103e+00          -6.230e-02             328.395           2.429e-01             143.304           2.705e+01     
  24.000         315.000            3.150e+00           4.445e-02             328.311           2.326e-01             143.057           2.677e+01     
  23.000         315.000            3.194e+00           1.467e-01             328.230           2.212e-01             142.812           2.650e+01     
  22.000         315.000            3.237e+00           2.444e-01             328.152           2.087e-01             142.568           2.624e+01     
  21.000         315.000            3.277e+00           3.377e-01             328.076           1.950e-01             142.326           2.598e+01     
  20.000         315.000            3.315e+00           4.265e-01             328.002           1.803e-01             142.086           2.574e+01     
  19.000         315.000            3.351e+00           5.109e-01             327.931           1.643e-01             141.847           2.550e+01     
  18.000         315.000            3.385e+00           5.909e-01             327.863           1.471e-01             141.610           2.526e+01     
  17.000         315.000            3.416e+00           6.665e-01             327.797           1.287e-01             141.375           2.504e+01     
  16.000         315.000            3.445e+00           7.376e-01             327.734           1.091e-01             141.141           2.482e+01     
  15.000         315.000            3.471e+00           8.044e-01             327.674           8.814e-02             140.910           2.460e+01     
  14.000         315.000            3.495e+00           8.668e-01             327.616           6.594e-02             140.682           2.439e+01     
  13.000         315.000            3.516e+00           9.248e-01             327.561           4.243e-02             140.455           2.418e+01     
  12.000         315.000            3.535e+00           9.785e-01             327.509           1.759e-02             140.231           2.399e+01     
  11.000         315.000            3.551e+00           1.028e+00             327.459          -8.592e-03             140.010           2.379e+01     
  10.000         315.000            3.564e+00           1.073e+00             327.413          -3.614e-02             139.790           2.360e+01     
   9.000         315.000            3.574e+00           1.113e+00             327.369          -6.506e-02             139.574           2.341e+01     
   8.000         315.000            3.582e+00           1.150e+00             327.328          -9.539e-02             139.360           2.323e+01     
   7.000         315.000            3.587e+00           1.182e+00             327.290          -1.271e-01             139.150           2.305e+01     
   6.000         315.000            3.589e+00           1.209e+00             327.255          -1.603e-01             138.942           2.288e+01     
   5.000         315.000            3.587e+00           1.232e+00             327.222          -1.949e-01             138.737           2.271e+01     
   4.000         315.000            3.583e+00           1.251e+00             327.193          -2.309e-01             138.535           2.255e+01     
   3.000         315.000            3.577e+00           1.266e+00             327.167          -2.685e-01             138.336           2.238e+01     
   2.000         315.000            3.567e+00           1.276e+00             327.143          -3.075e-01             138.140           2.222e+01     
   1.000         315.000            3.553e+00           1.282e+00             327.123          -3.480e-01             137.948           2.207e+01     
