Theta [deg.]  Phi   [deg.]  Abs(Dir.)[dBi   ]   Abs(Theta)[dBi   ]  Phase(Theta)[deg.]  Abs(Phi  )[dBi   ]  Phase(Phi  )[deg.]  Ax.Ratio[dB    ]    
------------------------------------------------------------------------------------------------------------------------------------------------------
   0.000          45.000            3.537e+00          -3.899e-01             137.758           1.284e+00             147.105           2.191e+01     
   1.000          45.000            3.588e+00          -3.576e-01             137.550           1.347e+00             146.830           2.198e+01     
   2.000          45.000            3.636e+00          -3.296e-01             137.347           1.408e+00             146.559           2.205e+01     
   3.000          45.000            3.681e+00          -3.059e-01             137.148           1.467e+00             146.291           2.212e+01     
   4.000          45.000            3.722e+00          -2.866e-01             136.954           1.523e+00             146.028           2.220e+01     
   5.000          45.000            3.761e+00          -2.715e-01             136.765           1.577e+00             145.769           2.227e+01     
   6.000          45.000            3.797e+00          -2.607e-01             136.580           1.629e+00             145.514           2.235e+01     
   7.000          45.000            3.830e+00          -2.542e-01             136.400           1.679e+00             145.263           2.243e+01     
   8.000          45.000            3.859e+00          -2.520e-01             136.226           1.727e+00             145.015           2.251e+01     
   9.000          45.000            3.886e+00          -2.541e-01             136.056           1.772e+00             144.772           2.260e+01     
  10.000          45.000            3.911e+00          -2.604e-01             135.891           1.815e+00             144.533           2.268e+01     
  11.000          45.000            3.932e+00          -2.711e-01             135.731           1.856e+00             144.297           2.277e+01     
  12.000          45.000            3.951e+00          -2.860e-01             135.576           1.895e+00             144.065           2.286e+01     
  13.000          45.000            3.966e+00          -3.051e-01             135.425           1.932e+00             143.837           2.296e+01     
  14.000          45.000            3.979e+00          -3.285e-01             135.280           1.967e+00             143.613           2.305e+01     
  15.000          45.000            3.990e+00          -3.562e-01             135.140           2.000e+00             143.393           2.315e+01     
  16.000          45.000            3.998e+00          -3.881e-01             135.005           2.030e+00             143.176           2.326e+01     
  17.000          45.000            4.003e+00          -4.243e-01             134.875           2.059e+00             142.964           2.336e+01     
  18.000          45.000            4.005e+00          -4.647e-01             134.750           2.086e+00             142.754           2.347e+01     
  19.000          45.000            4.005e+00          -5.094e-01             134.630           2.110e+00             142.549           2.359e+01     
  20.000          45.000            4.003e+00          -5.583e-01             134.515           2.133e+00             142.347           2.371e+01     
  21.000          45.000            3.998e+00          -6.115e-01             134.405           2.154e+00             142.149           2.383e+01     
  22.000          45.000            3.991e+00          -6.689e-01             134.300           2.173e+00             141.955           2.395e+01     
  23.000          45.000            3.981e+00          -7.306e-01             134.201           2.190e+00             141.764           2.408e+01     
  24.000          45.000            3.969e+00          -7.966e-01             134.107           2.205e+00             141.577           2.422e+01     
  25.000          45.000            3.955e+00          -8.668e-01             134.018           2.219e+00             141.393           2.436e+01     
  26.000          45.000            3.938e+00          -9.413e-01             133.934           2.231e+00             141.213           2.450e+01     
  27.000          45.000            3.920e+00          -1.020e+00             133.856           2.241e+00             141.037           2.465e+01     
  28.000          45.000            3.899e+00          -1.103e+00             133.783           2.249e+00             140.864           2.481e+01     
  29.000          45.000            3.876e+00          -1.191e+00             133.716           2.256e+00             140.695           2.497e+01     
  30.000          45.000            3.852e+00          -1.282e+00             133.654           2.261e+00             140.530           2.513e+01     
  31.000          45.000            3.825e+00          -1.378e+00             133.598           2.265e+00             140.368           2.531e+01     
  32.000          45.000            3.797e+00          -1.479e+00             133.547           2.267e+00             140.210           2.549e+01     
  33.000          45.000            3.766e+00          -1.584e+00             133.502           2.268e+00             140.055           2.568e+01     
  34.000          45.000            3.734e+00          -1.693e+00             133.462           2.267e+00             139.904           2.587e+01     
  35.000          45.000            3.700e+00          -1.807e+00             133.429           2.265e+00             139.757           2.608e+01     
  36.000          45.000            3.665e+00          -1.925e+00             133.401           2.262e+00             139.613           2.629e+01     
  37.000          45.000            3.628e+00          -2.048e+00             133.380           2.257e+00             139.473           2.651e+01     
  38.000          45.000            3.589e+00          -2.175e+00             133.364           2.251e+00             139.336           2.674e+01     
  39.000          45.000            3.549e+00          -2.307e+00             133.355           2.244e+00             139.203           2.698e+01     
  40.000          45.000            3.508e+00          -2.443e+00             133.352           2.235e+00             139.074           2.723e+01     
  41.000          45.000            3.465e+00          -2.585e+00             133.355           2.226e+00             138.949           2.750e+01     
  42.000          45.000            3.422e+00          -2.731e+00             133.365           2.215e+00             138.827           2.777e+01     
  43.000          45.000            3.376e+00          -2.882e+00             133.381           2.203e+00             138.709           2.806e+01     
  44.000          45.000            3.330e+00          -3.037e+00             133.405           2.191e+00             138.594           2.837e+01     
  45.000          45.000            3.283e+00          -3.198e+00             133.435           2.177e+00             138.483           2.869e+01     
  46.000          45.000            3.235e+00          -3.364e+00             133.473           2.163e+00             138.376           2.902e+01     
  47.000          45.000            3.186e+00          -3.536e+00             133.518           2.147e+00             138.273           2.938e+01     
  48.000          45.000            3.136e+00          -3.712e+00             133.571           2.131e+00             138.173           2.976e+01     
  49.000          45.000            3.085e+00          -3.894e+00             133.632           2.114e+00             138.077           3.016e+01     
  50.000          45.000            3.034e+00          -4.082e+00             133.701           2.096e+00             137.985           3.058e+01     
  51.000          45.000            2.982e+00          -4.275e+00             133.779           2.078e+00             137.896           3.103e+01     
  52.000          45.000            2.930e+00          -4.474e+00             133.865           2.059e+00             137.811           3.152e+01     
  53.000          45.000            2.877e+00          -4.679e+00             133.961           2.039e+00             137.730           3.203e+01     
  54.000          45.000            2.824e+00          -4.890e+00             134.066           2.019e+00             137.653           3.259e+01     
  55.000          45.000            2.770e+00          -5.108e+00             134.182           1.998e+00             137.579           3.319e+01     
  56.000          45.000            2.717e+00          -5.333e+00             134.309           1.977e+00             137.510           3.385e+01     
  57.000          45.000            2.663e+00          -5.564e+00             134.446           1.955e+00             137.444           3.456e+01     
  58.000          45.000            2.609e+00          -5.803e+00             134.596           1.933e+00             137.381           3.535e+01     
  59.000          45.000            2.555e+00          -6.049e+00             134.758           1.911e+00             137.323           3.623e+01     
  60.000          45.000            2.501e+00          -6.303e+00             134.934           1.888e+00             137.268           3.722e+01     
  61.000          45.000            2.448e+00          -6.565e+00             135.125           1.865e+00             137.217           3.835e+01     
  62.000          45.000            2.394e+00          -6.835e+00             135.331           1.842e+00             137.170           3.965e+01     
  63.000          45.000            2.341e+00          -7.115e+00             135.554           1.819e+00             137.127           4.000e+01     
  64.000          45.000            2.289e+00          -7.404e+00             135.795           1.795e+00             137.087           4.000e+01     
  65.000          45.000            2.236e+00          -7.703e+00             136.056           1.772e+00             137.051           4.000e+01     
  66.000          45.000            2.185e+00          -8.012e+00             136.338           1.748e+00             137.019           4.000e+01     
  67.000          45.000            2.133e+00          -8.333e+00             136.644           1.725e+00             136.991           4.000e+01     
  68.000          45.000            2.083e+00          -8.666e+00             136.976           1.701e+00             136.966           4.000e+01     
  69.000          45.000            2.033e+00          -9.011e+00             137.337           1.678e+00             136.945           4.000e+01     
  70.000          45.000            1.984e+00          -9.370e+00             137.729           1.654e+00             136.928           4.000e+01     
  71.000          45.000            1.936e+00          -9.743e+00             138.157           1.631e+00             136.914           4.000e+01     
  72.000          45.000            1.889e+00          -1.013e+01             138.626           1.608e+00             136.904           4.000e+01     
  73.000          45.000            1.843e+00          -1.054e+01             139.140           1.585e+00             136.898           4.000e+01     
  74.000          45.000            1.798e+00          -1.096e+01             139.705           1.562e+00             136.895           3.919e+01     
  75.000          45.000            1.754e+00          -1.141e+01             140.330           1.539e+00             136.895           3.783e+01     
  76.000          45.000            1.712e+00          -1.187e+01             141.022           1.517e+00             136.900           3.664e+01     
  77.000          45.000            1.670e+00          -1.236e+01             141.794           1.495e+00             136.907           3.560e+01     
  78.000          45.000            1.630e+00          -1.288e+01             142.659           1.473e+00             136.919           3.466e+01     
  79.000          45.000            1.591e+00          -1.342e+01             143.634           1.452e+00             136.933           3.381e+01     
  80.000          45.000            1.554e+00          -1.400e+01             144.739           1.431e+00             136.951           3.303e+01     
  81.000          45.000            1.517e+00          -1.461e+01             146.003           1.410e+00             136.972           3.232e+01     
  82.000          45.000            1.483e+00          -1.526e+01             147.459           1.390e+00             136.997           3.165e+01     
  83.000          45.000            1.450e+00          -1.596e+01             149.152           1.370e+00             137.025           3.103e+01     
  84.000          45.000            1.418e+00          -1.670e+01             151.143           1.351e+00             137.056           3.045e+01     
  85.000          45.000            1.388e+00          -1.749e+01             153.510           1.331e+00             137.090           2.990e+01     
  86.000          45.000            1.360e+00          -1.835e+01             156.360           1.313e+00             137.127           2.939e+01     
  87.000          45.000            1.333e+00          -1.926e+01             159.839           1.295e+00             137.167           2.890e+01     
  88.000          45.000            1.307e+00          -2.023e+01             164.145           1.277e+00             137.210           2.844e+01     
  89.000          45.000            1.284e+00          -2.126e+01             169.544           1.260e+00             137.257           2.800e+01     
  90.000          45.000            1.262e+00          -2.230e+01             176.371           1.243e+00             137.305           2.758e+01     
  91.000          45.000            1.242e+00          -2.331e+01             184.991           1.226e+00             137.357           2.718e+01     
  92.000          45.000            1.223e+00          -2.417e+01             195.652           1.211e+00             137.412           2.679e+01     
  93.000          45.000            1.206e+00          -2.473e+01             208.180           1.195e+00             137.469           2.642e+01     
  94.000          45.000            1.191e+00          -2.485e+01             221.691           1.180e+00             137.528           2.607e+01     
  95.000          45.000            1.177e+00          -2.450e+01             234.791           1.166e+00             137.591           2.573e+01     
  96.000          45.000            1.165e+00          -2.378e+01             246.313           1.152e+00             137.655           2.540e+01     
  97.000          45.000            1.155e+00          -2.286e+01             255.796           1.138e+00             137.722           2.509e+01     
  98.000          45.000            1.147e+00          -2.185e+01             263.351           1.125e+00             137.792           2.479e+01     
  99.000          45.000            1.139e+00          -2.085e+01             269.321           1.112e+00             137.863           2.449e+01     
 100.000          45.000            1.134e+00          -1.989e+01             274.062           1.100e+00             137.937           2.421e+01     
 101.000          45.000            1.130e+00          -1.898e+01             277.874           1.087e+00             138.013           2.394e+01     
 102.000          45.000            1.128e+00          -1.814e+01             280.978           1.076e+00             138.091           2.367e+01     
 103.000          45.000            1.127e+00          -1.736e+01             283.543           1.065e+00             138.171           2.341e+01     
 104.000          45.000            1.127e+00          -1.663e+01             285.691           1.054e+00             138.252           2.317e+01     
 105.000          45.000            1.129e+00          -1.595e+01             287.512           1.043e+00             138.336           2.293e+01     
 106.000          45.000            1.132e+00          -1.531e+01             289.073           1.033e+00             138.421           2.269e+01     
 107.000          45.000            1.137e+00          -1.472e+01             290.424           1.023e+00             138.508           2.247e+01     
 108.000          45.000            1.143e+00          -1.416e+01             291.605           1.013e+00             138.596           2.225e+01     
 109.000          45.000            1.150e+00          -1.364e+01             292.646           1.003e+00             138.686           2.204e+01     
 110.000          45.000            1.158e+00          -1.315e+01             293.569           9.938e-01             138.777           2.183e+01     
 111.000          45.000            1.167e+00          -1.268e+01             294.395           9.846e-01             138.870           2.163e+01     
 112.000          45.000            1.178e+00          -1.224e+01             295.137           9.755e-01             138.964           2.143e+01     
 113.000          45.000            1.189e+00          -1.183e+01             295.808           9.664e-01             139.059           2.125e+01     
 114.000          45.000            1.201e+00          -1.143e+01             296.418           9.575e-01             139.156           2.106e+01     
 115.000          45.000            1.214e+00          -1.105e+01             296.975           9.485e-01             139.253           2.089e+01     
 116.000          45.000            1.228e+00          -1.069e+01             297.486           9.396e-01             139.352           2.071e+01     
 117.000          45.000            1.243e+00          -1.035e+01             297.956           9.306e-01             139.451           2.055e+01     
 118.000          45.000            1.258e+00          -1.002e+01             298.392           9.216e-01             139.552           2.039e+01     
 119.000          45.000            1.274e+00          -9.705e+00             298.796           9.124e-01             139.653           2.023e+01     
 120.000          45.000            1.290e+00          -9.404e+00             299.172           9.031e-01             139.755           2.008e+01     
 121.000          45.000            1.307e+00          -9.115e+00             299.524           8.936e-01             139.858           1.993e+01     
 122.000          45.000            1.324e+00          -8.837e+00             299.854           8.839e-01             139.962           1.978e+01     
 123.000          45.000            1.341e+00          -8.571e+00             300.164           8.739e-01             140.066           1.965e+01     
 124.000          45.000            1.359e+00          -8.315e+00             300.457           8.635e-01             140.171           1.951e+01     
 125.000          45.000            1.377e+00          -8.069e+00             300.734           8.528e-01             140.277           1.938e+01     
 126.000          45.000            1.394e+00          -7.832e+00             300.997           8.418e-01             140.383           1.926e+01     
 127.000          45.000            1.412e+00          -7.604e+00             301.247           8.302e-01             140.489           1.913e+01     
 128.000          45.000            1.430e+00          -7.384e+00             301.486           8.182e-01             140.597           1.902e+01     
 129.000          45.000            1.448e+00          -7.173e+00             301.715           8.057e-01             140.704           1.890e+01     
 130.000          45.000            1.465e+00          -6.969e+00             301.934           7.926e-01             140.812           1.879e+01     
 131.000          45.000            1.482e+00          -6.773e+00             302.145           7.788e-01             140.921           1.869e+01     
 132.000          45.000            1.499e+00          -6.584e+00             302.348           7.645e-01             141.030           1.859e+01     
 133.000          45.000            1.515e+00          -6.402e+00             302.545           7.494e-01             141.139           1.849e+01     
 134.000          45.000            1.530e+00          -6.226e+00             302.735           7.335e-01             141.249           1.839e+01     
 135.000          45.000            1.545e+00          -6.057e+00             302.921           7.169e-01             141.359           1.830e+01     
 136.000          45.000            1.560e+00          -5.895e+00             303.101           6.994e-01             141.469           1.822e+01     
 137.000          45.000            1.573e+00          -5.738e+00             303.278           6.810e-01             141.580           1.813e+01     
 138.000          45.000            1.586e+00          -5.588e+00             303.450           6.617e-01             141.691           1.805e+01     
 139.000          45.000            1.598e+00          -5.443e+00             303.620           6.415e-01             141.803           1.798e+01     
 140.000          45.000            1.609e+00          -5.304e+00             303.787           6.202e-01             141.915           1.790e+01     
 141.000          45.000            1.619e+00          -5.170e+00             303.952           5.979e-01             142.027           1.783e+01     
 142.000          45.000            1.627e+00          -5.042e+00             304.115           5.744e-01             142.140           1.777e+01     
 143.000          45.000            1.635e+00          -4.919e+00             304.276           5.498e-01             142.253           1.770e+01     
 144.000          45.000            1.641e+00          -4.802e+00             304.437           5.241e-01             142.367           1.765e+01     
 145.000          45.000            1.646e+00          -4.689e+00             304.596           4.971e-01             142.481           1.759e+01     
 146.000          45.000            1.650e+00          -4.582e+00             304.756           4.688e-01             142.595           1.754e+01     
 147.000          45.000            1.652e+00          -4.479e+00             304.915           4.392e-01             142.710           1.749e+01     
 148.000          45.000            1.653e+00          -4.382e+00             305.074           4.082e-01             142.826           1.744e+01     
 149.000          45.000            1.652e+00          -4.289e+00             305.234           3.759e-01             142.942           1.740e+01     
 150.000          45.000            1.650e+00          -4.201e+00             305.395           3.421e-01             143.059           1.736e+01     
 151.000          45.000            1.646e+00          -4.118e+00             305.557           3.068e-01             143.177           1.732e+01     
 152.000          45.000            1.640e+00          -4.039e+00             305.720           2.701e-01             143.295           1.729e+01     
 153.000          45.000            1.632e+00          -3.965e+00             305.885           2.317e-01             143.414           1.726e+01     
 154.000          45.000            1.622e+00          -3.896e+00             306.052           1.918e-01             143.534           1.723e+01     
 155.000          45.000            1.611e+00          -3.831e+00             306.220           1.503e-01             143.655           1.721e+01     
 156.000          45.000            1.598e+00          -3.770e+00             306.391           1.071e-01             143.776           1.719e+01     
 157.000          45.000            1.582e+00          -3.715e+00             306.565           6.220e-02             143.899           1.717e+01     
 158.000          45.000            1.565e+00          -3.663e+00             306.741           1.558e-02             144.023           1.715e+01     
 159.000          45.000            1.545e+00          -3.616e+00             306.920          -3.280e-02             144.148           1.714e+01     
 160.000          45.000            1.524e+00          -3.574e+00             307.103          -8.296e-02             144.275           1.713e+01     
 161.000          45.000            1.500e+00          -3.535e+00             307.288          -1.350e-01             144.402           1.713e+01     
 162.000          45.000            1.474e+00          -3.502e+00             307.478          -1.888e-01             144.531           1.713e+01     
 163.000          45.000            1.445e+00          -3.472e+00             307.671          -2.445e-01             144.662           1.713e+01     
 164.000          45.000            1.414e+00          -3.447e+00             307.868          -3.021e-01             144.794           1.713e+01     
 165.000          45.000            1.381e+00          -3.426e+00             308.069          -3.617e-01             144.928           1.714e+01     
 166.000          45.000            1.346e+00          -3.409e+00             308.275          -4.232e-01             145.063           1.714e+01     
 167.000          45.000            1.308e+00          -3.397e+00             308.485          -4.867e-01             145.201           1.716e+01     
 168.000          45.000            1.267e+00          -3.389e+00             308.700          -5.522e-01             145.340           1.717e+01     
 169.000          45.000            1.225e+00          -3.385e+00             308.920          -6.197e-01             145.482           1.719e+01     
 170.000          45.000            1.179e+00          -3.385e+00             309.144          -6.893e-01             145.626           1.721e+01     
 171.000          45.000            1.131e+00          -3.389e+00             309.374          -7.610e-01             145.772           1.724e+01     
 172.000          45.000            1.080e+00          -3.398e+00             309.610          -8.347e-01             145.921           1.726e+01     
 173.000          45.000            1.027e+00          -3.411e+00             309.851          -9.105e-01             146.072           1.729e+01     
 174.000          45.000            9.714e-01          -3.427e+00             310.098          -9.884e-01             146.226           1.733e+01     
 175.000          45.000            9.129e-01          -3.448e+00             310.350          -1.068e+00             146.382           1.736e+01     
 176.000          45.000            8.517e-01          -3.474e+00             310.609          -1.151e+00             146.542           1.740e+01     
 177.000          45.000            7.878e-01          -3.503e+00             310.874          -1.235e+00             146.705           1.744e+01     
 178.000          45.000            7.212e-01          -3.536e+00             311.145          -1.321e+00             146.871           1.749e+01     
 179.000          45.000            6.519e-01          -3.573e+00             311.422          -1.410e+00             147.041           1.753e+01     
 180.000          45.000            5.799e-01          -3.615e+00             311.707          -1.501e+00             147.215           1.758e+01     
 179.000         225.000            5.052e-01          -3.660e+00             131.998          -1.594e+00             327.392           1.764e+01     
 178.000         225.000            4.276e-01          -3.709e+00             132.296          -1.689e+00             327.573           1.769e+01     
 177.000         225.000            3.474e-01          -3.763e+00             132.601          -1.786e+00             327.758           1.775e+01     
 176.000         225.000            2.643e-01          -3.820e+00             132.913          -1.886e+00             327.947           1.781e+01     
 175.000         225.000            1.786e-01          -3.881e+00             133.232          -1.987e+00             328.141           1.788e+01     
 174.000         225.000            9.007e-02          -3.946e+00             133.559          -2.091e+00             328.340           1.794e+01     
 173.000         225.000           -1.178e-03          -4.015e+00             133.893          -2.197e+00             328.543           1.801e+01     
 172.000         225.000           -9.515e-02          -4.088e+00             134.235          -2.305e+00             328.752           1.809e+01     
 171.000         225.000           -1.918e-01          -4.165e+00             134.584          -2.415e+00             328.966           1.816e+01     
 170.000         225.000           -2.912e-01          -4.245e+00             134.941          -2.527e+00             329.185           1.824e+01     
 169.000         225.000           -3.933e-01          -4.329e+00             135.306          -2.641e+00             329.410           1.832e+01     
 168.000         225.000           -4.981e-01          -4.417e+00             135.679          -2.757e+00             329.641           1.840e+01     
 167.000         225.000           -6.055e-01          -4.509e+00             136.060          -2.875e+00             329.878           1.849e+01     
 166.000         225.000           -7.155e-01          -4.604e+00             136.449          -2.996e+00             330.122           1.858e+01     
 165.000         225.000           -8.281e-01          -4.703e+00             136.846          -3.118e+00             330.372           1.867e+01     
 164.000         225.000           -9.433e-01          -4.806e+00             137.251          -3.242e+00             330.629           1.876e+01     
 163.000         225.000           -1.061e+00          -4.912e+00             137.664          -3.367e+00             330.893           1.885e+01     
 162.000         225.000           -1.181e+00          -5.021e+00             138.086          -3.495e+00             331.164           1.895e+01     
 161.000         225.000           -1.304e+00          -5.134e+00             138.515          -3.625e+00             331.443           1.905e+01     
 160.000         225.000           -1.429e+00          -5.251e+00             138.953          -3.756e+00             331.730           1.915e+01     
 159.000         225.000           -1.556e+00          -5.370e+00             139.398          -3.888e+00             332.025           1.925e+01     
 158.000         225.000           -1.686e+00          -5.494e+00             139.852          -4.023e+00             332.329           1.935e+01     
 157.000         225.000           -1.818e+00          -5.620e+00             140.314          -4.159e+00             332.641           1.946e+01     
 156.000         225.000           -1.952e+00          -5.750e+00             140.783          -4.296e+00             332.962           1.956e+01     
 155.000         225.000           -2.088e+00          -5.883e+00             141.260          -4.435e+00             333.292           1.967e+01     
 154.000         225.000           -2.227e+00          -6.019e+00             141.745          -4.574e+00             333.631           1.977e+01     
 153.000         225.000           -2.367e+00          -6.159e+00             142.237          -4.716e+00             333.980           1.988e+01     
 152.000         225.000           -2.510e+00          -6.301e+00             142.737          -4.858e+00             334.339           1.998e+01     
 151.000         225.000           -2.654e+00          -6.447e+00             143.244          -5.001e+00             334.708           2.009e+01     
 150.000         225.000           -2.800e+00          -6.596e+00             143.757          -5.145e+00             335.087           2.019e+01     
 149.000         225.000           -2.947e+00          -6.747e+00             144.278          -5.290e+00             335.477           2.030e+01     
 148.000         225.000           -3.097e+00          -6.902e+00             144.805          -5.435e+00             335.878           2.040e+01     
 147.000         225.000           -3.248e+00          -7.060e+00             145.338          -5.581e+00             336.289           2.049e+01     
 146.000         225.000           -3.400e+00          -7.220e+00             145.876          -5.728e+00             336.711           2.059e+01     
 145.000         225.000           -3.554e+00          -7.384e+00             146.421          -5.875e+00             337.145           2.068e+01     
 144.000         225.000           -3.709e+00          -7.551e+00             146.970          -6.021e+00             337.590           2.077e+01     
 143.000         225.000           -3.865e+00          -7.720e+00             147.525          -6.168e+00             338.047           2.086e+01     
 142.000         225.000           -4.022e+00          -7.892e+00             148.084          -6.315e+00             338.515           2.094e+01     
 141.000         225.000           -4.180e+00          -8.068e+00             148.647          -6.461e+00             338.994           2.101e+01     
 140.000         225.000           -4.339e+00          -8.246e+00             149.213          -6.606e+00             339.485           2.108e+01     
 139.000         225.000           -4.499e+00          -8.427e+00             149.783          -6.751e+00             339.987           2.115e+01     
 138.000         225.000           -4.659e+00          -8.611e+00             150.355          -6.895e+00             340.500           2.121e+01     
 137.000         225.000           -4.819e+00          -8.799e+00             150.930          -7.038e+00             341.025           2.126e+01     
 136.000         225.000           -4.980e+00          -8.989e+00             151.506          -7.179e+00             341.560           2.130e+01     
 135.000         225.000           -5.142e+00          -9.183e+00             152.083          -7.319e+00             342.107           2.134e+01     
 134.000         225.000           -5.303e+00          -9.379e+00             152.661          -7.458e+00             342.663           2.137e+01     
 133.000         225.000           -5.464e+00          -9.580e+00             153.239          -7.594e+00             343.229           2.140e+01     
 132.000         225.000           -5.625e+00          -9.783e+00             153.816          -7.728e+00             343.805           2.142e+01     
 131.000         225.000           -5.785e+00          -9.990e+00             154.393          -7.860e+00             344.390           2.143e+01     
 130.000         225.000           -5.945e+00          -1.020e+01             154.968          -7.989e+00             344.982           2.143e+01     
 129.000         225.000           -6.105e+00          -1.042e+01             155.540          -8.115e+00             345.583           2.143e+01     
 128.000         225.000           -6.263e+00          -1.063e+01             156.110          -8.239e+00             346.190           2.142e+01     
 127.000         225.000           -6.421e+00          -1.086e+01             156.677          -8.359e+00             346.803           2.141e+01     
 126.000         225.000           -6.577e+00          -1.109e+01             157.240          -8.475e+00             347.420           2.140e+01     
 125.000         225.000           -6.731e+00          -1.132e+01             157.798          -8.588e+00             348.042           2.138e+01     
 124.000         225.000           -6.885e+00          -1.155e+01             158.352          -8.697e+00             348.667           2.136e+01     
 123.000         225.000           -7.036e+00          -1.180e+01             158.901          -8.802e+00             349.293           2.134e+01     
 122.000         225.000           -7.185e+00          -1.205e+01             159.444          -8.902e+00             349.919           2.132e+01     
 121.000         225.000           -7.332e+00          -1.230e+01             159.981          -8.998e+00             350.545           2.130e+01     
 120.000         225.000           -7.477e+00          -1.256e+01             160.511          -9.090e+00             351.168           2.129e+01     
 119.000         225.000           -7.619e+00          -1.283e+01             161.036          -9.176e+00             351.788           2.129e+01     
 118.000         225.000           -7.758e+00          -1.311e+01             161.553          -9.257e+00             352.402           2.129e+01     
 117.000         225.000           -7.894e+00          -1.339e+01             162.064          -9.334e+00             353.010           2.130e+01     
 116.000         225.000           -8.027e+00          -1.368e+01             162.568          -9.405e+00             353.609           2.133e+01     
 115.000         225.000           -8.156e+00          -1.399e+01             163.065          -9.471e+00             354.198           2.137e+01     
 114.000         225.000           -8.281e+00          -1.430e+01             163.555          -9.531e+00             354.776           2.142e+01     
 113.000         225.000           -8.401e+00          -1.462e+01             164.040          -9.586e+00             355.341           2.150e+01     
 112.000         225.000           -8.518e+00          -1.496e+01             164.518          -9.635e+00             355.891           2.160e+01     
 111.000         225.000           -8.629e+00          -1.531e+01             164.992          -9.678e+00             356.426           2.173e+01     
 110.000         225.000           -8.735e+00          -1.568e+01             165.463          -9.716e+00             356.943           2.189e+01     
 109.000         225.000           -8.836e+00          -1.606e+01             165.931          -9.748e+00             357.441           2.208e+01     
 108.000         225.000           -8.931e+00          -1.646e+01             166.398          -9.774e+00             357.918           2.232e+01     
 107.000         225.000           -9.020e+00          -1.689e+01             166.866          -9.795e+00             358.374           2.259e+01     
 106.000         225.000           -9.102e+00          -1.733e+01             167.339          -9.810e+00             358.807           2.292e+01     
 105.000         225.000           -9.178e+00          -1.780e+01             167.819          -9.819e+00             359.217           2.331e+01     
 104.000         225.000           -9.246e+00          -1.830e+01             168.312          -9.823e+00             359.601           2.376e+01     
 103.000         225.000           -9.307e+00          -1.884e+01             168.823          -9.821e+00             359.959           2.429e+01     
 102.000         225.000           -9.361e+00          -1.941e+01             169.359          -9.813e+00               0.290           2.491e+01     
 101.000         225.000           -9.406e+00          -2.002e+01             169.931          -9.801e+00               0.594           2.564e+01     
 100.000         225.000           -9.443e+00          -2.069e+01             170.553          -9.782e+00               0.868           2.650e+01     
  99.000         225.000           -9.472e+00          -2.141e+01             171.241          -9.759e+00               1.115           2.753e+01     
  98.000         225.000           -9.492e+00          -2.221e+01             172.023          -9.731e+00               1.333           2.877e+01     
  97.000         225.000           -9.503e+00          -2.310e+01             172.935          -9.697e+00               1.521           3.030e+01     
  96.000         225.000           -9.505e+00          -2.409e+01             174.034          -9.659e+00               1.679           3.225e+01     
  95.000         225.000           -9.498e+00          -2.521e+01             175.407          -9.616e+00               1.808           3.489e+01     
  94.000         225.000           -9.481e+00          -2.651e+01             177.200          -9.568e+00               1.907           3.883e+01     
  93.000         225.000           -9.455e+00          -2.804e+01             179.672          -9.515e+00               1.976           4.000e+01     
  92.000         225.000           -9.419e+00          -2.989e+01             183.327          -9.458e+00               2.016           4.000e+01     
  91.000         225.000           -9.374e+00          -3.220e+01             189.271          -9.397e+00               2.026           4.000e+01     
  90.000         225.000           -9.320e+00          -3.515e+01             200.304          -9.331e+00               2.008           3.590e+01     
  89.000         225.000           -9.256e+00          -3.855e+01             223.989          -9.261e+00               1.962           3.278e+01     
  88.000         225.000           -9.183e+00          -3.966e+01             267.149          -9.187e+00               1.888           3.051e+01     
  87.000         225.000           -9.102e+00          -3.666e+01             300.934          -9.109e+00               1.786           2.873e+01     
  86.000         225.000           -9.011e+00          -3.330e+01             316.566          -9.028e+00               1.659           2.728e+01     
  85.000         225.000           -8.913e+00          -3.061e+01             324.316          -8.942e+00               1.505           2.608e+01     
  84.000         225.000           -8.806e+00          -2.846e+01             328.743          -8.853e+00               1.326           2.505e+01     
  83.000         225.000           -8.691e+00          -2.669e+01             331.539          -8.760e+00               1.123           2.417e+01     
  82.000         225.000           -8.569e+00          -2.519e+01             333.428          -8.664e+00               0.897           2.340e+01     
  81.000         225.000           -8.439e+00          -2.389e+01             334.760          -8.565e+00               0.648           2.273e+01     
  80.000         225.000           -8.303e+00          -2.274e+01             335.727          -8.463e+00               0.378           2.214e+01     
  79.000         225.000           -8.161e+00          -2.171e+01             336.441          -8.357e+00               0.088           2.162e+01     
  78.000         225.000           -8.012e+00          -2.078e+01             336.967          -8.248e+00             359.778           2.117e+01     
  77.000         225.000           -7.858e+00          -1.992e+01             337.354          -8.137e+00             359.449           2.076e+01     
  76.000         225.000           -7.699e+00          -1.913e+01             337.633          -8.023e+00             359.102           2.041e+01     
  75.000         225.000           -7.535e+00          -1.840e+01             337.824          -7.906e+00             358.739           2.010e+01     
  74.000         225.000           -7.366e+00          -1.772e+01             337.946          -7.786e+00             358.360           1.983e+01     
  73.000         225.000           -7.194e+00          -1.707e+01             338.008          -7.665e+00             357.967           1.959e+01     
  72.000         225.000           -7.017e+00          -1.647e+01             338.021          -7.540e+00             357.559           1.939e+01     
  71.000         225.000           -6.838e+00          -1.589e+01             337.993          -7.414e+00             357.139           1.921e+01     
  70.000         225.000           -6.655e+00          -1.535e+01             337.927          -7.285e+00             356.708           1.906e+01     
  69.000         225.000           -6.470e+00          -1.483e+01             337.830          -7.155e+00             356.265           1.893e+01     
  68.000         225.000           -6.282e+00          -1.433e+01             337.705          -7.022e+00             355.813           1.883e+01     
  67.000         225.000           -6.092e+00          -1.385e+01             337.555          -6.888e+00             355.351           1.874e+01     
  66.000         225.000           -5.901e+00          -1.340e+01             337.383          -6.752e+00             354.882           1.867e+01     
  65.000         225.000           -5.708e+00          -1.296e+01             337.191          -6.615e+00             354.405           1.861e+01     
  64.000         225.000           -5.514e+00          -1.253e+01             336.982          -6.476e+00             353.921           1.857e+01     
  63.000         225.000           -5.319e+00          -1.212e+01             336.757          -6.336e+00             353.432           1.854e+01     
  62.000         225.000           -5.123e+00          -1.173e+01             336.517          -6.194e+00             352.938           1.853e+01     
  61.000         225.000           -4.927e+00          -1.135e+01             336.264          -6.052e+00             352.440           1.852e+01     
  60.000         225.000           -4.731e+00          -1.098e+01             335.999          -5.908e+00             351.938           1.853e+01     
  59.000         225.000           -4.535e+00          -1.062e+01             335.723          -5.764e+00             351.434           1.854e+01     
  58.000         225.000           -4.338e+00          -1.027e+01             335.438          -5.618e+00             350.927           1.856e+01     
  57.000         225.000           -4.142e+00          -9.930e+00             335.144          -5.472e+00             350.418           1.858e+01     
  56.000         225.000           -3.947e+00          -9.600e+00             334.843          -5.326e+00             349.909           1.862e+01     
  55.000         225.000           -3.752e+00          -9.280e+00             334.534          -5.179e+00             349.399           1.865e+01     
  54.000         225.000           -3.558e+00          -8.968e+00             334.218          -5.032e+00             348.889           1.870e+01     
  53.000         225.000           -3.365e+00          -8.664e+00             333.897          -4.884e+00             348.380           1.874e+01     
  52.000         225.000           -3.173e+00          -8.368e+00             333.571          -4.737e+00             347.871           1.879e+01     
  51.000         225.000           -2.983e+00          -8.080e+00             333.241          -4.589e+00             347.364           1.884e+01     
  50.000         225.000           -2.793e+00          -7.799e+00             332.907          -4.442e+00             346.859           1.890e+01     
  49.000         225.000           -2.605e+00          -7.524e+00             332.569          -4.294e+00             346.356           1.896e+01     
  48.000         225.000           -2.419e+00          -7.256e+00             332.228          -4.147e+00             345.855           1.901e+01     
  47.000         225.000           -2.234e+00          -6.995e+00             331.885          -4.000e+00             345.357           1.907e+01     
  46.000         225.000           -2.051e+00          -6.740e+00             331.540          -3.854e+00             344.862           1.914e+01     
  45.000         225.000           -1.870e+00          -6.491e+00             331.194          -3.708e+00             344.370           1.920e+01     
  44.000         225.000           -1.691e+00          -6.248e+00             330.846          -3.563e+00             343.882           1.926e+01     
  43.000         225.000           -1.514e+00          -6.010e+00             330.498          -3.419e+00             343.397           1.933e+01     
  42.000         225.000           -1.339e+00          -5.779e+00             330.149          -3.275e+00             342.916           1.939e+01     
  41.000         225.000           -1.166e+00          -5.553e+00             329.800          -3.132e+00             342.440           1.945e+01     
  40.000         225.000           -9.951e-01          -5.332e+00             329.452          -2.991e+00             341.968           1.952e+01     
  39.000         225.000           -8.267e-01          -5.117e+00             329.104          -2.850e+00             341.500           1.958e+01     
  38.000         225.000           -6.607e-01          -4.906e+00             328.756          -2.710e+00             341.037           1.965e+01     
  37.000         225.000           -4.970e-01          -4.701e+00             328.410          -2.572e+00             340.579           1.971e+01     
  36.000         225.000           -3.359e-01          -4.501e+00             328.065          -2.435e+00             340.125           1.977e+01     
  35.000         225.000           -1.773e-01          -4.307e+00             327.721          -2.299e+00             339.676           1.984e+01     
  34.000         225.000           -2.126e-02          -4.117e+00             327.380          -2.164e+00             339.232           1.990e+01     
  33.000         225.000            1.321e-01          -3.932e+00             327.040          -2.031e+00             338.793           1.996e+01     
  32.000         225.000            2.829e-01          -3.751e+00             326.702          -1.899e+00             338.360           2.002e+01     
  31.000         225.000            4.309e-01          -3.576e+00             326.367          -1.769e+00             337.931           2.008e+01     
  30.000         225.000            5.762e-01          -3.405e+00             326.034          -1.641e+00             337.507           2.014e+01     
  29.000         225.000            7.186e-01          -3.239e+00             325.704          -1.514e+00             337.089           2.020e+01     
  28.000         225.000            8.583e-01          -3.078e+00             325.377          -1.389e+00             336.675           2.026e+01     
  27.000         225.000            9.951e-01          -2.922e+00             325.053          -1.266e+00             336.267           2.032e+01     
  26.000         225.000            1.129e+00          -2.770e+00             324.731          -1.144e+00             335.864           2.038e+01     
  25.000         225.000            1.260e+00          -2.622e+00             324.413          -1.025e+00             335.466           2.044e+01     
  24.000         225.000            1.388e+00          -2.479e+00             324.099          -9.069e-01             335.073           2.049e+01     
  23.000         225.000            1.513e+00          -2.341e+00             323.788          -7.910e-01             334.685           2.055e+01     
  22.000         225.000            1.635e+00          -2.208e+00             323.480          -6.771e-01             334.303           2.061e+01     
  21.000         225.000            1.754e+00          -2.078e+00             323.176          -5.652e-01             333.925           2.066e+01     
  20.000         225.000            1.870e+00          -1.954e+00             322.876          -4.554e-01             333.553           2.072e+01     
  19.000         225.000            1.983e+00          -1.833e+00             322.580          -3.475e-01             333.185           2.078e+01     
  18.000         225.000            2.093e+00          -1.718e+00             322.288          -2.418e-01             332.823           2.083e+01     
  17.000         225.000            2.200e+00          -1.607e+00             321.999          -1.382e-01             332.465           2.089e+01     
  16.000         225.000            2.303e+00          -1.500e+00             321.715          -3.673e-02             332.113           2.094e+01     
  15.000         225.000            2.404e+00          -1.397e+00             321.435           6.259e-02             331.765           2.100e+01     
  14.000         225.000            2.501e+00          -1.300e+00             321.159           1.597e-01             331.422           2.106e+01     
  13.000         225.000            2.596e+00          -1.206e+00             320.887           2.547e-01             331.084           2.111e+01     
  12.000         225.000            2.687e+00          -1.117e+00             320.619           3.474e-01             330.751           2.117e+01     
  11.000         225.000            2.775e+00          -1.032e+00             320.356           4.379e-01             330.422           2.123e+01     
  10.000         225.000            2.860e+00          -9.521e-01             320.097           5.262e-01             330.098           2.129e+01     
   9.000         225.000            2.942e+00          -8.762e-01             319.843           6.122e-01             329.779           2.135e+01     
   8.000         225.000            3.020e+00          -8.047e-01             319.593           6.959e-01             329.464           2.141e+01     
   7.000         225.000            3.096e+00          -7.376e-01             319.348           7.774e-01             329.154           2.147e+01     
   6.000         225.000            3.168e+00          -6.749e-01             319.107           8.566e-01             328.848           2.153e+01     
   5.000         225.000            3.238e+00          -6.165e-01             318.871           9.335e-01             328.547           2.159e+01     
   4.000         225.000            3.304e+00          -5.625e-01             318.639           1.008e+00             328.250           2.165e+01     
   3.000         225.000            3.367e+00          -5.128e-01             318.412           1.081e+00             327.957           2.171e+01     
   2.000         225.000            3.427e+00          -4.675e-01             318.189           1.151e+00             327.669           2.178e+01     
   1.000         225.000            3.484e+00          -4.265e-01             317.972           1.218e+00             327.385           2.185e+01     
