Theta [deg.]  Phi   [deg.]  Abs(Dir.)[dBi   ]   Abs(Theta)[dBi   ]  Phase(Theta)[deg.]  Abs(Phi  )[dBi   ]  Phase(Phi  )[deg.]  Ax.Ratio[dB    ]    
------------------------------------------------------------------------------------------------------------------------------------------------------
   0.000          90.000            3.537e+00           3.469e+00             142.882          -1.451e+01             182.831           2.191e+01     
   1.000          90.000            3.559e+00           3.488e+00             142.659          -1.432e+01             181.972           2.185e+01     
   2.000          90.000            3.576e+00           3.502e+00             142.444          -1.413e+01             181.143           2.180e+01     
   3.000          90.000            3.588e+00           3.511e+00             142.239          -1.395e+01             180.342           2.175e+01     
   4.000          90.000            3.595e+00           3.515e+00             142.041          -1.377e+01             179.566           2.170e+01     
   5.000          90.000            3.597e+00           3.513e+00             141.853          -1.361e+01             178.814           2.165e+01     
   6.000          90.000            3.593e+00           3.507e+00             141.672          -1.345e+01             178.083           2.160e+01     
   7.000          90.000            3.585e+00           3.495e+00             141.500          -1.331e+01             177.371           2.156e+01     
   8.000          90.000            3.571e+00           3.478e+00             141.336          -1.317e+01             176.678           2.152e+01     
   9.000          90.000            3.553e+00           3.457e+00             141.180          -1.303e+01             176.001           2.149e+01     
  10.000          90.000            3.529e+00           3.430e+00             141.033          -1.291e+01             175.339           2.145e+01     
  11.000          90.000            3.501e+00           3.398e+00             140.893          -1.279e+01             174.692           2.142e+01     
  12.000          90.000            3.467e+00           3.360e+00             140.761          -1.267e+01             174.058           2.140e+01     
  13.000          90.000            3.429e+00           3.318e+00             140.637          -1.257e+01             173.436           2.137e+01     
  14.000          90.000            3.385e+00           3.271e+00             140.522          -1.247e+01             172.825           2.135e+01     
  15.000          90.000            3.336e+00           3.218e+00             140.413          -1.238e+01             172.224           2.133e+01     
  16.000          90.000            3.283e+00           3.161e+00             140.313          -1.229e+01             171.633           2.131e+01     
  17.000          90.000            3.224e+00           3.098e+00             140.220          -1.221e+01             171.051           2.130e+01     
  18.000          90.000            3.161e+00           3.031e+00             140.135          -1.213e+01             170.477           2.129e+01     
  19.000          90.000            3.092e+00           2.958e+00             140.057          -1.206e+01             169.910           2.128e+01     
  20.000          90.000            3.019e+00           2.880e+00             139.986          -1.200e+01             169.351           2.128e+01     
  21.000          90.000            2.941e+00           2.797e+00             139.923          -1.194e+01             168.798           2.128e+01     
  22.000          90.000            2.858e+00           2.710e+00             139.868          -1.188e+01             168.252           2.128e+01     
  23.000          90.000            2.770e+00           2.617e+00             139.819          -1.183e+01             167.711           2.129e+01     
  24.000          90.000            2.677e+00           2.519e+00             139.778          -1.179e+01             167.175           2.130e+01     
  25.000          90.000            2.580e+00           2.416e+00             139.743          -1.175e+01             166.644           2.132e+01     
  26.000          90.000            2.477e+00           2.308e+00             139.716          -1.171e+01             166.119           2.133e+01     
  27.000          90.000            2.370e+00           2.196e+00             139.696          -1.168e+01             165.597           2.136e+01     
  28.000          90.000            2.258e+00           2.078e+00             139.682          -1.165e+01             165.080           2.138e+01     
  29.000          90.000            2.141e+00           1.955e+00             139.676          -1.163e+01             164.566           2.141e+01     
  30.000          90.000            2.020e+00           1.827e+00             139.676          -1.161e+01             164.057           2.145e+01     
  31.000          90.000            1.893e+00           1.695e+00             139.683          -1.160e+01             163.551           2.149e+01     
  32.000          90.000            1.763e+00           1.557e+00             139.696          -1.158e+01             163.048           2.153e+01     
  33.000          90.000            1.627e+00           1.414e+00             139.716          -1.158e+01             162.549           2.158e+01     
  34.000          90.000            1.487e+00           1.266e+00             139.742          -1.157e+01             162.053           2.163e+01     
  35.000          90.000            1.342e+00           1.114e+00             139.775          -1.157e+01             161.560           2.169e+01     
  36.000          90.000            1.192e+00           9.561e-01             139.814          -1.157e+01             161.070           2.176e+01     
  37.000          90.000            1.038e+00           7.934e-01             139.859          -1.158e+01             160.584           2.183e+01     
  38.000          90.000            8.791e-01           6.256e-01             139.911          -1.159e+01             160.100           2.190e+01     
  39.000          90.000            7.157e-01           4.528e-01             139.968          -1.160e+01             159.620           2.198e+01     
  40.000          90.000            5.476e-01           2.749e-01             140.032          -1.161e+01             159.142           2.207e+01     
  41.000          90.000            3.749e-01           9.183e-02             140.101          -1.162e+01             158.668           2.217e+01     
  42.000          90.000            1.976e-01          -9.639e-02             140.177          -1.164e+01             158.197           2.227e+01     
  43.000          90.000            1.575e-02          -2.898e-01             140.258          -1.166e+01             157.730           2.238e+01     
  44.000          90.000           -1.708e-01          -4.885e-01             140.345          -1.169e+01             157.266           2.250e+01     
  45.000          90.000           -3.618e-01          -6.925e-01             140.437          -1.171e+01             156.806           2.263e+01     
  46.000          90.000           -5.575e-01          -9.019e-01             140.535          -1.174e+01             156.349           2.277e+01     
  47.000          90.000           -7.579e-01          -1.117e+00             140.639          -1.176e+01             155.897           2.292e+01     
  48.000          90.000           -9.629e-01          -1.337e+00             140.748          -1.179e+01             155.449           2.307e+01     
  49.000          90.000           -1.173e+00          -1.563e+00             140.863          -1.182e+01             155.005           2.324e+01     
  50.000          90.000           -1.387e+00          -1.795e+00             140.984          -1.186e+01             154.566           2.342e+01     
  51.000          90.000           -1.606e+00          -2.033e+00             141.109          -1.189e+01             154.132           2.362e+01     
  52.000          90.000           -1.830e+00          -2.277e+00             141.241          -1.193e+01             153.703           2.383e+01     
  53.000          90.000           -2.058e+00          -2.527e+00             141.377          -1.196e+01             153.279           2.405e+01     
  54.000          90.000           -2.292e+00          -2.783e+00             141.520          -1.200e+01             152.862           2.429e+01     
  55.000          90.000           -2.530e+00          -3.046e+00             141.668          -1.203e+01             152.450           2.455e+01     
  56.000          90.000           -2.773e+00          -3.316e+00             141.821          -1.207e+01             152.045           2.483e+01     
  57.000          90.000           -3.021e+00          -3.593e+00             141.980          -1.211e+01             151.647           2.513e+01     
  58.000          90.000           -3.274e+00          -3.877e+00             142.145          -1.215e+01             151.257           2.546e+01     
  59.000          90.000           -3.532e+00          -4.168e+00             142.317          -1.219e+01             150.874           2.582e+01     
  60.000          90.000           -3.795e+00          -4.468e+00             142.494          -1.223e+01             150.499           2.621e+01     
  61.000          90.000           -4.063e+00          -4.775e+00             142.678          -1.227e+01             150.132           2.664e+01     
  62.000          90.000           -4.337e+00          -5.092e+00             142.869          -1.231e+01             149.775           2.711e+01     
  63.000          90.000           -4.615e+00          -5.418e+00             143.068          -1.235e+01             149.427           2.763e+01     
  64.000          90.000           -4.899e+00          -5.753e+00             143.274          -1.238e+01             149.088           2.821e+01     
  65.000          90.000           -5.188e+00          -6.098e+00             143.489          -1.242e+01             148.760           2.887e+01     
  66.000          90.000           -5.483e+00          -6.455e+00             143.714          -1.246e+01             148.443           2.962e+01     
  67.000          90.000           -5.783e+00          -6.823e+00             143.948          -1.250e+01             148.136           3.048e+01     
  68.000          90.000           -6.088e+00          -7.204e+00             144.194          -1.253e+01             147.841           3.149e+01     
  69.000          90.000           -6.398e+00          -7.598e+00             144.453          -1.257e+01             147.559           3.269e+01     
  70.000          90.000           -6.713e+00          -8.007e+00             144.726          -1.260e+01             147.288           3.418e+01     
  71.000          90.000           -7.034e+00          -8.431e+00             145.016          -1.264e+01             147.031           3.608e+01     
  72.000          90.000           -7.359e+00          -8.872e+00             145.324          -1.267e+01             146.787           3.868e+01     
  73.000          90.000           -7.688e+00          -9.333e+00             145.654          -1.270e+01             146.557           4.000e+01     
  74.000          90.000           -8.022e+00          -9.813e+00             146.009          -1.273e+01             146.341           4.000e+01     
  75.000          90.000           -8.360e+00          -1.032e+01             146.393          -1.276e+01             146.139           4.000e+01     
  76.000          90.000           -8.700e+00          -1.085e+01             146.813          -1.279e+01             145.953           4.000e+01     
  77.000          90.000           -9.042e+00          -1.140e+01             147.274          -1.282e+01             145.781           3.782e+01     
  78.000          90.000           -9.386e+00          -1.199e+01             147.786          -1.284e+01             145.626           3.453e+01     
  79.000          90.000           -9.729e+00          -1.262e+01             148.360          -1.287e+01             145.486           3.202e+01     
  80.000          90.000           -1.007e+01          -1.328e+01             149.009          -1.289e+01             145.363           2.995e+01     
  81.000          90.000           -1.041e+01          -1.399e+01             149.755          -1.291e+01             145.256           2.818e+01     
  82.000          90.000           -1.074e+01          -1.476e+01             150.622          -1.293e+01             145.166           2.663e+01     
  83.000          90.000           -1.106e+01          -1.559e+01             151.647          -1.294e+01             145.092           2.524e+01     
  84.000          90.000           -1.137e+01          -1.650e+01             152.882          -1.296e+01             145.036           2.399e+01     
  85.000          90.000           -1.166e+01          -1.750e+01             154.400          -1.297e+01             144.998           2.285e+01     
  86.000          90.000           -1.193e+01          -1.862e+01             156.315          -1.298e+01             144.976           2.180e+01     
  87.000          90.000           -1.218e+01          -1.987e+01             158.808          -1.299e+01             144.973           2.086e+01     
  88.000          90.000           -1.240e+01          -2.130e+01             162.176          -1.300e+01             144.987           2.000e+01     
  89.000          90.000           -1.259e+01          -2.295e+01             166.945          -1.300e+01             145.018           1.923e+01     
  90.000          90.000           -1.273e+01          -2.485e+01             174.088          -1.301e+01             145.067           1.855e+01     
  91.000          90.000           -1.284e+01          -2.699e+01             185.460          -1.301e+01             145.134           1.796e+01     
  92.000          90.000           -1.290e+01          -2.906e+01             204.045          -1.301e+01             145.218           1.746e+01     
  93.000          90.000           -1.292e+01          -3.003e+01             230.794          -1.301e+01             145.319           1.705e+01     
  94.000          90.000           -1.290e+01          -2.904e+01             257.342          -1.300e+01             145.438           1.672e+01     
  95.000          90.000           -1.283e+01          -2.700e+01             275.619          -1.300e+01             145.574           1.646e+01     
  96.000          90.000           -1.272e+01          -2.490e+01             286.778          -1.299e+01             145.726           1.628e+01     
  97.000          90.000           -1.257e+01          -2.304e+01             293.781          -1.298e+01             145.895           1.616e+01     
  98.000          90.000           -1.239e+01          -2.144e+01             298.441          -1.297e+01             146.081           1.609e+01     
  99.000          90.000           -1.218e+01          -2.006e+01             301.714          -1.296e+01             146.282           1.606e+01     
 100.000          90.000           -1.195e+01          -1.885e+01             304.114          -1.294e+01             146.499           1.607e+01     
 101.000          90.000           -1.169e+01          -1.778e+01             305.934          -1.292e+01             146.732           1.610e+01     
 102.000          90.000           -1.142e+01          -1.682e+01             307.352          -1.290e+01             146.979           1.614e+01     
 103.000          90.000           -1.114e+01          -1.595e+01             308.479          -1.288e+01             147.241           1.620e+01     
 104.000          90.000           -1.085e+01          -1.516e+01             309.391          -1.286e+01             147.517           1.626e+01     
 105.000          90.000           -1.055e+01          -1.443e+01             310.137          -1.284e+01             147.807           1.632e+01     
 106.000          90.000           -1.025e+01          -1.376e+01             310.754          -1.281e+01             148.110           1.638e+01     
 107.000          90.000           -9.945e+00          -1.313e+01             311.268          -1.278e+01             148.426           1.644e+01     
 108.000          90.000           -9.640e+00          -1.255e+01             311.699          -1.276e+01             148.754           1.648e+01     
 109.000          90.000           -9.336e+00          -1.200e+01             312.061          -1.273e+01             149.094           1.652e+01     
 110.000          90.000           -9.034e+00          -1.148e+01             312.366          -1.269e+01             149.446           1.656e+01     
 111.000          90.000           -8.735e+00          -1.099e+01             312.624          -1.266e+01             149.808           1.658e+01     
 112.000          90.000           -8.439e+00          -1.052e+01             312.841          -1.263e+01             150.181           1.660e+01     
 113.000          90.000           -8.147e+00          -1.008e+01             313.023          -1.259e+01             150.563           1.661e+01     
 114.000          90.000           -7.859e+00          -9.656e+00             313.176          -1.256e+01             150.955           1.661e+01     
 115.000          90.000           -7.576e+00          -9.252e+00             313.303          -1.252e+01             151.356           1.661e+01     
 116.000          90.000           -7.298e+00          -8.864e+00             313.408          -1.249e+01             151.765           1.660e+01     
 117.000          90.000           -7.024e+00          -8.492e+00             313.494          -1.245e+01             152.182           1.659e+01     
 118.000          90.000           -6.756e+00          -8.134e+00             313.563          -1.241e+01             152.607           1.657e+01     
 119.000          90.000           -6.492e+00          -7.790e+00             313.618          -1.237e+01             153.039           1.655e+01     
 120.000          90.000           -6.234e+00          -7.457e+00             313.660          -1.233e+01             153.478           1.653e+01     
 121.000          90.000           -5.981e+00          -7.137e+00             313.691          -1.229e+01             153.922           1.650e+01     
 122.000          90.000           -5.732e+00          -6.826e+00             313.713          -1.226e+01             154.373           1.647e+01     
 123.000          90.000           -5.489e+00          -6.526e+00             313.727          -1.222e+01             154.828           1.644e+01     
 124.000          90.000           -5.251e+00          -6.236e+00             313.734          -1.218e+01             155.289           1.641e+01     
 125.000          90.000           -5.018e+00          -5.955e+00             313.736          -1.214e+01             155.755           1.638e+01     
 126.000          90.000           -4.789e+00          -5.682e+00             313.733          -1.210e+01             156.225           1.635e+01     
 127.000          90.000           -4.566e+00          -5.417e+00             313.726          -1.206e+01             156.698           1.632e+01     
 128.000          90.000           -4.348e+00          -5.160e+00             313.716          -1.203e+01             157.176           1.629e+01     
 129.000          90.000           -4.134e+00          -4.911e+00             313.705          -1.199e+01             157.657           1.626e+01     
 130.000          90.000           -3.925e+00          -4.668e+00             313.692          -1.196e+01             158.141           1.623e+01     
 131.000          90.000           -3.720e+00          -4.433e+00             313.679          -1.192e+01             158.629           1.621e+01     
 132.000          90.000           -3.521e+00          -4.204e+00             313.666          -1.189e+01             159.119           1.618e+01     
 133.000          90.000           -3.326e+00          -3.982e+00             313.653          -1.186e+01             159.612           1.616e+01     
 134.000          90.000           -3.136e+00          -3.766e+00             313.642          -1.183e+01             160.107           1.613e+01     
 135.000          90.000           -2.950e+00          -3.557e+00             313.633          -1.180e+01             160.604           1.611e+01     
 136.000          90.000           -2.769e+00          -3.353e+00             313.627          -1.177e+01             161.103           1.610e+01     
 137.000          90.000           -2.593e+00          -3.155e+00             313.623          -1.175e+01             161.605           1.608e+01     
 138.000          90.000           -2.421e+00          -2.963e+00             313.622          -1.172e+01             162.108           1.606e+01     
 139.000          90.000           -2.253e+00          -2.777e+00             313.625          -1.170e+01             162.614           1.605e+01     
 140.000          90.000           -2.091e+00          -2.596e+00             313.632          -1.169e+01             163.122           1.604e+01     
 141.000          90.000           -1.933e+00          -2.420e+00             313.644          -1.167e+01             163.631           1.604e+01     
 142.000          90.000           -1.779e+00          -2.250e+00             313.660          -1.166e+01             164.142           1.603e+01     
 143.000          90.000           -1.630e+00          -2.086e+00             313.682          -1.165e+01             164.656           1.603e+01     
 144.000          90.000           -1.486e+00          -1.927e+00             313.710          -1.164e+01             165.171           1.603e+01     
 145.000          90.000           -1.346e+00          -1.773e+00             313.744          -1.163e+01             165.688           1.603e+01     
 146.000          90.000           -1.211e+00          -1.624e+00             313.783          -1.163e+01             166.208           1.603e+01     
 147.000          90.000           -1.080e+00          -1.480e+00             313.830          -1.163e+01             166.730           1.604e+01     
 148.000          90.000           -9.539e-01          -1.342e+00             313.883          -1.164e+01             167.254           1.605e+01     
 149.000          90.000           -8.325e-01          -1.209e+00             313.944          -1.164e+01             167.781           1.606e+01     
 150.000          90.000           -7.157e-01          -1.080e+00             314.011          -1.165e+01             168.311           1.607e+01     
 151.000          90.000           -6.036e-01          -9.574e-01             314.087          -1.167e+01             168.844           1.609e+01     
 152.000          90.000           -4.962e-01          -8.394e-01             314.170          -1.169e+01             169.380           1.611e+01     
 153.000          90.000           -3.935e-01          -7.265e-01             314.261          -1.171e+01             169.920           1.613e+01     
 154.000          90.000           -2.954e-01          -6.187e-01             314.361          -1.174e+01             170.464           1.615e+01     
 155.000          90.000           -2.021e-01          -5.159e-01             314.469          -1.177e+01             171.011           1.618e+01     
 156.000          90.000           -1.135e-01          -4.181e-01             314.586          -1.181e+01             171.563           1.621e+01     
 157.000          90.000           -2.966e-02          -3.254e-01             314.712          -1.185e+01             172.120           1.624e+01     
 158.000          90.000            4.944e-02          -2.377e-01             314.847          -1.189e+01             172.682           1.627e+01     
 159.000          90.000            1.238e-01          -1.551e-01             314.992          -1.194e+01             173.250           1.630e+01     
 160.000          90.000            1.933e-01          -7.740e-02             315.145          -1.199e+01             173.824           1.634e+01     
 161.000          90.000            2.581e-01          -4.761e-03             315.309          -1.205e+01             174.405           1.638e+01     
 162.000          90.000            3.181e-01           6.288e-02             315.482          -1.212e+01             174.993           1.642e+01     
 163.000          90.000            3.733e-01           1.255e-01             315.665          -1.219e+01             175.589           1.647e+01     
 164.000          90.000            4.237e-01           1.832e-01             315.858          -1.226e+01             176.193           1.651e+01     
 165.000          90.000            4.692e-01           2.358e-01             316.061          -1.234e+01             176.807           1.656e+01     
 166.000          90.000            5.100e-01           2.836e-01             316.274          -1.243e+01             177.430           1.661e+01     
 167.000          90.000            5.460e-01           3.263e-01             316.498          -1.252e+01             178.064           1.667e+01     
 168.000          90.000            5.771e-01           3.641e-01             316.733          -1.262e+01             178.710           1.672e+01     
 169.000          90.000            6.034e-01           3.969e-01             316.978          -1.273e+01             179.368           1.678e+01     
 170.000          90.000            6.250e-01           4.249e-01             317.234          -1.284e+01             180.040           1.684e+01     
 171.000          90.000            6.418e-01           4.479e-01             317.501          -1.296e+01             180.727           1.691e+01     
 172.000          90.000            6.538e-01           4.661e-01             317.779          -1.308e+01             181.429           1.697e+01     
 173.000          90.000            6.610e-01           4.793e-01             318.068          -1.321e+01             182.149           1.704e+01     
 174.000          90.000            6.635e-01           4.878e-01             318.368          -1.335e+01             182.888           1.711e+01     
 175.000          90.000            6.612e-01           4.914e-01             318.679          -1.350e+01             183.647           1.718e+01     
 176.000          90.000            6.543e-01           4.902e-01             319.002          -1.365e+01             184.428           1.726e+01     
 177.000          90.000            6.426e-01           4.842e-01             319.336          -1.382e+01             185.233           1.734e+01     
 178.000          90.000            6.263e-01           4.736e-01             319.681          -1.399e+01             186.064           1.742e+01     
 179.000          90.000            6.054e-01           4.582e-01             320.037          -1.416e+01             186.924           1.750e+01     
 180.000          90.000            5.799e-01           4.381e-01             320.405          -1.435e+01             187.814           1.758e+01     
 179.000         270.000            5.499e-01           4.134e-01             140.785          -1.455e+01               8.739           1.767e+01     
 178.000         270.000            5.153e-01           3.841e-01             141.175          -1.475e+01               9.700           1.776e+01     
 177.000         270.000            4.762e-01           3.503e-01             141.578          -1.496e+01              10.702           1.785e+01     
 176.000         270.000            4.327e-01           3.120e-01             141.991          -1.519e+01              11.747           1.795e+01     
 175.000         270.000            3.848e-01           2.691e-01             142.416          -1.542e+01              12.842           1.804e+01     
 174.000         270.000            3.326e-01           2.219e-01             142.852          -1.566e+01              13.989           1.814e+01     
 173.000         270.000            2.761e-01           1.703e-01             143.299          -1.591e+01              15.195           1.825e+01     
 172.000         270.000            2.153e-01           1.144e-01             143.758          -1.617e+01              16.465           1.835e+01     
 171.000         270.000            1.504e-01           5.421e-02             144.227          -1.644e+01              17.805           1.845e+01     
 170.000         270.000            8.137e-02          -1.018e-02             144.707          -1.673e+01              19.224           1.856e+01     
 169.000         270.000            8.274e-03          -7.873e-02             145.198          -1.702e+01              20.729           1.867e+01     
 168.000         270.000           -6.881e-02          -1.514e-01             145.700          -1.732e+01              22.328           1.878e+01     
 167.000         270.000           -1.498e-01          -2.281e-01             146.212          -1.763e+01              24.034           1.890e+01     
 166.000         270.000           -2.347e-01          -3.087e-01             146.734          -1.795e+01              25.855           1.901e+01     
 165.000         270.000           -3.233e-01          -3.933e-01             147.265          -1.828e+01              27.805           1.913e+01     
 164.000         270.000           -4.157e-01          -4.818e-01             147.807          -1.862e+01              29.896           1.924e+01     
 163.000         270.000           -5.117e-01          -5.741e-01             148.358          -1.897e+01              32.144           1.936e+01     
 162.000         270.000           -6.112e-01          -6.701e-01             148.918          -1.932e+01              34.564           1.948e+01     
 161.000         270.000           -7.142e-01          -7.697e-01             149.486          -1.968e+01              37.171           1.960e+01     
 160.000         270.000           -8.207e-01          -8.731e-01             150.063          -2.003e+01              39.982           1.972e+01     
 159.000         270.000           -9.304e-01          -9.799e-01             150.648          -2.039e+01              43.013           1.983e+01     
 158.000         270.000           -1.043e+00          -1.090e+00             151.240          -2.073e+01              46.278           1.995e+01     
 157.000         270.000           -1.160e+00          -1.204e+00             151.839          -2.107e+01              49.789           2.006e+01     
 156.000         270.000           -1.279e+00          -1.321e+00             152.445          -2.139e+01              53.552           2.018e+01     
 155.000         270.000           -1.401e+00          -1.442e+00             153.057          -2.169e+01              57.567           2.029e+01     
 154.000         270.000           -1.526e+00          -1.566e+00             153.674          -2.195e+01              61.824           2.039e+01     
 153.000         270.000           -1.655e+00          -1.693e+00             154.296          -2.218e+01              66.304           2.050e+01     
 152.000         270.000           -1.785e+00          -1.824e+00             154.923          -2.237e+01              70.973           2.060e+01     
 151.000         270.000           -1.919e+00          -1.957e+00             155.553          -2.250e+01              75.788           2.069e+01     
 150.000         270.000           -2.055e+00          -2.094e+00             156.185          -2.258e+01              80.692           2.078e+01     
 149.000         270.000           -2.194e+00          -2.234e+00             156.821          -2.261e+01              85.623           2.086e+01     
 148.000         270.000           -2.336e+00          -2.377e+00             157.457          -2.257e+01              90.517           2.093e+01     
 147.000         270.000           -2.480e+00          -2.523e+00             158.095          -2.249e+01              95.309           2.100e+01     
 146.000         270.000           -2.626e+00          -2.673e+00             158.732          -2.235e+01              99.947           2.106e+01     
 145.000         270.000           -2.775e+00          -2.825e+00             159.369          -2.216e+01             104.385           2.111e+01     
 144.000         270.000           -2.926e+00          -2.981e+00             160.004          -2.194e+01             108.591           2.115e+01     
 143.000         270.000           -3.079e+00          -3.139e+00             160.636          -2.170e+01             112.548           2.118e+01     
 142.000         270.000           -3.235e+00          -3.302e+00             161.266          -2.142e+01             116.245           2.120e+01     
 141.000         270.000           -3.393e+00          -3.467e+00             161.891          -2.113e+01             119.683           2.120e+01     
 140.000         270.000           -3.553e+00          -3.635e+00             162.511          -2.083e+01             122.869           2.120e+01     
 139.000         270.000           -3.716e+00          -3.807e+00             163.125          -2.053e+01             125.815           2.118e+01     
 138.000         270.000           -3.881e+00          -3.983e+00             163.732          -2.022e+01             128.535           2.116e+01     
 137.000         270.000           -4.048e+00          -4.162e+00             164.331          -1.991e+01             131.044           2.112e+01     
 136.000         270.000           -4.217e+00          -4.344e+00             164.921          -1.960e+01             133.360           2.107e+01     
 135.000         270.000           -4.389e+00          -4.531e+00             165.501          -1.930e+01             135.496           2.101e+01     
 134.000         270.000           -4.563e+00          -4.721e+00             166.071          -1.901e+01             137.471           2.094e+01     
 133.000         270.000           -4.739e+00          -4.916e+00             166.630          -1.872e+01             139.298           2.085e+01     
 132.000         270.000           -4.917e+00          -5.115e+00             167.175          -1.845e+01             140.989           2.076e+01     
 131.000         270.000           -5.099e+00          -5.318e+00             167.707          -1.818e+01             142.558           2.066e+01     
 130.000         270.000           -5.282e+00          -5.525e+00             168.225          -1.792e+01             144.014           2.055e+01     
 129.000         270.000           -5.468e+00          -5.738e+00             168.727          -1.767e+01             145.369           2.043e+01     
 128.000         270.000           -5.657e+00          -5.956e+00             169.212          -1.743e+01             146.630           2.030e+01     
 127.000         270.000           -5.849e+00          -6.179e+00             169.680          -1.720e+01             147.805           2.017e+01     
 126.000         270.000           -6.043e+00          -6.408e+00             170.129          -1.698e+01             148.902           2.004e+01     
 125.000         270.000           -6.240e+00          -6.643e+00             170.558          -1.676e+01             149.928           1.990e+01     
 124.000         270.000           -6.440e+00          -6.885e+00             170.967          -1.656e+01             150.887           1.976e+01     
 123.000         270.000           -6.643e+00          -7.133e+00             171.354          -1.636e+01             151.785           1.962e+01     
 122.000         270.000           -6.849e+00          -7.388e+00             171.718          -1.618e+01             152.627           1.948e+01     
 121.000         270.000           -7.058e+00          -7.651e+00             172.057          -1.600e+01             153.417           1.934e+01     
 120.000         270.000           -7.271e+00          -7.923e+00             172.372          -1.583e+01             154.158           1.921e+01     
 119.000         270.000           -7.486e+00          -8.203e+00             172.659          -1.567e+01             154.854           1.908e+01     
 118.000         270.000           -7.705e+00          -8.492e+00             172.919          -1.551e+01             155.507           1.896e+01     
 117.000         270.000           -7.928e+00          -8.792e+00             173.148          -1.536e+01             156.121           1.886e+01     
 116.000         270.000           -8.154e+00          -9.103e+00             173.347          -1.522e+01             156.698           1.876e+01     
 115.000         270.000           -8.383e+00          -9.425e+00             173.512          -1.509e+01             157.239           1.868e+01     
 114.000         270.000           -8.615e+00          -9.760e+00             173.642          -1.496e+01             157.748           1.863e+01     
 113.000         270.000           -8.851e+00          -1.011e+01             173.735          -1.484e+01             158.225           1.859e+01     
 112.000         270.000           -9.090e+00          -1.047e+01             173.788          -1.473e+01             158.673           1.858e+01     
 111.000         270.000           -9.332e+00          -1.085e+01             173.798          -1.462e+01             159.093           1.860e+01     
 110.000         270.000           -9.576e+00          -1.125e+01             173.761          -1.452e+01             159.485           1.867e+01     
 109.000         270.000           -9.824e+00          -1.167e+01             173.673          -1.443e+01             159.852           1.877e+01     
 108.000         270.000           -1.007e+01          -1.211e+01             173.530          -1.434e+01             160.194           1.893e+01     
 107.000         270.000           -1.032e+01          -1.257e+01             173.325          -1.426e+01             160.513           1.916e+01     
 106.000         270.000           -1.058e+01          -1.306e+01             173.051          -1.418e+01             160.809           1.947e+01     
 105.000         270.000           -1.083e+01          -1.359e+01             172.698          -1.410e+01             161.083           1.987e+01     
 104.000         270.000           -1.108e+01          -1.414e+01             172.256          -1.404e+01             161.336           2.039e+01     
 103.000         270.000           -1.133e+01          -1.473e+01             171.709          -1.398e+01             161.569           2.107e+01     
 102.000         270.000           -1.157e+01          -1.537e+01             171.038          -1.392e+01             161.782           2.196e+01     
 101.000         270.000           -1.182e+01          -1.606e+01             170.217          -1.387e+01             161.975           2.312e+01     
 100.000         270.000           -1.205e+01          -1.681e+01             169.211          -1.382e+01             162.149           2.470e+01     
  99.000         270.000           -1.228e+01          -1.762e+01             167.971          -1.378e+01             162.305           2.694e+01     
  98.000         270.000           -1.249e+01          -1.852e+01             166.428          -1.374e+01             162.443           3.043e+01     
  97.000         270.000           -1.269e+01          -1.952e+01             164.478          -1.371e+01             162.563           3.736e+01     
  96.000         270.000           -1.288e+01          -2.064e+01             161.964          -1.368e+01             162.666           4.000e+01     
  95.000         270.000           -1.305e+01          -2.190e+01             158.633          -1.365e+01             162.752           3.233e+01     
  94.000         270.000           -1.319e+01          -2.334e+01             154.066          -1.363e+01             162.821           2.693e+01     
  93.000         270.000           -1.331e+01          -2.499e+01             147.530          -1.362e+01             162.873           2.349e+01     
  92.000         270.000           -1.341e+01          -2.682e+01             137.744          -1.361e+01             162.909           2.097e+01     
  91.000         270.000           -1.347e+01          -2.865e+01             122.696          -1.360e+01             162.928           1.900e+01     
  90.000         270.000           -1.350e+01          -2.990e+01             100.896          -1.360e+01             162.931           1.742e+01     
  89.000         270.000           -1.350e+01          -2.972e+01              75.928          -1.361e+01             162.918           1.613e+01     
  88.000         270.000           -1.347e+01          -2.825e+01              55.338          -1.361e+01             162.888           1.508e+01     
  87.000         270.000           -1.340e+01          -2.634e+01              41.394          -1.363e+01             162.843           1.422e+01     
  86.000         270.000           -1.330e+01          -2.449e+01              32.246          -1.364e+01             162.781           1.355e+01     
  85.000         270.000           -1.317e+01          -2.285e+01              26.005          -1.366e+01             162.702           1.303e+01     
  84.000         270.000           -1.301e+01          -2.140e+01              21.518          -1.369e+01             162.608           1.265e+01     
  83.000         270.000           -1.282e+01          -2.012e+01              18.129          -1.372e+01             162.496           1.240e+01     
  82.000         270.000           -1.261e+01          -1.898e+01              15.460          -1.375e+01             162.368           1.226e+01     
  81.000         270.000           -1.238e+01          -1.796e+01              13.280          -1.379e+01             162.223           1.223e+01     
  80.000         270.000           -1.214e+01          -1.703e+01              11.446          -1.384e+01             162.061           1.228e+01     
  79.000         270.000           -1.187e+01          -1.618e+01               9.862          -1.389e+01             161.882           1.241e+01     
  78.000         270.000           -1.160e+01          -1.540e+01               8.463          -1.394e+01             161.684           1.260e+01     
  77.000         270.000           -1.131e+01          -1.467e+01               7.205          -1.400e+01             161.469           1.285e+01     
  76.000         270.000           -1.102e+01          -1.400e+01               6.054          -1.407e+01             161.235           1.315e+01     
  75.000         270.000           -1.072e+01          -1.336e+01               4.988          -1.414e+01             160.981           1.349e+01     
  74.000         270.000           -1.042e+01          -1.277e+01               3.988          -1.421e+01             160.709           1.385e+01     
  73.000         270.000           -1.011e+01          -1.220e+01               3.041          -1.429e+01             160.415           1.425e+01     
  72.000         270.000           -9.804e+00          -1.167e+01               2.136          -1.438e+01             160.101           1.466e+01     
  71.000         270.000           -9.495e+00          -1.116e+01               1.265          -1.447e+01             159.765           1.509e+01     
  70.000         270.000           -9.187e+00          -1.067e+01               0.422          -1.456e+01             159.407           1.553e+01     
  69.000         270.000           -8.879e+00          -1.021e+01             359.602          -1.467e+01             159.025           1.598e+01     
  68.000         270.000           -8.573e+00          -9.763e+00             358.801          -1.478e+01             158.618           1.644e+01     
  67.000         270.000           -8.269e+00          -9.334e+00             358.015          -1.489e+01             158.186           1.690e+01     
  66.000         270.000           -7.967e+00          -8.921e+00             357.243          -1.502e+01             157.727           1.737e+01     
  65.000         270.000           -7.667e+00          -8.522e+00             356.481          -1.514e+01             157.239           1.783e+01     
  64.000         270.000           -7.371e+00          -8.137e+00             355.729          -1.528e+01             156.721           1.829e+01     
  63.000         270.000           -7.077e+00          -7.764e+00             354.985          -1.542e+01             156.171           1.875e+01     
  62.000         270.000           -6.787e+00          -7.402e+00             354.248          -1.557e+01             155.588           1.920e+01     
  61.000         270.000           -6.500e+00          -7.051e+00             353.518          -1.573e+01             154.968           1.964e+01     
  60.000         270.000           -6.216e+00          -6.710e+00             352.794          -1.590e+01             154.309           2.007e+01     
  59.000         270.000           -5.936e+00          -6.378e+00             352.075          -1.607e+01             153.610           2.049e+01     
  58.000         270.000           -5.659e+00          -6.055e+00             351.361          -1.626e+01             152.866           2.090e+01     
  57.000         270.000           -5.386e+00          -5.739e+00             350.652          -1.645e+01             152.073           2.129e+01     
  56.000         270.000           -5.116e+00          -5.432e+00             349.949          -1.665e+01             151.229           2.166e+01     
  55.000         270.000           -4.850e+00          -5.132e+00             349.250          -1.686e+01             150.329           2.202e+01     
  54.000         270.000           -4.587e+00          -4.839e+00             348.556          -1.708e+01             149.367           2.236e+01     
  53.000         270.000           -4.328e+00          -4.552e+00             347.867          -1.731e+01             148.339           2.268e+01     
  52.000         270.000           -4.073e+00          -4.272e+00             347.183          -1.755e+01             147.238           2.298e+01     
  51.000         270.000           -3.821e+00          -3.998e+00             346.505          -1.781e+01             146.056           2.326e+01     
  50.000         270.000           -3.573e+00          -3.730e+00             345.832          -1.807e+01             144.786           2.351e+01     
  49.000         270.000           -3.328e+00          -3.468e+00             345.166          -1.834e+01             143.418           2.374e+01     
  48.000         270.000           -3.088e+00          -3.211e+00             344.505          -1.863e+01             141.943           2.395e+01     
  47.000         270.000           -2.850e+00          -2.959e+00             343.850          -1.892e+01             140.349           2.414e+01     
  46.000         270.000           -2.617e+00          -2.713e+00             343.202          -1.923e+01             138.621           2.430e+01     
  45.000         270.000           -2.387e+00          -2.472e+00             342.560          -1.955e+01             136.747           2.444e+01     
  44.000         270.000           -2.161e+00          -2.235e+00             341.926          -1.988e+01             134.710           2.456e+01     
  43.000         270.000           -1.939e+00          -2.004e+00             341.299          -2.022e+01             132.490           2.465e+01     
  42.000         270.000           -1.721e+00          -1.778e+00             340.679          -2.056e+01             130.068           2.473e+01     
  41.000         270.000           -1.506e+00          -1.556e+00             340.067          -2.091e+01             127.422           2.479e+01     
  40.000         270.000           -1.295e+00          -1.339e+00             339.462          -2.126e+01             124.530           2.483e+01     
  39.000         270.000           -1.088e+00          -1.127e+00             338.866          -2.162e+01             121.369           2.485e+01     
  38.000         270.000           -8.854e-01          -9.194e-01             338.278          -2.196e+01             117.919           2.486e+01     
  37.000         270.000           -6.864e-01          -7.165e-01             337.698          -2.230e+01             114.160           2.485e+01     
  36.000         270.000           -4.914e-01          -5.181e-01             337.127          -2.261e+01             110.081           2.483e+01     
  35.000         270.000           -3.004e-01          -3.244e-01             336.565          -2.290e+01             105.680           2.479e+01     
  34.000         270.000           -1.136e-01          -1.353e-01             336.012          -2.314e+01             100.967           2.475e+01     
  33.000         270.000            6.914e-02           4.931e-02             335.468          -2.334e+01              95.970           2.470e+01     
  32.000         270.000            2.477e-01           2.293e-01             334.933          -2.349e+01              90.737           2.464e+01     
  31.000         270.000            4.221e-01           4.047e-01             334.407          -2.357e+01              85.332           2.457e+01     
  30.000         270.000            5.922e-01           5.755e-01             333.891          -2.357e+01              79.839           2.449e+01     
  29.000         270.000            7.580e-01           7.417e-01             333.385          -2.351e+01              74.345           2.441e+01     
  28.000         270.000            9.194e-01           9.032e-01             332.887          -2.337e+01              68.940           2.433e+01     
  27.000         270.000            1.076e+00           1.060e+00             332.400          -2.317e+01              63.705           2.424e+01     
  26.000         270.000            1.229e+00           1.212e+00             331.922          -2.292e+01              58.704           2.414e+01     
  25.000         270.000            1.377e+00           1.360e+00             331.454          -2.261e+01              53.983           2.405e+01     
  24.000         270.000            1.521e+00           1.503e+00             330.996          -2.227e+01              49.569           2.395e+01     
  23.000         270.000            1.660e+00           1.641e+00             330.547          -2.191e+01              45.471           2.385e+01     
  22.000         270.000            1.795e+00           1.775e+00             330.109          -2.152e+01              41.688           2.376e+01     
  21.000         270.000            1.925e+00           1.903e+00             329.680          -2.112e+01              38.205           2.366e+01     
  20.000         270.000            2.050e+00           2.027e+00             329.261          -2.072e+01              35.005           2.356e+01     
  19.000         270.000            2.171e+00           2.146e+00             328.851          -2.032e+01              32.065           2.346e+01     
  18.000         270.000            2.287e+00           2.260e+00             328.452          -1.992e+01              29.365           2.336e+01     
  17.000         270.000            2.398e+00           2.370e+00             328.062          -1.952e+01              26.880           2.326e+01     
  16.000         270.000            2.504e+00           2.474e+00             327.682          -1.914e+01              24.589           2.317e+01     
  15.000         270.000            2.606e+00           2.574e+00             327.311          -1.876e+01              22.473           2.308e+01     
  14.000         270.000            2.702e+00           2.669e+00             326.951          -1.840e+01              20.513           2.298e+01     
  13.000         270.000            2.794e+00           2.758e+00             326.599          -1.805e+01              18.692           2.289e+01     
  12.000         270.000            2.881e+00           2.843e+00             326.258          -1.771e+01              16.997           2.280e+01     
  11.000         270.000            2.963e+00           2.923e+00             325.926          -1.738e+01              15.414           2.272e+01     
  10.000         270.000            3.041e+00           2.998e+00             325.603          -1.706e+01              13.931           2.263e+01     
   9.000         270.000            3.113e+00           3.068e+00             325.290          -1.676e+01              12.537           2.255e+01     
   8.000         270.000            3.180e+00           3.133e+00             324.986          -1.646e+01              11.225           2.247e+01     
   7.000         270.000            3.242e+00           3.192e+00             324.691          -1.618e+01               9.985           2.239e+01     
   6.000         270.000            3.300e+00           3.247e+00             324.405          -1.591e+01               8.811           2.231e+01     
   5.000         270.000            3.352e+00           3.297e+00             324.129          -1.565e+01               7.696           2.224e+01     
   4.000         270.000            3.399e+00           3.341e+00             323.862          -1.541e+01               6.635           2.217e+01     
   3.000         270.000            3.441e+00           3.381e+00             323.603          -1.517e+01               5.622           2.210e+01     
   2.000         270.000            3.478e+00           3.415e+00             323.354          -1.494e+01               4.653           2.204e+01     
   1.000         270.000            3.510e+00           3.445e+00             323.113          -1.472e+01               3.724           2.197e+01     
