#Parameters = {A_R=0.4; A_i=0; A_j=-65; A_k=0; B10_i=24; B10_j=19; B10_k=0.15; B1_i=24; B1_j=24; B1_k=6; B2_i=20; B2_j=14; B2_k=3.9; B3_i=26.8; B3_j=3; B3_k=4.3; B4_i=21; B4_j=8; B5_i=7.9; B5_j=9; B5_k=3; B6_i=7.2; B6_j=6.5; B6_k=2.1; B7_i=12.5; B7_j=6; B7_k=3; B8_i=18; B8_j=13; B8_k=2.8; B9_i=25; B9_j=24; B9_k=0.8; PV10_i=-12; PV10_j=-7; PV10_k=1.2; PV1_i=-12; PV1_j=-12; PV1_k=2.5; PV2_i=-10; PV2_j=-30.5; PV2_k=2.5; PV3_i=-13.5; PV3_j=37.5; PV3_k=0.7; PV4_i=-10; PV4_j=-45; PV4_k=1.5; PV5_i=7; PV5_j=17.5; PV5_k=3.3; PV6_i=-11.6; PV6_j=17.8; PV6_k=3.1; PV7_i=-0.5; PV7_j=28; PV7_k=3.2; PV8_i=-9; PV8_j=22; PV8_k=-1.7; PV9_i=-12.5; PV9_j=13.5; PV9_k=2.4; PVA_i=-13.2; PVA_j=37; PVA_k=0; b4_k=6}
#"Frequency / MHz"	"S1,1 [Magnitude]"
#------------------------------------
500.00000000000	0.19164409670276
502.50000000000	0.19397649592584
505.00000000000	0.19542849296806
507.50000000000	0.19600150981822
510.00000000000	0.19569955358054
512.50000000000	0.19452995002552
515.00000000000	0.19250036786076
517.50000000000	0.18962256181922
520.00000000000	0.18590936402245
522.50000000000	0.18137893756956
525.00000000000	0.17604656567205
527.50000000000	0.16993224644584
530.00000000000	0.16305793449650
532.50000000000	0.15544881461085
535.00000000000	0.14712769321080
537.50000000000	0.13812442037007
540.00000000000	0.12846877905774
542.50000000000	0.11818908834803
545.00000000000	0.10731858901275
547.50000000000	0.095890800106891
550.00000000000	0.083942145861889
552.50000000000	0.071507451941828
555.00000000000	0.058623636739091
557.50000000000	0.045331713443895
560.00000000000	0.031671097058006
562.50000000000	0.017681556930690
565.00000000000	0.0034022070402070
567.50000000000	-0.011123133354037
570.00000000000	-0.025852222648220
572.50000000000	-0.040742243550808
575.00000000000	-0.055751584004978
577.50000000000	-0.070835027552371
580.00000000000	-0.085954122688584
582.50000000000	-0.10106283657497
585.00000000000	-0.11611972403442
587.50000000000	-0.13108475149560
590.00000000000	-0.14591507947402
592.50000000000	-0.16057350100597
595.00000000000	-0.17501757835393
597.50000000000	-0.18921343912026
600.00000000000	-0.20312301484678
602.50000000000	-0.21671122396991
605.00000000000	-0.22994601783505
607.50000000000	-0.24279567136200
610.00000000000	-0.25522991058399
612.50000000000	-0.26722188380410
615.00000000000	-0.27874696508031
617.50000000000	-0.28978234112385
620.00000000000	-0.30030766830678
622.50000000000	-0.31030460229724
625.00000000000	-0.31975814786002
627.50000000000	-0.32865586447964
630.00000000000	-0.33698752514737
632.50000000000	-0.34474699340361
635.00000000000	-0.35192887581186
637.50000000000	-0.35853168623245
640.00000000000	-0.36455811007229
642.50000000000	-0.37001152561603
645.00000000000	-0.37489906149189
647.50000000000	-0.37923090295492
650.00000000000	-0.38301858699669
652.50000000000	-0.38627872390134
655.00000000000	-0.38902816374627
657.50000000000	-0.39128707444653
660.00000000000	-0.39307789509020
662.50000000000	-0.39442728449836
665.00000000000	-0.39536027599984
667.50000000000	-0.39590672956288
670.00000000000	-0.39609848563627
672.50000000000	-0.39596767835948
675.00000000000	-0.39554976974207
677.50000000000	-0.39487983834284
680.00000000000	-0.39399566122745
682.50000000000	-0.39293640688639
685.00000000000	-0.39174206369748
687.50000000000	-0.39045194018076
690.00000000000	-0.38911014867982
692.50000000000	-0.38775649300216
695.00000000000	-0.38643424409248
697.50000000000	-0.38518715212443
700.00000000000	-0.38405811134185
702.50000000000	-0.38309073017019
705.00000000000	-0.38232817021287
707.50000000000	-0.38181304806612
710.00000000000	-0.38159014733437
712.50000000000	-0.38170160880113
715.00000000000	-0.38218960121331
717.50000000000	-0.38309594955108
720.00000000000	-0.38446241066761
722.50000000000	-0.38632895236133
725.00000000000	-0.38873544726792
727.50000000000	-0.39172069785677
730.00000000000	-0.39532302734247
732.50000000000	-0.39957882780610
735.00000000000	-0.40452578527194
737.50000000000	-0.41019701508061
740.00000000000	-0.41662748147314
742.50000000000	-0.42384956913483
745.00000000000	-0.43189633950886
747.50000000000	-0.44079573328629
750.00000000000	-0.45057727036683
752.50000000000	-0.46127029545579
755.00000000000	-0.47290080992037
757.50000000000	-0.48549347262124
760.00000000000	-0.49907289006295
762.50000000000	-0.51366128807293
765.00000000000	-0.52928009578692
767.50000000000	-0.54594881882682
770.00000000000	-0.56368593937176
772.50000000000	-0.58250925276255
775.00000000000	-0.60243351354173
777.50000000000	-0.62347263503069
780.00000000000	-0.64564006846576
782.50000000000	-0.66894880244396
785.00000000000	-0.69340489209069
787.50000000000	-0.71902014394300
790.00000000000	-0.74580033457712
792.50000000000	-0.77374944760432
795.00000000000	-0.80287326123991
797.50000000000	-0.83317316836241
800.00000000000	-0.86465060882019
802.50000000000	-0.89730523776020
805.00000000000	-0.93113318134672
807.50000000000	-0.96613092952870
810.00000000000	-1.0022933725851
812.50000000000	-1.0396128322894
815.00000000000	-1.0780804501356
817.50000000000	-1.1176856064015
820.00000000000	-1.1584162782580
822.50000000000	-1.2002567135355
825.00000000000	-1.2431932620685
827.50000000000	-1.2872053610614
830.00000000000	-1.3322748160304
832.50000000000	-1.3783824330261
835.00000000000	-1.4254990354216
837.50000000000	-1.4736037343705
840.00000000000	-1.5226660870456
842.50000000000	-1.5726598318628
845.00000000000	-1.6235492391642
847.50000000000	-1.6753039617332
850.00000000000	-1.7278871004669
852.50000000000	-1.7812601161300
855.00000000000	-1.8353822648006
857.50000000000	-1.8902122442794
860.00000000000	-1.9457056674282
862.50000000000	-2.0018152347297
865.00000000000	-2.0584940761509
867.50000000000	-2.1156863871466
870.00000000000	-2.1733433757401
872.50000000000	-2.2314059387561
875.00000000000	-2.2898196915557
877.50000000000	-2.3485218709963
880.00000000000	-2.4074529782652
882.50000000000	-2.4665466069029
885.00000000000	-2.5257403277487
887.50000000000	-2.5849632224376
890.00000000000	-2.6441479680695
892.50000000000	-2.7032228634240
895.00000000000	-2.7621161937048
897.50000000000	-2.8207540849416
900.00000000000	-2.8790614218128
902.50000000000	-2.9369629541031
905.00000000000	-2.9943816244849
907.50000000000	-3.0512397278064
910.00000000000	-3.1074631296687
912.50000000000	-3.1629702609457
915.00000000000	-3.2176844118833
917.50000000000	-3.2715331849694
920.00000000000	-3.3244357319045
922.50000000000	-3.3763199103450
925.00000000000	-3.4271119350718
927.50000000000	-3.4767411513004
930.00000000000	-3.5251356800144
932.50000000000	-3.5722303182672
935.00000000000	-3.6179597217107
937.50000000000	-3.6622648814480
940.00000000000	-3.7050848375457
942.50000000000	-3.7463663152776
945.00000000000	-3.7860588494736
947.50000000000	-3.8241155945924
950.00000000000	-3.8604977204827
952.50000000000	-3.8951636753752
955.00000000000	-3.9280852449002
957.50000000000	-3.9592321513411
960.00000000000	-3.9885850002517
962.50000000000	-4.0161258552374
965.00000000000	-4.0418423450140
967.50000000000	-4.0657305717664
970.00000000000	-4.0877891815626
972.50000000000	-4.1080209110706
975.00000000000	-4.1264375138176
977.50000000000	-4.1430541631639
980.00000000000	-4.1578905156445
982.50000000000	-4.1709713900702
985.00000000000	-4.1823242741539
987.50000000000	-4.1919851763569
990.00000000000	-4.1999911917791
992.50000000000	-4.2063846989818
995.00000000000	-4.2112088951184
997.50000000000	-4.2145153685664
1000.0000000000	-4.2163513278966
1002.5000000000	-4.2167732959965
1005.0000000000	-4.2158381913958
1007.5000000000	-4.2136030381104
1010.0000000000	-4.2101259757671
1012.5000000000	-4.2054685868605
1015.0000000000	-4.1996947521055
1017.5000000000	-4.1928639358032
1020.0000000000	-4.1850412178967
1022.5000000000	-4.1762882215714
1025.0000000000	-4.1666671539010
1027.5000000000	-4.1562429857817
1030.0000000000	-4.1450757416329
1032.5000000000	-4.1332242661264
1035.0000000000	-4.1207514531363
1037.5000000000	-4.1077130521133
1040.0000000000	-4.0941685989663
1042.5000000000	-4.0801704039974
1045.0000000000	-4.0657750229192
1047.5000000000	-4.0510311307043
1050.0000000000	-4.0359915775566
1052.5000000000	-4.0207015791366
1055.0000000000	-4.0052107686588
1057.5000000000	-3.9895581979821
1060.0000000000	-3.9737894563379
1062.5000000000	-3.9579413557077
1065.0000000000	-3.9420529251700
1067.5000000000	-3.9261578526711
1070.0000000000	-3.9102903299923
1072.5000000000	-3.8944784469305
1075.0000000000	-3.8787548433473
1077.5000000000	-3.8631426384678
1080.0000000000	-3.8476660551247
1082.5000000000	-3.8323492924862
1085.0000000000	-3.8172118371334
1087.5000000000	-3.8022717945403
1090.0000000000	-3.7875460226528
1092.5000000000	-3.7730470128614
1095.0000000000	-3.7587915938789
1097.5000000000	-3.7447861722119
1100.0000000000	-3.7310430782848
1102.5000000000	-3.7175684056845
1105.0000000000	-3.7043706614620
1107.5000000000	-3.6914525891346
1110.0000000000	-3.6788177391473
1112.5000000000	-3.6664691998077
1115.0000000000	-3.6544057140911
1117.5000000000	-3.6426292673381
1120.0000000000	-3.6311386424768
1122.5000000000	-3.6199281711440
1125.0000000000	-3.6089985588554
1127.5000000000	-3.5983422484589
1130.0000000000	-3.5879551838758
1132.5000000000	-3.5778311120727
1135.0000000000	-3.5679645316581
1137.5000000000	-3.5583461556613
1140.0000000000	-3.5489703916855
1142.5000000000	-3.5398296272350
1145.0000000000	-3.5309112213313
1147.5000000000	-3.5222110512140
1150.0000000000	-3.5137162450394
1152.5000000000	-3.5054182546209
1155.0000000000	-3.4973074675764
1157.5000000000	-3.4893748708280
1160.0000000000	-3.4816088118042
1162.5000000000	-3.4740015037824
1165.0000000000	-3.4665417917583
1167.5000000000	-3.4592200102138
1170.0000000000	-3.4520283092266
1172.5000000000	-3.4449544722118
1175.0000000000	-3.4379899623159
1177.5000000000	-3.4311280810916
1180.0000000000	-3.4243586965383
1182.5000000000	-3.4176740406885
1185.0000000000	-3.4110640719744
1187.5000000000	-3.4045247940098
1190.0000000000	-3.3980462173856
1192.5000000000	-3.3916254645429
1195.0000000000	-3.3852529650945
1197.5000000000	-3.3789240696683
1200.0000000000	-3.3726353016764
1202.5000000000	-3.3663811846015
1205.0000000000	-3.3601571645419
1207.5000000000	-3.3539608184979
1210.0000000000	-3.3477891873502
1212.5000000000	-3.3416408639680
1215.0000000000	-3.3355126340765
1217.5000000000	-3.3294038422302
1220.0000000000	-3.3233160053475
1222.5000000000	-3.3172463417932
1225.0000000000	-3.3111983090542
1227.5000000000	-3.3051713386954
1230.0000000000	-3.2991667610209
1232.5000000000	-3.2931884802579
1235.0000000000	-3.2872376448856
1237.5000000000	-3.2813187730164
1240.0000000000	-3.2754349005993
1242.5000000000	-3.2695906649054
1245.0000000000	-3.2637887213142
1247.5000000000	-3.2580362936852
1250.0000000000	-3.2523371588408
1252.5000000000	-3.2466979860985
1255.0000000000	-3.2411228780907
1257.5000000000	-3.2356188885363
1260.0000000000	-3.2301931018523
1262.5000000000	-3.2248516699412
1265.0000000000	-3.2196000460226
1267.5000000000	-3.2144464833885
1270.0000000000	-3.2093979173378
1272.5000000000	-3.2044613988232
1275.0000000000	-3.1996417863392
1277.5000000000	-3.1949501690396
1280.0000000000	-3.1903914752320
1282.5000000000	-3.1859715209257
1285.0000000000	-3.1816983911636
1287.5000000000	-3.1775801166142
1290.0000000000	-3.1736221407144
1292.5000000000	-3.1698315561567
1295.0000000000	-3.1662159265664
1297.5000000000	-3.1627785036268
1300.0000000000	-3.1595262286122
1302.5000000000	-3.1564666371803
1305.0000000000	-3.1536038385944
1307.5000000000	-3.1509432037882
1310.0000000000	-3.1484904028072
1312.5000000000	-3.1462474368668
1315.0000000000	-3.1442208250817
1317.5000000000	-3.1424135252418
1320.0000000000	-3.1408299490642
1322.5000000000	-3.1394704234398
1325.0000000000	-3.1383399484197
1327.5000000000	-3.1374405416248
1330.0000000000	-3.1367714993340
1332.5000000000	-3.1363368561909
1335.0000000000	-3.1361364222556
1337.5000000000	-3.1361704912164
1340.0000000000	-3.1364396819904
1342.5000000000	-3.1369421315600
1345.0000000000	-3.1376782689993
1347.5000000000	-3.1386458515483
1350.0000000000	-3.1398438553132
1352.5000000000	-3.1412687481360
1355.0000000000	-3.1429189849599
1357.5000000000	-3.1447903144640
1360.0000000000	-3.1468805463887
1362.5000000000	-3.1491835122149
1365.0000000000	-3.1516952548885
1367.5000000000	-3.1544138346417
1370.0000000000	-3.1573299744247
1372.5000000000	-3.1604405097163
1375.0000000000	-3.1637388285853
1377.5000000000	-3.1672171343914
1380.0000000000	-3.1708713577844
1382.5000000000	-3.1746930954414
1385.0000000000	-3.1786745874125
1387.5000000000	-3.1828091389232
1390.0000000000	-3.1870870630207
1392.5000000000	-3.1915032798793
1395.0000000000	-3.1960475174292
1397.5000000000	-3.2007109640558
1400.0000000000	-3.2054850606311
1402.5000000000	-3.2103623670142
1405.0000000000	-3.2153318063744
1407.5000000000	-3.2203857252749
1410.0000000000	-3.2255145243611
1412.5000000000	-3.2307076263007
1415.0000000000	-3.2359572225909
1417.5000000000	-3.2412542281937
1420.0000000000	-3.2465878432451
1422.5000000000	-3.2519503575316
1425.0000000000	-3.2573308837976
1427.5000000000	-3.2627213341197
1430.0000000000	-3.2681112221733
1432.5000000000	-3.2734938866782
1435.0000000000	-3.2788594304017
1437.5000000000	-3.2841979504467
1440.0000000000	-3.2895023810602
1442.5000000000	-3.2947648542032
1445.0000000000	-3.2999758251412
1447.5000000000	-3.3051271728918
1450.0000000000	-3.3102143727097
1452.5000000000	-3.3152290128505
1455.0000000000	-3.3201617813122
1457.5000000000	-3.3250092983824
1460.0000000000	-3.3297634315367
1462.5000000000	-3.3344174786066
1465.0000000000	-3.3389675651080
1467.5000000000	-3.3434096913886
1470.0000000000	-3.3477359036093
1472.5000000000	-3.3519433687022
1475.0000000000	-3.3560276062023
1477.5000000000	-3.3599855045077
1480.0000000000	-3.3638129945591
1482.5000000000	-3.3675089361053
1485.0000000000	-3.3710674065037
1487.5000000000	-3.3744900002167
1490.0000000000	-3.3777727894473
1492.5000000000	-3.3809139801824
1495.0000000000	-3.3839139213791
1497.5000000000	-3.3867735877455
1500.0000000000	-3.3894876698077
1502.5000000000	-3.3920606766739
1505.0000000000	-3.3944908349096
1507.5000000000	-3.3967800880846
1510.0000000000	-3.3989294586767
1512.5000000000	-3.4009390817616
1515.0000000000	-3.4028128020549
1517.5000000000	-3.4045489717811
1520.0000000000	-3.4061519684102
1522.5000000000	-3.4076245143614
1525.0000000000	-3.4089684658020
1527.5000000000	-3.4101855762246
1530.0000000000	-3.4112798038936
1532.5000000000	-3.4122550099358
1535.0000000000	-3.4131126746940
1537.5000000000	-3.4138557293634
1540.0000000000	-3.4144900951456
1542.5000000000	-3.4150162549083
1545.0000000000	-3.4154384585819
1547.5000000000	-3.4157616635281
1550.0000000000	-3.4159884692101
1552.5000000000	-3.4161198892420
1555.0000000000	-3.4161630280556
1557.5000000000	-3.4161180433871
1560.0000000000	-3.4159911928185
1562.5000000000	-3.4157833303155
1565.0000000000	-3.4154975818694
1567.5000000000	-3.4151370483032
1570.0000000000	-3.4147063425885
1572.5000000000	-3.4142054571644
1575.0000000000	-3.4136374353719
1577.5000000000	-3.4130045430278
1580.0000000000	-3.4123098034339
1582.5000000000	-3.4115539266103
1585.0000000000	-3.4107376230964
1587.5000000000	-3.4098646578306
1590.0000000000	-3.4089341992508
1592.5000000000	-3.4079469442677
1595.0000000000	-3.4069058825161
1597.5000000000	-3.4058086352817
1600.0000000000	-3.4046559020779
1602.5000000000	-3.4034483581206
1605.0000000000	-3.4021851489423
1607.5000000000	-3.4008654259368
1610.0000000000	-3.3994883162492
1612.5000000000	-3.3980529415475
1615.0000000000	-3.3965576547908
1617.5000000000	-3.3950015423197
1620.0000000000	-3.3933806228704
1622.5000000000	-3.3916947106375
1625.0000000000	-3.3899397968816
1627.5000000000	-3.3881163907615
1630.0000000000	-3.3862188689061
1632.5000000000	-3.3842454019335
1635.0000000000	-3.3821933401082
1637.5000000000	-3.3800584733500
1640.0000000000	-3.3778380518919
1642.5000000000	-3.3755292584150
1645.0000000000	-3.3731269792149
1647.5000000000	-3.3706282331666
1650.0000000000	-3.3680300649004
1652.5000000000	-3.3653278572747
1655.0000000000	-3.3625184197971
1657.5000000000	-3.3595970254127
1660.0000000000	-3.3565602705369
1662.5000000000	-3.3534055236178
1665.0000000000	-3.3501269411636
1667.5000000000	-3.3467231602251
1670.0000000000	-3.3431881365661
1672.5000000000	-3.3395202804004
1675.0000000000	-3.3357163247032
1677.5000000000	-3.3317721874004
1680.0000000000	-3.3276850970615
1682.5000000000	-3.3234514591151
1685.0000000000	-3.3190697661537
1687.5000000000	-3.3145376638749
1690.0000000000	-3.3098518919013
1692.5000000000	-3.3050096949393
1695.0000000000	-3.3000128925454
1697.5000000000	-3.2948562350118
1700.0000000000	-3.2895418583607
1702.5000000000	-3.2840658006778
1705.0000000000	-3.2784291146554
1707.5000000000	-3.2726313180294
1710.0000000000	-3.2666731344461
1712.5000000000	-3.2605544916784
1715.0000000000	-3.2542758403490
1717.5000000000	-3.2478398046612
1720.0000000000	-3.2412442415283
1722.5000000000	-3.2344952174413
1725.0000000000	-3.2275940562206
1727.5000000000	-3.2205419545024
1730.0000000000	-3.2133407955030
1732.5000000000	-3.2059958616992
1735.0000000000	-3.1985109464641
1737.5000000000	-3.1908881605332
1740.0000000000	-3.1831338355064
1742.5000000000	-3.1752513671606
1745.0000000000	-3.1672462262026
1747.5000000000	-3.1591227788018
1750.0000000000	-3.1508863636589
1752.5000000000	-3.1425439572845
1755.0000000000	-3.1340999528345
1757.5000000000	-3.1255627131017
1760.0000000000	-3.1169369876697
1762.5000000000	-3.1082293213277
1765.0000000000	-3.0994489692855
1767.5000000000	-3.0906014261512
1770.0000000000	-3.0816934940304
1772.5000000000	-3.0727334351666
1775.0000000000	-3.0637286004835
1777.5000000000	-3.0546875022417
1780.0000000000	-3.0456161695367
1782.5000000000	-3.0365244788637
1785.0000000000	-3.0274186525438
1787.5000000000	-3.0183082161005
1790.0000000000	-3.0091992831796
1792.5000000000	-3.0001016077704
1795.0000000000	-2.9910226128945
1797.5000000000	-2.9819690874758
1800.0000000000	-2.9729503461324
1802.5000000000	-2.9639735495163
1805.0000000000	-2.9550467197973
1807.5000000000	-2.9461770237826
1810.0000000000	-2.9373716661462
1812.5000000000	-2.9286394459100
1815.0000000000	-2.9199856825563
1817.5000000000	-2.9114181880316
1820.0000000000	-2.9029435821433
1822.5000000000	-2.8945691588645
1825.0000000000	-2.8862995637175
1827.5000000000	-2.8781412249374
1830.0000000000	-2.8701020837280
1832.5000000000	-2.8621862468630
1835.0000000000	-2.8543981698135
1837.5000000000	-2.8467453101104
1840.0000000000	-2.8392303812453
1842.5000000000	-2.8318583777735
1845.0000000000	-2.8246335093332
1847.5000000000	-2.8175593757832
1850.0000000000	-2.8106411878092
1852.5000000000	-2.8038813603448
1855.0000000000	-2.7972809749061
1857.5000000000	-2.7908465656552
1860.0000000000	-2.7845759823814
1862.5000000000	-2.7784759954424
1865.0000000000	-2.7725441233654
1867.5000000000	-2.7667835938945
1870.0000000000	-2.7611963340633
1872.5000000000	-2.7557815732268
1875.0000000000	-2.7505399570221
1877.5000000000	-2.7454744201782
1880.0000000000	-2.7405810468932
1882.5000000000	-2.7358619303317
1885.0000000000	-2.7313160367861
1887.5000000000	-2.7269405509370
1890.0000000000	-2.7227365802314
1892.5000000000	-2.7187042629226
1895.0000000000	-2.7148374596147
1897.5000000000	-2.7111371878793
1900.0000000000	-2.7075990665542
1902.5000000000	-2.7042257331294
1905.0000000000	-2.7010104719015
1907.5000000000	-2.6979506521977
1910.0000000000	-2.6950464682168
1912.5000000000	-2.6922930892402
1915.0000000000	-2.6896871264388
1917.5000000000	-2.6872285481217
1920.0000000000	-2.6849094754482
1922.5000000000	-2.6827287218421
1925.0000000000	-2.6806843545822
1927.5000000000	-2.6787710012689
1930.0000000000	-2.6769876731775
1932.5000000000	-2.6753281749498
1935.0000000000	-2.6737897528618
1937.5000000000	-2.6723719942818
1940.0000000000	-2.6710690549375
1942.5000000000	-2.6698765561922
1945.0000000000	-2.6687944475483
1947.5000000000	-2.6678178622929
1950.0000000000	-2.6669437828520
1952.5000000000	-2.6661705786172
1955.0000000000	-2.6654966203922
1957.5000000000	-2.6649154386823
1960.0000000000	-2.6644281321104
1962.5000000000	-2.6640325761777
1965.0000000000	-2.6637252329488
1967.5000000000	-2.6635065760549
1970.0000000000	-2.6633740171258
1972.5000000000	-2.6633259978702
1975.0000000000	-2.6633638595776
1977.5000000000	-2.6634834518193
1980.0000000000	-2.6636880049896
1982.5000000000	-2.6639753266257
1985.0000000000	-2.6643471898506
1987.5000000000	-2.6648023154648
1990.0000000000	-2.6653428016366
1992.5000000000	-2.6659713725829
1995.0000000000	-2.6666855304378
1997.5000000000	-2.6674903270985
2000.0000000000	-2.6683876011648
2002.5000000000	-2.6693777750150
2005.0000000000	-2.6704654516332
2007.5000000000	-2.6716545396854
2010.0000000000	-2.6729457378991
2012.5000000000	-2.6743448781048
2015.0000000000	-2.6758537556183
2017.5000000000	-2.6774786597766
2020.0000000000	-2.6792238641127
2022.5000000000	-2.6810934228568
2025.0000000000	-2.6830910614662
2027.5000000000	-2.6852239613293
2030.0000000000	-2.6874974392546
2032.5000000000	-2.6899169844502
2035.0000000000	-2.6924869488744
2037.5000000000	-2.6952153906444
2040.0000000000	-2.6981076915252
2042.5000000000	-2.7011692019227
2045.0000000000	-2.7044075169698
2047.5000000000	-2.7078282237073
2050.0000000000	-2.7114387063323
2052.5000000000	-2.7152459863733
2055.0000000000	-2.7192551912345
2057.5000000000	-2.7234745201515
2060.0000000000	-2.7279099274592
2062.5000000000	-2.7325673428414
2065.0000000000	-2.7374559320072
2067.5000000000	-2.7425786579889
2070.0000000000	-2.7479444885956
2072.5000000000	-2.7535589819423
2075.0000000000	-2.7594274102930
2077.5000000000	-2.7655570537749
2080.0000000000	-2.7719526285516
2082.5000000000	-2.7786202790055
2085.0000000000	-2.7855634068689
2087.5000000000	-2.7927889535669
2090.0000000000	-2.8003015295293
2092.5000000000	-2.8081035673371
2095.0000000000	-2.8162006797642
2097.5000000000	-2.8245958361005
2100.0000000000	-2.8332907575100
2102.5000000000	-2.8422902094800
2105.0000000000	-2.8515944328010
2107.5000000000	-2.8612057327125
2110.0000000000	-2.8711253406351
2112.5000000000	-2.8813545244767
2115.0000000000	-2.8918918394986
2117.5000000000	-2.9027369548630
2120.0000000000	-2.9138905493992
2122.5000000000	-2.9253471627255
2125.0000000000	-2.9371088991265
2127.5000000000	-2.9491674426560
2130.0000000000	-2.9615230715676
2132.5000000000	-2.9741696857181
2135.0000000000	-2.9871010285302
2137.5000000000	-3.0003119806930
2140.0000000000	-3.0137954804862
2142.5000000000	-3.0275435918024
2145.0000000000	-3.0415495996883
2147.5000000000	-3.0557997833920
2150.0000000000	-3.0702896095419
2152.5000000000	-3.0850046731794
2155.0000000000	-3.0999329064230
2157.5000000000	-3.1150646080382
2160.0000000000	-3.1303822693264
2162.5000000000	-3.1458745685970
2165.0000000000	-3.1615257111973
2167.5000000000	-3.1773196182804
2170.0000000000	-3.1932376370982
2172.5000000000	-3.2092643959420
2175.0000000000	-3.2253806429615
2177.5000000000	-3.2415666195947
2180.0000000000	-3.2578013764980
2182.5000000000	-3.2740656012381
2185.0000000000	-3.2903366732640
2187.5000000000	-3.3065917235663
2190.0000000000	-3.3228075005016
2192.5000000000	-3.3389612622206
2195.0000000000	-3.3550268889391
2197.5000000000	-3.3709792456406
2200.0000000000	-3.3867937706681
2202.5000000000	-3.4024451820217
2205.0000000000	-3.4179031464426
2207.5000000000	-3.4331435023988
2210.0000000000	-3.4481380237641
2212.5000000000	-3.4628584312386
2215.0000000000	-3.4772746008803
2217.5000000000	-3.4913620423388
2220.0000000000	-3.5050922668102
2222.5000000000	-3.5184323195679
2225.0000000000	-3.5313571983615
2227.5000000000	-3.5438403797256
2230.0000000000	-3.5558490283979
2232.5000000000	-3.5673586466965
2235.0000000000	-3.5783406882113
2237.5000000000	-3.5887697652881
2240.0000000000	-3.5986162535765
2242.5000000000	-3.6078576420151
2245.0000000000	-3.6164664638580
2247.5000000000	-3.6244192057071
2250.0000000000	-3.6316930103005
2252.5000000000	-3.6382647654832
2255.0000000000	-3.6441131689659
2257.5000000000	-3.6492181034161
2260.0000000000	-3.6535614689406
2262.5000000000	-3.6571247795182
2265.0000000000	-3.6598906735711
2267.5000000000	-3.6618448597935
2270.0000000000	-3.6629746532037
2272.5000000000	-3.6632681569481
2275.0000000000	-3.6627131397937
2277.5000000000	-3.6613037235851
2280.0000000000	-3.6590309296834
2282.5000000000	-3.6558901700935
2285.0000000000	-3.6518777467564
2287.5000000000	-3.6469925558615
2290.0000000000	-3.6412330112022
2292.5000000000	-3.6346019418690
2295.0000000000	-3.6271034146807
2297.5000000000	-3.6187416151933
2300.0000000000	-3.6095218769426
2302.5000000000	-3.5994565903384
2305.0000000000	-3.5885521446300
2307.5000000000	-3.5768220187959
2310.0000000000	-3.5642793642022
2312.5000000000	-3.5509416038512
2315.0000000000	-3.5368189923115
2317.5000000000	-3.5219355090616
2320.0000000000	-3.5063069513822
2322.5000000000	-3.4899539235774
2325.0000000000	-3.4728979781083
2327.5000000000	-3.4551595733204
2330.0000000000	-3.4367650892654
2332.5000000000	-3.4177384725036
2335.0000000000	-3.3981034560863
2337.5000000000	-3.3778854721579
2340.0000000000	-3.3571117893239
2342.5000000000	-3.3358109909076
2345.0000000000	-3.3140061968786
2347.5000000000	-3.2917306706195
2350.0000000000	-3.2690076303425
2352.5000000000	-3.2458706786519
2355.0000000000	-3.2223422602469
2357.5000000000	-3.1984557428548
2360.0000000000	-3.1742356640654
2362.5000000000	-3.1497111692883
2365.0000000000	-3.1249137059148
2367.5000000000	-3.0998667662854
2370.0000000000	-3.0746010731259
2372.5000000000	-3.0491416166503
2375.0000000000	-3.0235166881510
2377.5000000000	-2.9977524111600
2380.0000000000	-2.9718710285391
2382.5000000000	-2.9459028030789
2385.0000000000	-2.9198696956949
2387.5000000000	-2.8937943722012
2390.0000000000	-2.8677022603293
2392.5000000000	-2.8416117057882
2395.0000000000	-2.8155491629370
2397.5000000000	-2.7895332379386
2400.0000000000	-2.7635830984537
2402.5000000000	-2.7377172599625
2405.0000000000	-2.7119572512550
2407.5000000000	-2.6863173925887
2410.0000000000	-2.6608146466669
2412.5000000000	-2.6354650491986
2415.0000000000	-2.6102829668842
2417.5000000000	-2.5852838503178
2420.0000000000	-2.5604775316980
2422.5000000000	-2.5358781681386
2425.0000000000	-2.5114979024279
2427.5000000000	-2.4873439720395
2430.0000000000	-2.4634281917882
2432.5000000000	-2.4397590382257
2435.0000000000	-2.4163422167576
2437.5000000000	-2.3931858194317
2440.0000000000	-2.3702979589971
2442.5000000000	-2.3476802901855
2445.0000000000	-2.3253387832857
2447.5000000000	-2.3032778480590
2450.0000000000	-2.2814997990777
2452.5000000000	-2.2600062873664
2455.0000000000	-2.2387996222013
2457.5000000000	-2.2178796416003
2460.0000000000	-2.1972480273320
2462.5000000000	-2.1769039447094
2465.0000000000	-2.1568459115280
2467.5000000000	-2.1370709627863
2470.0000000000	-2.1175794950485
2472.5000000000	-2.0983673152822
2475.0000000000	-2.0794313288959
2477.5000000000	-2.0607684147587
2480.0000000000	-2.0423732672354
2482.5000000000	-2.0242422274990
2485.0000000000	-2.0063708552393
2487.5000000000	-1.9887525664985
2490.0000000000	-1.9713833058531
2492.5000000000	-1.9542563087699
2495.0000000000	-1.9373650607315
2497.5000000000	-1.9207030212133
2500.0000000000	-1.9042647434462
2502.5000000000	-1.8880439438003
2505.0000000000	-1.8720332629151
2507.5000000000	-1.8562242139480
2510.0000000000	-1.8406107944988
2512.5000000000	-1.8251874862413
2515.0000000000	-1.8099454652170
2517.5000000000	-1.7948773046187
2520.0000000000	-1.7799783782209
2522.5000000000	-1.7652400381854
2525.0000000000	-1.7506553797129
2527.5000000000	-1.7362179373468
2530.0000000000	-1.7219211235931
2532.5000000000	-1.7077592970463
2535.0000000000	-1.6937270984866
2537.5000000000	-1.6798165673520
2540.0000000000	-1.6660229048315
2542.5000000000	-1.6523412163543
2545.0000000000	-1.6387655880611
2547.5000000000	-1.6252929579083
2550.0000000000	-1.6119173765997
2552.5000000000	-1.5986352697656
2555.0000000000	-1.5854427319675
2557.5000000000	-1.5723376407862
2560.0000000000	-1.5593157351509
2562.5000000000	-1.5463764475076
2565.0000000000	-1.5335149332337
2567.5000000000	-1.5207329260350
2570.0000000000	-1.5080271541470
2572.5000000000	-1.4953979541116
2575.0000000000	-1.4828441977062
2577.5000000000	-1.4703660586622
2580.0000000000	-1.4579656558887
2582.5000000000	-1.4456426217717
2585.0000000000	-1.4333986243393
2587.5000000000	-1.4212366651599
2590.0000000000	-1.4091592703586
2592.5000000000	-1.3971669798013
2595.0000000000	-1.3852663714978
2597.5000000000	-1.3734575111241
2600.0000000000	-1.3617473864513
2602.5000000000	-1.3501400291274
2605.0000000000	-1.3386387061508
2607.5000000000	-1.3272511836315
2610.0000000000	-1.3159813961544
2612.5000000000	-1.3048354395414
2615.0000000000	-1.2938186219258
2617.5000000000	-1.2829393656737
2620.0000000000	-1.2722020982707
2622.5000000000	-1.2616161601572
2625.0000000000	-1.2511885030218
2627.5000000000	-1.2409245100333
2630.0000000000	-1.2308332233392
2632.5000000000	-1.2209227783143
2635.0000000000	-1.2112009178829
2637.5000000000	-1.2016752108770
2640.0000000000	-1.1923547801442
2642.5000000000	-1.1832467781166
2645.0000000000	-1.1743594568374
2647.5000000000	-1.1657014240080
2650.0000000000	-1.1572821848133
2652.5000000000	-1.1491076065045
2655.0000000000	-1.1411875880841
2657.5000000000	-1.1335295196082
2660.0000000000	-1.1261433206158
2662.5000000000	-1.1190343725378
2665.0000000000	-1.1122110510357
2667.5000000000	-1.1056822770083
2670.0000000000	-1.0994537657936
2672.5000000000	-1.0935361133839
2675.0000000000	-1.0879319773317
2677.5000000000	-1.0826519934648
2680.0000000000	-1.0777006641603
2682.5000000000	-1.0730845244059
2685.0000000000	-1.0688108285147
2687.5000000000	-1.0648837126655
2690.0000000000	-1.0613103668637
2692.5000000000	-1.0580941041291
2695.0000000000	-1.0552406728525
2697.5000000000	-1.0527558110543
2700.0000000000	-1.0506399067998
2702.5000000000	-1.0489016796645
2705.0000000000	-1.0475401796430
2707.5000000000	-1.0465593790849
2710.0000000000	-1.0459629876348
2712.5000000000	-1.0457540570988
2715.0000000000	-1.0459317648483
2717.5000000000	-1.0464981517205
2720.0000000000	-1.0474542829858
2722.5000000000	-1.0488011197890
2725.0000000000	-1.0505385167747
2727.5000000000	-1.0526662329824
2730.0000000000	-1.0551828579617
2732.5000000000	-1.0580884116531
2735.0000000000	-1.0613806066316
2737.5000000000	-1.0650564859574
2740.0000000000	-1.0691145515860
2742.5000000000	-1.0735528983617
2745.0000000000	-1.0783659211479
2747.5000000000	-1.0835527221626
2750.0000000000	-1.0891084681951
2752.5000000000	-1.0950283074884
2755.0000000000	-1.1013062787547
2757.5000000000	-1.1079400544853
2760.0000000000	-1.1149230469450
2762.5000000000	-1.1222490425074
2765.0000000000	-1.1299130307980
2767.5000000000	-1.1379092473664
2770.0000000000	-1.1462287786575
2772.5000000000	-1.1548689578004
2775.0000000000	-1.1638190557917
2777.5000000000	-1.1730735881839
2780.0000000000	-1.1826246444455
2782.5000000000	-1.1924660910527
2785.0000000000	-1.2025896837698
2787.5000000000	-1.2129871135798
2790.0000000000	-1.2236512031625
2792.5000000000	-1.2345746131095
2795.0000000000	-1.2457478153343
2797.5000000000	-1.2571654056065
2800.0000000000	-1.2688170807431
2802.5000000000	-1.2806978856513
2805.0000000000	-1.2927981860323
2807.5000000000	-1.3051100367528
2810.0000000000	-1.3176282428570
2812.5000000000	-1.3303441273077
2815.0000000000	-1.3432520265618
2817.5000000000	-1.3563430262847
2820.0000000000	-1.3696130885950
2822.5000000000	-1.3830552299352
2825.0000000000	-1.3966637316941
2827.5000000000	-1.4104325480585
2830.0000000000	-1.4243571631242
2832.5000000000	-1.4384322672932
2835.0000000000	-1.4526553254984
2837.5000000000	-1.4670211105789
2840.0000000000	-1.4815283052289
2842.5000000000	-1.4961704283116
2845.0000000000	-1.5109504095267
2847.5000000000	-1.5258622324731
2850.0000000000	-1.5409074949128
2852.5000000000	-1.5560861810408
2855.0000000000	-1.5713966162080
2857.5000000000	-1.5868416794681
2860.0000000000	-1.6024219755721
2862.5000000000	-1.6181395396610
2865.0000000000	-1.6339978596386
2867.5000000000	-1.6500000053583
2870.0000000000	-1.6661517586501
2872.5000000000	-1.6824572440250
2875.0000000000	-1.6989214375740
2877.5000000000	-1.7155520746041
2880.0000000000	-1.7323571607588
2882.5000000000	-1.7493424515897
2885.0000000000	-1.7665171671860
2887.5000000000	-1.7838914906796
2890.0000000000	-1.8014753325713
2892.5000000000	-1.8192789894863
2895.0000000000	-1.8373138308237
2897.5000000000	-1.8555929363752
2900.0000000000	-1.8741273738771
2902.5000000000	-1.8929332001637
2905.0000000000	-1.9120213172003
2907.5000000000	-1.9314070850043
2910.0000000000	-1.9511072595975
2912.5000000000	-1.9711373407256
2915.0000000000	-1.9915117200732
2917.5000000000	-2.0122489132591
2920.0000000000	-2.0333650317100
2922.5000000000	-2.0548792225501
2925.0000000000	-2.0768090039552
2927.5000000000	-2.0991730393280
2930.0000000000	-2.1219892056412
2932.5000000000	-2.1452792115108
2935.0000000000	-2.1690615978710
2937.5000000000	-2.1933560990176
2940.0000000000	-2.2181828372694
2942.5000000000	-2.2435640453744
2945.0000000000	-2.2695174714948
2947.5000000000	-2.2960673277036
2950.0000000000	-2.3232338204477
2952.5000000000	-2.3510376696158
2955.0000000000	-2.3795002883753
2957.5000000000	-2.4086431455387
2960.0000000000	-2.4384885792824
2962.5000000000	-2.4690585016370
2965.0000000000	-2.5003740825446
2967.5000000000	-2.5324558204671
2970.0000000000	-2.5653275353768
2972.5000000000	-2.5990099317271
2975.0000000000	-2.6335234677439
2977.5000000000	-2.6688915304840
2980.0000000000	-2.7051340269859
2982.5000000000	-2.7422731173751
2985.0000000000	-2.7803280627570
2987.5000000000	-2.8193223355455
2990.0000000000	-2.8592744674732
2992.5000000000	-2.9002061602657
2995.0000000000	-2.9421372234993
2997.5000000000	-2.9850880173907
3000.0000000000	-3.0290777627849
