Theta [deg.]  Phi   [deg.]  Abs(Dir.)[dBi   ]   Abs(Theta)[dBi   ]  Phase(Theta)[deg.]  Abs(Phi  )[dBi   ]  Phase(Phi  )[deg.]  Ax.Ratio[dB    ]    
------------------------------------------------------------------------------------------------------------------------------------------------------
   0.000           0.000            3.537e+00          -1.451e+01               2.831           3.469e+00             142.882           2.191e+01     
   0.000           1.000            3.537e+00          -1.545e+01               8.508           3.482e+00             142.963           2.191e+01     
   0.000           2.000            3.537e+00          -1.638e+01              15.549           3.493e+00             143.043           2.191e+01     
   0.000           3.000            3.537e+00          -1.724e+01              24.212           3.501e+00             143.124           2.191e+01     
   0.000           4.000            3.537e+00          -1.793e+01              34.594           3.506e+00             143.204           2.191e+01     
   0.000           5.000            3.537e+00          -1.834e+01              46.399           3.509e+00             143.284           2.191e+01     
   0.000           6.000            3.537e+00          -1.836e+01              58.812           3.509e+00             143.365           2.191e+01     
   0.000           7.000            3.537e+00          -1.800e+01              70.740           3.507e+00             143.445           2.191e+01     
   0.000           8.000            3.537e+00          -1.733e+01              81.314           3.502e+00             143.525           2.191e+01     
   0.000           9.000            3.537e+00          -1.648e+01              90.180           3.494e+00             143.606           2.191e+01     
   0.000          10.000            3.537e+00          -1.556e+01              97.399           3.484e+00             143.686           2.191e+01     
   0.000          11.000            3.537e+00          -1.462e+01             103.222           3.471e+00             143.767           2.191e+01     
   0.000          12.000            3.537e+00          -1.372e+01             107.929           3.455e+00             143.848           2.191e+01     
   0.000          13.000            3.537e+00          -1.285e+01             111.767           3.437e+00             143.930           2.191e+01     
   0.000          14.000            3.537e+00          -1.204e+01             114.932           3.416e+00             144.011           2.191e+01     
   0.000          15.000            3.537e+00          -1.128e+01             117.572           3.392e+00             144.094           2.191e+01     
   0.000          16.000            3.537e+00          -1.057e+01             119.801           3.366e+00             144.176           2.191e+01     
   0.000          17.000            3.537e+00          -9.907e+00             121.704           3.336e+00             144.259           2.191e+01     
   0.000          18.000            3.537e+00          -9.284e+00             123.344           3.305e+00             144.343           2.191e+01     
   0.000          19.000            3.537e+00          -8.700e+00             124.772           3.270e+00             144.428           2.191e+01     
   0.000          20.000            3.537e+00          -8.151e+00             126.024           3.233e+00             144.513           2.191e+01     
   0.000          21.000            3.537e+00          -7.633e+00             127.132           3.192e+00             144.599           2.191e+01     
   0.000          22.000            3.537e+00          -7.144e+00             128.119           3.149e+00             144.685           2.191e+01     
   0.000          23.000            3.537e+00          -6.681e+00             129.003           3.104e+00             144.773           2.191e+01     
   0.000          24.000            3.537e+00          -6.243e+00             129.800           3.055e+00             144.862           2.191e+01     
   0.000          25.000            3.537e+00          -5.827e+00             130.523           3.003e+00             144.951           2.191e+01     
   0.000          26.000            3.537e+00          -5.431e+00             131.181           2.949e+00             145.042           2.191e+01     
   0.000          27.000            3.537e+00          -5.054e+00             131.783           2.891e+00             145.134           2.191e+01     
   0.000          28.000            3.537e+00          -4.694e+00             132.336           2.830e+00             145.227           2.191e+01     
   0.000          29.000            3.537e+00          -4.351e+00             132.846           2.767e+00             145.322           2.191e+01     
   0.000          30.000            3.537e+00          -4.022e+00             133.318           2.700e+00             145.417           2.191e+01     
   0.000          31.000            3.537e+00          -3.708e+00             133.756           2.630e+00             145.515           2.191e+01     
   0.000          32.000            3.537e+00          -3.406e+00             134.164           2.557e+00             145.614           2.191e+01     
   0.000          33.000            3.537e+00          -3.117e+00             134.546           2.480e+00             145.715           2.191e+01     
   0.000          34.000            3.537e+00          -2.839e+00             134.903           2.401e+00             145.817           2.191e+01     
   0.000          35.000            3.537e+00          -2.572e+00             135.239           2.317e+00             145.922           2.191e+01     
   0.000          36.000            3.537e+00          -2.316e+00             135.555           2.231e+00             146.029           2.191e+01     
   0.000          37.000            3.537e+00          -2.069e+00             135.853           2.141e+00             146.137           2.191e+01     
   0.000          38.000            3.537e+00          -1.831e+00             136.135           2.047e+00             146.249           2.191e+01     
   0.000          39.000            3.537e+00          -1.602e+00             136.402           1.950e+00             146.362           2.191e+01     
   0.000          40.000            3.537e+00          -1.382e+00             136.656           1.849e+00             146.478           2.191e+01     
   0.000          41.000            3.537e+00          -1.169e+00             136.898           1.744e+00             146.597           2.191e+01     
   0.000          42.000            3.537e+00          -9.637e-01             137.128           1.635e+00             146.719           2.191e+01     
   0.000          43.000            3.537e+00          -7.656e-01             137.347           1.522e+00             146.845           2.191e+01     
   0.000          44.000            3.537e+00          -5.745e-01             137.557           1.405e+00             146.973           2.191e+01     
   0.000          45.000            3.537e+00          -3.899e-01             137.758           1.284e+00             147.105           2.191e+01     
   0.000          46.000            3.537e+00          -2.116e-01             137.951           1.158e+00             147.241           2.191e+01     
   0.000          47.000            3.537e+00          -3.946e-02             138.137           1.028e+00             147.381           2.191e+01     
   0.000          48.000            3.537e+00           1.268e-01             138.315           8.937e-01             147.525           2.191e+01     
   0.000          49.000            3.537e+00           2.875e-01             138.486           7.543e-01             147.674           2.191e+01     
   0.000          50.000            3.537e+00           4.427e-01             138.652           6.100e-01             147.828           2.191e+01     
   0.000          51.000            3.537e+00           5.927e-01             138.812           4.606e-01             147.987           2.191e+01     
   0.000          52.000            3.537e+00           7.376e-01             138.966           3.060e-01             148.152           2.191e+01     
   0.000          53.000            3.537e+00           8.776e-01             139.116           1.460e-01             148.323           2.191e+01     
   0.000          54.000            3.537e+00           1.013e+00             139.260          -1.963e-02             148.500           2.191e+01     
   0.000          55.000            3.537e+00           1.143e+00             139.401          -1.911e-01             148.685           2.191e+01     
   0.000          56.000            3.537e+00           1.269e+00             139.537          -3.686e-01             148.877           2.191e+01     
   0.000          57.000            3.537e+00           1.391e+00             139.670          -5.525e-01             149.077           2.191e+01     
   0.000          58.000            3.537e+00           1.509e+00             139.799          -7.428e-01             149.286           2.191e+01     
   0.000          59.000            3.537e+00           1.622e+00             139.924          -9.401e-01             149.504           2.191e+01     
   0.000          60.000            3.537e+00           1.731e+00             140.047          -1.144e+00             149.733           2.191e+01     
   0.000          61.000            3.537e+00           1.837e+00             140.166          -1.356e+00             149.973           2.191e+01     
   0.000          62.000            3.537e+00           1.938e+00             140.283          -1.576e+00             150.226           2.191e+01     
   0.000          63.000            3.537e+00           2.036e+00             140.396          -1.804e+00             150.491           2.191e+01     
   0.000          64.000            3.537e+00           2.130e+00             140.508          -2.041e+00             150.771           2.191e+01     
   0.000          65.000            3.537e+00           2.220e+00             140.617          -2.286e+00             151.068           2.191e+01     
   0.000          66.000            3.537e+00           2.307e+00             140.724          -2.542e+00             151.381           2.191e+01     
   0.000          67.000            3.537e+00           2.391e+00             140.829          -2.807e+00             151.715           2.191e+01     
   0.000          68.000            3.537e+00           2.471e+00             140.931          -3.084e+00             152.069           2.191e+01     
   0.000          69.000            3.537e+00           2.548e+00             141.032          -3.372e+00             152.448           2.191e+01     
   0.000          70.000            3.537e+00           2.622e+00             141.132          -3.672e+00             152.853           2.191e+01     
   0.000          71.000            3.537e+00           2.692e+00             141.229          -3.984e+00             153.288           2.191e+01     
   0.000          72.000            3.537e+00           2.759e+00             141.325          -4.311e+00             153.755           2.191e+01     
   0.000          73.000            3.537e+00           2.823e+00             141.420          -4.653e+00             154.261           2.191e+01     
   0.000          74.000            3.537e+00           2.884e+00             141.513          -5.011e+00             154.808           2.191e+01     
   0.000          75.000            3.537e+00           2.942e+00             141.606          -5.386e+00             155.404           2.191e+01     
   0.000          76.000            3.537e+00           2.997e+00             141.696          -5.779e+00             156.055           2.191e+01     
   0.000          77.000            3.537e+00           3.049e+00             141.786          -6.193e+00             156.769           2.191e+01     
   0.000          78.000            3.537e+00           3.098e+00             141.875          -6.629e+00             157.557           2.191e+01     
   0.000          79.000            3.537e+00           3.144e+00             141.963          -7.088e+00             158.430           2.191e+01     
   0.000          80.000            3.537e+00           3.188e+00             142.049          -7.574e+00             159.404           2.191e+01     
   0.000          81.000            3.537e+00           3.228e+00             142.135          -8.088e+00             160.497           2.191e+01     
   0.000          82.000            3.537e+00           3.266e+00             142.221          -8.634e+00             161.731           2.191e+01     
   0.000          83.000            3.537e+00           3.301e+00             142.305          -9.214e+00             163.136           2.191e+01     
   0.000          84.000            3.537e+00           3.333e+00             142.389          -9.832e+00             164.749           2.191e+01     
   0.000          85.000            3.537e+00           3.362e+00             142.472          -1.049e+01             166.618           2.191e+01     
   0.000          86.000            3.537e+00           3.389e+00             142.555          -1.120e+01             168.805           2.191e+01     
   0.000          87.000            3.537e+00           3.413e+00             142.637          -1.195e+01             171.392           2.191e+01     
   0.000          88.000            3.537e+00           3.434e+00             142.719          -1.276e+01             174.488           2.191e+01     
   0.000          89.000            3.537e+00           3.453e+00             142.801          -1.361e+01             178.238           2.191e+01     
   0.000          90.000            3.537e+00           3.469e+00             142.882          -1.451e+01             182.831           2.191e+01     
   0.000          91.000            3.537e+00           3.482e+00             142.963          -1.545e+01             188.508           2.191e+01     
   0.000          92.000            3.537e+00           3.493e+00             143.043          -1.638e+01             195.549           2.191e+01     
   0.000          93.000            3.537e+00           3.501e+00             143.124          -1.724e+01             204.212           2.191e+01     
   0.000          94.000            3.537e+00           3.506e+00             143.204          -1.793e+01             214.594           2.191e+01     
   0.000          95.000            3.537e+00           3.509e+00             143.284          -1.834e+01             226.399           2.191e+01     
   0.000          96.000            3.537e+00           3.509e+00             143.365          -1.836e+01             238.812           2.191e+01     
   0.000          97.000            3.537e+00           3.507e+00             143.445          -1.800e+01             250.740           2.191e+01     
   0.000          98.000            3.537e+00           3.502e+00             143.525          -1.733e+01             261.314           2.191e+01     
   0.000          99.000            3.537e+00           3.494e+00             143.606          -1.648e+01             270.180           2.191e+01     
   0.000         100.000            3.537e+00           3.484e+00             143.686          -1.556e+01             277.399           2.191e+01     
   0.000         101.000            3.537e+00           3.471e+00             143.767          -1.462e+01             283.222           2.191e+01     
   0.000         102.000            3.537e+00           3.455e+00             143.848          -1.372e+01             287.929           2.191e+01     
   0.000         103.000            3.537e+00           3.437e+00             143.930          -1.285e+01             291.767           2.191e+01     
   0.000         104.000            3.537e+00           3.416e+00             144.011          -1.204e+01             294.932           2.191e+01     
   0.000         105.000            3.537e+00           3.392e+00             144.094          -1.128e+01             297.572           2.191e+01     
   0.000         106.000            3.537e+00           3.366e+00             144.176          -1.057e+01             299.801           2.191e+01     
   0.000         107.000            3.537e+00           3.336e+00             144.259          -9.907e+00             301.704           2.191e+01     
   0.000         108.000            3.537e+00           3.305e+00             144.343          -9.284e+00             303.344           2.191e+01     
   0.000         109.000            3.537e+00           3.270e+00             144.428          -8.700e+00             304.772           2.191e+01     
   0.000         110.000            3.537e+00           3.233e+00             144.513          -8.151e+00             306.024           2.191e+01     
   0.000         111.000            3.537e+00           3.192e+00             144.599          -7.633e+00             307.132           2.191e+01     
   0.000         112.000            3.537e+00           3.149e+00             144.685          -7.144e+00             308.119           2.191e+01     
   0.000         113.000            3.537e+00           3.104e+00             144.773          -6.681e+00             309.003           2.191e+01     
   0.000         114.000            3.537e+00           3.055e+00             144.862          -6.243e+00             309.800           2.191e+01     
   0.000         115.000            3.537e+00           3.003e+00             144.951          -5.827e+00             310.523           2.191e+01     
   0.000         116.000            3.537e+00           2.949e+00             145.042          -5.431e+00             311.181           2.191e+01     
   0.000         117.000            3.537e+00           2.891e+00             145.134          -5.054e+00             311.783           2.191e+01     
   0.000         118.000            3.537e+00           2.830e+00             145.227          -4.694e+00             312.336           2.191e+01     
   0.000         119.000            3.537e+00           2.767e+00             145.322          -4.351e+00             312.846           2.191e+01     
   0.000         120.000            3.537e+00           2.700e+00             145.417          -4.022e+00             313.318           2.191e+01     
   0.000         121.000            3.537e+00           2.630e+00             145.515          -3.708e+00             313.756           2.191e+01     
   0.000         122.000            3.537e+00           2.557e+00             145.614          -3.406e+00             314.164           2.191e+01     
   0.000         123.000            3.537e+00           2.480e+00             145.715          -3.117e+00             314.546           2.191e+01     
   0.000         124.000            3.537e+00           2.401e+00             145.817          -2.839e+00             314.903           2.191e+01     
   0.000         125.000            3.537e+00           2.317e+00             145.922          -2.572e+00             315.239           2.191e+01     
   0.000         126.000            3.537e+00           2.231e+00             146.029          -2.316e+00             315.555           2.191e+01     
   0.000         127.000            3.537e+00           2.141e+00             146.137          -2.069e+00             315.853           2.191e+01     
   0.000         128.000            3.537e+00           2.047e+00             146.249          -1.831e+00             316.135           2.191e+01     
   0.000         129.000            3.537e+00           1.950e+00             146.362          -1.602e+00             316.402           2.191e+01     
   0.000         130.000            3.537e+00           1.849e+00             146.478          -1.382e+00             316.656           2.191e+01     
   0.000         131.000            3.537e+00           1.744e+00             146.597          -1.169e+00             316.898           2.191e+01     
   0.000         132.000            3.537e+00           1.635e+00             146.719          -9.637e-01             317.128           2.191e+01     
   0.000         133.000            3.537e+00           1.522e+00             146.845          -7.656e-01             317.347           2.191e+01     
   0.000         134.000            3.537e+00           1.405e+00             146.973          -5.745e-01             317.557           2.191e+01     
   0.000         135.000            3.537e+00           1.284e+00             147.105          -3.899e-01             317.758           2.191e+01     
   0.000         136.000            3.537e+00           1.158e+00             147.241          -2.116e-01             317.951           2.191e+01     
   0.000         137.000            3.537e+00           1.028e+00             147.381          -3.946e-02             318.137           2.191e+01     
   0.000         138.000            3.537e+00           8.937e-01             147.525           1.268e-01             318.315           2.191e+01     
   0.000         139.000            3.537e+00           7.543e-01             147.674           2.875e-01             318.486           2.191e+01     
   0.000         140.000            3.537e+00           6.100e-01             147.828           4.427e-01             318.652           2.191e+01     
   0.000         141.000            3.537e+00           4.606e-01             147.987           5.927e-01             318.812           2.191e+01     
   0.000         142.000            3.537e+00           3.060e-01             148.152           7.376e-01             318.966           2.191e+01     
   0.000         143.000            3.537e+00           1.460e-01             148.323           8.776e-01             319.116           2.191e+01     
   0.000         144.000            3.537e+00          -1.963e-02             148.500           1.013e+00             319.260           2.191e+01     
   0.000         145.000            3.537e+00          -1.911e-01             148.685           1.143e+00             319.401           2.191e+01     
   0.000         146.000            3.537e+00          -3.686e-01             148.877           1.269e+00             319.537           2.191e+01     
   0.000         147.000            3.537e+00          -5.525e-01             149.077           1.391e+00             319.670           2.191e+01     
   0.000         148.000            3.537e+00          -7.428e-01             149.286           1.509e+00             319.799           2.191e+01     
   0.000         149.000            3.537e+00          -9.401e-01             149.504           1.622e+00             319.924           2.191e+01     
   0.000         150.000            3.537e+00          -1.144e+00             149.733           1.731e+00             320.047           2.191e+01     
   0.000         151.000            3.537e+00          -1.356e+00             149.973           1.837e+00             320.166           2.191e+01     
   0.000         152.000            3.537e+00          -1.576e+00             150.226           1.938e+00             320.283           2.191e+01     
   0.000         153.000            3.537e+00          -1.804e+00             150.491           2.036e+00             320.396           2.191e+01     
   0.000         154.000            3.537e+00          -2.041e+00             150.771           2.130e+00             320.508           2.191e+01     
   0.000         155.000            3.537e+00          -2.286e+00             151.068           2.220e+00             320.617           2.191e+01     
   0.000         156.000            3.537e+00          -2.542e+00             151.381           2.307e+00             320.724           2.191e+01     
   0.000         157.000            3.537e+00          -2.807e+00             151.715           2.391e+00             320.829           2.191e+01     
   0.000         158.000            3.537e+00          -3.084e+00             152.069           2.471e+00             320.931           2.191e+01     
   0.000         159.000            3.537e+00          -3.372e+00             152.448           2.548e+00             321.032           2.191e+01     
   0.000         160.000            3.537e+00          -3.672e+00             152.853           2.622e+00             321.132           2.191e+01     
   0.000         161.000            3.537e+00          -3.984e+00             153.288           2.692e+00             321.229           2.191e+01     
   0.000         162.000            3.537e+00          -4.311e+00             153.755           2.759e+00             321.325           2.191e+01     
   0.000         163.000            3.537e+00          -4.653e+00             154.261           2.823e+00             321.420           2.191e+01     
   0.000         164.000            3.537e+00          -5.011e+00             154.808           2.884e+00             321.513           2.191e+01     
   0.000         165.000            3.537e+00          -5.386e+00             155.404           2.942e+00             321.606           2.191e+01     
   0.000         166.000            3.537e+00          -5.779e+00             156.055           2.997e+00             321.696           2.191e+01     
   0.000         167.000            3.537e+00          -6.193e+00             156.769           3.049e+00             321.786           2.191e+01     
   0.000         168.000            3.537e+00          -6.629e+00             157.557           3.098e+00             321.875           2.191e+01     
   0.000         169.000            3.537e+00          -7.088e+00             158.430           3.144e+00             321.963           2.191e+01     
   0.000         170.000            3.537e+00          -7.574e+00             159.404           3.188e+00             322.049           2.191e+01     
   0.000         171.000            3.537e+00          -8.088e+00             160.497           3.228e+00             322.135           2.191e+01     
   0.000         172.000            3.537e+00          -8.634e+00             161.731           3.266e+00             322.221           2.191e+01     
   0.000         173.000            3.537e+00          -9.214e+00             163.136           3.301e+00             322.305           2.191e+01     
   0.000         174.000            3.537e+00          -9.832e+00             164.749           3.333e+00             322.389           2.191e+01     
   0.000         175.000            3.537e+00          -1.049e+01             166.618           3.362e+00             322.472           2.191e+01     
   0.000         176.000            3.537e+00          -1.120e+01             168.805           3.389e+00             322.555           2.191e+01     
   0.000         177.000            3.537e+00          -1.195e+01             171.392           3.413e+00             322.637           2.191e+01     
   0.000         178.000            3.537e+00          -1.276e+01             174.488           3.434e+00             322.719           2.191e+01     
   0.000         179.000            3.537e+00          -1.361e+01             178.238           3.453e+00             322.801           2.191e+01     
   0.000         180.000            3.537e+00          -1.451e+01             182.831           3.469e+00             322.882           2.191e+01     
   0.000         181.000            3.537e+00          -1.545e+01             188.508           3.482e+00             322.963           2.191e+01     
   0.000         182.000            3.537e+00          -1.638e+01             195.549           3.493e+00             323.043           2.191e+01     
   0.000         183.000            3.537e+00          -1.724e+01             204.212           3.501e+00             323.124           2.191e+01     
   0.000         184.000            3.537e+00          -1.793e+01             214.594           3.506e+00             323.204           2.191e+01     
   0.000         185.000            3.537e+00          -1.834e+01             226.399           3.509e+00             323.284           2.191e+01     
   0.000         186.000            3.537e+00          -1.836e+01             238.812           3.509e+00             323.365           2.191e+01     
   0.000         187.000            3.537e+00          -1.800e+01             250.740           3.507e+00             323.445           2.191e+01     
   0.000         188.000            3.537e+00          -1.733e+01             261.314           3.502e+00             323.525           2.191e+01     
   0.000         189.000            3.537e+00          -1.648e+01             270.180           3.494e+00             323.606           2.191e+01     
   0.000         190.000            3.537e+00          -1.556e+01             277.399           3.484e+00             323.686           2.191e+01     
   0.000         191.000            3.537e+00          -1.462e+01             283.222           3.471e+00             323.767           2.191e+01     
   0.000         192.000            3.537e+00          -1.372e+01             287.929           3.455e+00             323.848           2.191e+01     
   0.000         193.000            3.537e+00          -1.285e+01             291.767           3.437e+00             323.930           2.191e+01     
   0.000         194.000            3.537e+00          -1.204e+01             294.932           3.416e+00             324.011           2.191e+01     
   0.000         195.000            3.537e+00          -1.128e+01             297.572           3.392e+00             324.094           2.191e+01     
   0.000         196.000            3.537e+00          -1.057e+01             299.801           3.366e+00             324.176           2.191e+01     
   0.000         197.000            3.537e+00          -9.907e+00             301.704           3.336e+00             324.259           2.191e+01     
   0.000         198.000            3.537e+00          -9.284e+00             303.344           3.305e+00             324.343           2.191e+01     
   0.000         199.000            3.537e+00          -8.700e+00             304.772           3.270e+00             324.428           2.191e+01     
   0.000         200.000            3.537e+00          -8.151e+00             306.024           3.233e+00             324.513           2.191e+01     
   0.000         201.000            3.537e+00          -7.633e+00             307.132           3.192e+00             324.599           2.191e+01     
   0.000         202.000            3.537e+00          -7.144e+00             308.119           3.149e+00             324.685           2.191e+01     
   0.000         203.000            3.537e+00          -6.681e+00             309.003           3.104e+00             324.773           2.191e+01     
   0.000         204.000            3.537e+00          -6.243e+00             309.800           3.055e+00             324.862           2.191e+01     
   0.000         205.000            3.537e+00          -5.827e+00             310.523           3.003e+00             324.951           2.191e+01     
   0.000         206.000            3.537e+00          -5.431e+00             311.181           2.949e+00             325.042           2.191e+01     
   0.000         207.000            3.537e+00          -5.054e+00             311.783           2.891e+00             325.134           2.191e+01     
   0.000         208.000            3.537e+00          -4.694e+00             312.336           2.830e+00             325.227           2.191e+01     
   0.000         209.000            3.537e+00          -4.351e+00             312.846           2.767e+00             325.322           2.191e+01     
   0.000         210.000            3.537e+00          -4.022e+00             313.318           2.700e+00             325.417           2.191e+01     
   0.000         211.000            3.537e+00          -3.708e+00             313.756           2.630e+00             325.515           2.191e+01     
   0.000         212.000            3.537e+00          -3.406e+00             314.164           2.557e+00             325.614           2.191e+01     
   0.000         213.000            3.537e+00          -3.117e+00             314.546           2.480e+00             325.715           2.191e+01     
   0.000         214.000            3.537e+00          -2.839e+00             314.903           2.401e+00             325.817           2.191e+01     
   0.000         215.000            3.537e+00          -2.572e+00             315.239           2.317e+00             325.922           2.191e+01     
   0.000         216.000            3.537e+00          -2.316e+00             315.555           2.231e+00             326.029           2.191e+01     
   0.000         217.000            3.537e+00          -2.069e+00             315.853           2.141e+00             326.137           2.191e+01     
   0.000         218.000            3.537e+00          -1.831e+00             316.135           2.047e+00             326.249           2.191e+01     
   0.000         219.000            3.537e+00          -1.602e+00             316.402           1.950e+00             326.362           2.191e+01     
   0.000         220.000            3.537e+00          -1.382e+00             316.656           1.849e+00             326.478           2.191e+01     
   0.000         221.000            3.537e+00          -1.169e+00             316.898           1.744e+00             326.597           2.191e+01     
   0.000         222.000            3.537e+00          -9.637e-01             317.128           1.635e+00             326.719           2.191e+01     
   0.000         223.000            3.537e+00          -7.656e-01             317.347           1.522e+00             326.845           2.191e+01     
   0.000         224.000            3.537e+00          -5.745e-01             317.557           1.405e+00             326.973           2.191e+01     
   0.000         225.000            3.537e+00          -3.899e-01             317.758           1.284e+00             327.105           2.191e+01     
   0.000         226.000            3.537e+00          -2.116e-01             317.951           1.158e+00             327.241           2.191e+01     
   0.000         227.000            3.537e+00          -3.946e-02             318.137           1.028e+00             327.381           2.191e+01     
   0.000         228.000            3.537e+00           1.268e-01             318.315           8.937e-01             327.525           2.191e+01     
   0.000         229.000            3.537e+00           2.875e-01             318.486           7.543e-01             327.674           2.191e+01     
   0.000         230.000            3.537e+00           4.427e-01             318.652           6.100e-01             327.828           2.191e+01     
   0.000         231.000            3.537e+00           5.927e-01             318.812           4.606e-01             327.987           2.191e+01     
   0.000         232.000            3.537e+00           7.376e-01             318.966           3.060e-01             328.152           2.191e+01     
   0.000         233.000            3.537e+00           8.776e-01             319.116           1.460e-01             328.323           2.191e+01     
   0.000         234.000            3.537e+00           1.013e+00             319.260          -1.963e-02             328.500           2.191e+01     
   0.000         235.000            3.537e+00           1.143e+00             319.401          -1.911e-01             328.685           2.191e+01     
   0.000         236.000            3.537e+00           1.269e+00             319.537          -3.686e-01             328.877           2.191e+01     
   0.000         237.000            3.537e+00           1.391e+00             319.670          -5.525e-01             329.077           2.191e+01     
   0.000         238.000            3.537e+00           1.509e+00             319.799          -7.428e-01             329.286           2.191e+01     
   0.000         239.000            3.537e+00           1.622e+00             319.924          -9.401e-01             329.504           2.191e+01     
   0.000         240.000            3.537e+00           1.731e+00             320.047          -1.144e+00             329.733           2.191e+01     
   0.000         241.000            3.537e+00           1.837e+00             320.166          -1.356e+00             329.973           2.191e+01     
   0.000         242.000            3.537e+00           1.938e+00             320.283          -1.576e+00             330.226           2.191e+01     
   0.000         243.000            3.537e+00           2.036e+00             320.396          -1.804e+00             330.491           2.191e+01     
   0.000         244.000            3.537e+00           2.130e+00             320.508          -2.041e+00             330.771           2.191e+01     
   0.000         245.000            3.537e+00           2.220e+00             320.617          -2.286e+00             331.068           2.191e+01     
   0.000         246.000            3.537e+00           2.307e+00             320.724          -2.542e+00             331.381           2.191e+01     
   0.000         247.000            3.537e+00           2.391e+00             320.829          -2.807e+00             331.715           2.191e+01     
   0.000         248.000            3.537e+00           2.471e+00             320.931          -3.084e+00             332.069           2.191e+01     
   0.000         249.000            3.537e+00           2.548e+00             321.032          -3.372e+00             332.448           2.191e+01     
   0.000         250.000            3.537e+00           2.622e+00             321.132          -3.672e+00             332.853           2.191e+01     
   0.000         251.000            3.537e+00           2.692e+00             321.229          -3.984e+00             333.288           2.191e+01     
   0.000         252.000            3.537e+00           2.759e+00             321.325          -4.311e+00             333.755           2.191e+01     
   0.000         253.000            3.537e+00           2.823e+00             321.420          -4.653e+00             334.261           2.191e+01     
   0.000         254.000            3.537e+00           2.884e+00             321.513          -5.011e+00             334.808           2.191e+01     
   0.000         255.000            3.537e+00           2.942e+00             321.606          -5.386e+00             335.404           2.191e+01     
   0.000         256.000            3.537e+00           2.997e+00             321.696          -5.779e+00             336.055           2.191e+01     
   0.000         257.000            3.537e+00           3.049e+00             321.786          -6.193e+00             336.769           2.191e+01     
   0.000         258.000            3.537e+00           3.098e+00             321.875          -6.629e+00             337.557           2.191e+01     
   0.000         259.000            3.537e+00           3.144e+00             321.963          -7.088e+00             338.430           2.191e+01     
   0.000         260.000            3.537e+00           3.188e+00             322.049          -7.574e+00             339.404           2.191e+01     
   0.000         261.000            3.537e+00           3.228e+00             322.135          -8.088e+00             340.497           2.191e+01     
   0.000         262.000            3.537e+00           3.266e+00             322.221          -8.634e+00             341.731           2.191e+01     
   0.000         263.000            3.537e+00           3.301e+00             322.305          -9.214e+00             343.136           2.191e+01     
   0.000         264.000            3.537e+00           3.333e+00             322.389          -9.832e+00             344.749           2.191e+01     
   0.000         265.000            3.537e+00           3.362e+00             322.472          -1.049e+01             346.618           2.191e+01     
   0.000         266.000            3.537e+00           3.389e+00             322.555          -1.120e+01             348.805           2.191e+01     
   0.000         267.000            3.537e+00           3.413e+00             322.637          -1.195e+01             351.392           2.191e+01     
   0.000         268.000            3.537e+00           3.434e+00             322.719          -1.276e+01             354.488           2.191e+01     
   0.000         269.000            3.537e+00           3.453e+00             322.801          -1.361e+01             358.238           2.191e+01     
   0.000         270.000            3.537e+00           3.469e+00             322.882          -1.451e+01               2.831           2.191e+01     
   0.000         271.000            3.537e+00           3.482e+00             322.963          -1.545e+01               8.508           2.191e+01     
   0.000         272.000            3.537e+00           3.493e+00             323.043          -1.638e+01              15.549           2.191e+01     
   0.000         273.000            3.537e+00           3.501e+00             323.124          -1.724e+01              24.212           2.191e+01     
   0.000         274.000            3.537e+00           3.506e+00             323.204          -1.793e+01              34.594           2.191e+01     
   0.000         275.000            3.537e+00           3.509e+00             323.284          -1.834e+01              46.399           2.191e+01     
   0.000         276.000            3.537e+00           3.509e+00             323.365          -1.836e+01              58.812           2.191e+01     
   0.000         277.000            3.537e+00           3.507e+00             323.445          -1.800e+01              70.740           2.191e+01     
   0.000         278.000            3.537e+00           3.502e+00             323.525          -1.733e+01              81.314           2.191e+01     
   0.000         279.000            3.537e+00           3.494e+00             323.606          -1.648e+01              90.180           2.191e+01     
   0.000         280.000            3.537e+00           3.484e+00             323.686          -1.556e+01              97.399           2.191e+01     
   0.000         281.000            3.537e+00           3.471e+00             323.767          -1.462e+01             103.222           2.191e+01     
   0.000         282.000            3.537e+00           3.455e+00             323.848          -1.372e+01             107.929           2.191e+01     
   0.000         283.000            3.537e+00           3.437e+00             323.930          -1.285e+01             111.767           2.191e+01     
   0.000         284.000            3.537e+00           3.416e+00             324.011          -1.204e+01             114.932           2.191e+01     
   0.000         285.000            3.537e+00           3.392e+00             324.094          -1.128e+01             117.572           2.191e+01     
   0.000         286.000            3.537e+00           3.366e+00             324.176          -1.057e+01             119.801           2.191e+01     
   0.000         287.000            3.537e+00           3.336e+00             324.259          -9.907e+00             121.704           2.191e+01     
   0.000         288.000            3.537e+00           3.305e+00             324.343          -9.284e+00             123.344           2.191e+01     
   0.000         289.000            3.537e+00           3.270e+00             324.428          -8.700e+00             124.772           2.191e+01     
   0.000         290.000            3.537e+00           3.233e+00             324.513          -8.151e+00             126.024           2.191e+01     
   0.000         291.000            3.537e+00           3.192e+00             324.599          -7.633e+00             127.132           2.191e+01     
   0.000         292.000            3.537e+00           3.149e+00             324.685          -7.144e+00             128.119           2.191e+01     
   0.000         293.000            3.537e+00           3.104e+00             324.773          -6.681e+00             129.003           2.191e+01     
   0.000         294.000            3.537e+00           3.055e+00             324.862          -6.243e+00             129.800           2.191e+01     
   0.000         295.000            3.537e+00           3.003e+00             324.951          -5.827e+00             130.523           2.191e+01     
   0.000         296.000            3.537e+00           2.949e+00             325.042          -5.431e+00             131.181           2.191e+01     
   0.000         297.000            3.537e+00           2.891e+00             325.134          -5.054e+00             131.783           2.191e+01     
   0.000         298.000            3.537e+00           2.830e+00             325.227          -4.694e+00             132.336           2.191e+01     
   0.000         299.000            3.537e+00           2.767e+00             325.322          -4.351e+00             132.846           2.191e+01     
   0.000         300.000            3.537e+00           2.700e+00             325.417          -4.022e+00             133.318           2.191e+01     
   0.000         301.000            3.537e+00           2.630e+00             325.515          -3.708e+00             133.756           2.191e+01     
   0.000         302.000            3.537e+00           2.557e+00             325.614          -3.406e+00             134.164           2.191e+01     
   0.000         303.000            3.537e+00           2.480e+00             325.715          -3.117e+00             134.546           2.191e+01     
   0.000         304.000            3.537e+00           2.401e+00             325.817          -2.839e+00             134.903           2.191e+01     
   0.000         305.000            3.537e+00           2.317e+00             325.922          -2.572e+00             135.239           2.191e+01     
   0.000         306.000            3.537e+00           2.231e+00             326.029          -2.316e+00             135.555           2.191e+01     
   0.000         307.000            3.537e+00           2.141e+00             326.137          -2.069e+00             135.853           2.191e+01     
   0.000         308.000            3.537e+00           2.047e+00             326.249          -1.831e+00             136.135           2.191e+01     
   0.000         309.000            3.537e+00           1.950e+00             326.362          -1.602e+00             136.402           2.191e+01     
   0.000         310.000            3.537e+00           1.849e+00             326.478          -1.382e+00             136.656           2.191e+01     
   0.000         311.000            3.537e+00           1.744e+00             326.597          -1.169e+00             136.898           2.191e+01     
   0.000         312.000            3.537e+00           1.635e+00             326.719          -9.637e-01             137.128           2.191e+01     
   0.000         313.000            3.537e+00           1.522e+00             326.845          -7.656e-01             137.347           2.191e+01     
   0.000         314.000            3.537e+00           1.405e+00             326.973          -5.745e-01             137.557           2.191e+01     
   0.000         315.000            3.537e+00           1.284e+00             327.105          -3.899e-01             137.758           2.191e+01     
   0.000         316.000            3.537e+00           1.158e+00             327.241          -2.116e-01             137.951           2.191e+01     
   0.000         317.000            3.537e+00           1.028e+00             327.381          -3.946e-02             138.137           2.191e+01     
   0.000         318.000            3.537e+00           8.937e-01             327.525           1.268e-01             138.315           2.191e+01     
   0.000         319.000            3.537e+00           7.543e-01             327.674           2.875e-01             138.486           2.191e+01     
   0.000         320.000            3.537e+00           6.100e-01             327.828           4.427e-01             138.652           2.191e+01     
   0.000         321.000            3.537e+00           4.606e-01             327.987           5.927e-01             138.812           2.191e+01     
   0.000         322.000            3.537e+00           3.060e-01             328.152           7.376e-01             138.966           2.191e+01     
   0.000         323.000            3.537e+00           1.460e-01             328.323           8.776e-01             139.116           2.191e+01     
   0.000         324.000            3.537e+00          -1.963e-02             328.500           1.013e+00             139.260           2.191e+01     
   0.000         325.000            3.537e+00          -1.911e-01             328.685           1.143e+00             139.401           2.191e+01     
   0.000         326.000            3.537e+00          -3.686e-01             328.877           1.269e+00             139.537           2.191e+01     
   0.000         327.000            3.537e+00          -5.525e-01             329.077           1.391e+00             139.670           2.191e+01     
   0.000         328.000            3.537e+00          -7.428e-01             329.286           1.509e+00             139.799           2.191e+01     
   0.000         329.000            3.537e+00          -9.401e-01             329.504           1.622e+00             139.924           2.191e+01     
   0.000         330.000            3.537e+00          -1.144e+00             329.733           1.731e+00             140.047           2.191e+01     
   0.000         331.000            3.537e+00          -1.356e+00             329.973           1.837e+00             140.166           2.191e+01     
   0.000         332.000            3.537e+00          -1.576e+00             330.226           1.938e+00             140.283           2.191e+01     
   0.000         333.000            3.537e+00          -1.804e+00             330.491           2.036e+00             140.396           2.191e+01     
   0.000         334.000            3.537e+00          -2.041e+00             330.771           2.130e+00             140.508           2.191e+01     
   0.000         335.000            3.537e+00          -2.286e+00             331.068           2.220e+00             140.617           2.191e+01     
   0.000         336.000            3.537e+00          -2.542e+00             331.381           2.307e+00             140.724           2.191e+01     
   0.000         337.000            3.537e+00          -2.807e+00             331.715           2.391e+00             140.829           2.191e+01     
   0.000         338.000            3.537e+00          -3.084e+00             332.069           2.471e+00             140.931           2.191e+01     
   0.000         339.000            3.537e+00          -3.372e+00             332.448           2.548e+00             141.032           2.191e+01     
   0.000         340.000            3.537e+00          -3.672e+00             332.853           2.622e+00             141.132           2.191e+01     
   0.000         341.000            3.537e+00          -3.984e+00             333.288           2.692e+00             141.229           2.191e+01     
   0.000         342.000            3.537e+00          -4.311e+00             333.755           2.759e+00             141.325           2.191e+01     
   0.000         343.000            3.537e+00          -4.653e+00             334.261           2.823e+00             141.420           2.191e+01     
   0.000         344.000            3.537e+00          -5.011e+00             334.808           2.884e+00             141.513           2.191e+01     
   0.000         345.000            3.537e+00          -5.386e+00             335.404           2.942e+00             141.606           2.191e+01     
   0.000         346.000            3.537e+00          -5.779e+00             336.055           2.997e+00             141.696           2.191e+01     
   0.000         347.000            3.537e+00          -6.193e+00             336.769           3.049e+00             141.786           2.191e+01     
   0.000         348.000            3.537e+00          -6.629e+00             337.557           3.098e+00             141.875           2.191e+01     
   0.000         349.000            3.537e+00          -7.088e+00             338.430           3.144e+00             141.963           2.191e+01     
   0.000         350.000            3.537e+00          -7.574e+00             339.404           3.188e+00             142.049           2.191e+01     
   0.000         351.000            3.537e+00          -8.088e+00             340.497           3.228e+00             142.135           2.191e+01     
   0.000         352.000            3.537e+00          -8.634e+00             341.731           3.266e+00             142.221           2.191e+01     
   0.000         353.000            3.537e+00          -9.214e+00             343.136           3.301e+00             142.305           2.191e+01     
   0.000         354.000            3.537e+00          -9.832e+00             344.749           3.333e+00             142.389           2.191e+01     
   0.000         355.000            3.537e+00          -1.049e+01             346.618           3.362e+00             142.472           2.191e+01     
   0.000         356.000            3.537e+00          -1.120e+01             348.805           3.389e+00             142.555           2.191e+01     
   0.000         357.000            3.537e+00          -1.195e+01             351.392           3.413e+00             142.637           2.191e+01     
   0.000         358.000            3.537e+00          -1.276e+01             354.488           3.434e+00             142.719           2.191e+01     
   0.000         359.000            3.537e+00          -1.361e+01             358.238           3.453e+00             142.801           2.191e+01     
