Theta [deg.]  Phi   [deg.]  Abs(Dir.)[dBi   ]   Abs(Theta)[dBi   ]  Phase(Theta)[deg.]  Abs(Phi  )[dBi   ]  Phase(Phi  )[deg.]  Ax.Ratio[dB    ]    
------------------------------------------------------------------------------------------------------------------------------------------------------
  90.000           0.000            4.549e+00          -2.168e+01             184.703           4.539e+00             137.553           2.892e+01     
  90.000           1.000            4.571e+00          -2.162e+01             184.645           4.560e+00             137.372           2.887e+01     
  90.000           2.000            4.588e+00          -2.157e+01             184.580           4.578e+00             137.199           2.882e+01     
  90.000           3.000            4.601e+00          -2.152e+01             184.505           4.591e+00             137.037           2.878e+01     
  90.000           4.000            4.610e+00          -2.148e+01             184.423           4.599e+00             136.884           2.873e+01     
  90.000           5.000            4.615e+00          -2.144e+01             184.333           4.604e+00             136.740           2.869e+01     
  90.000           6.000            4.615e+00          -2.140e+01             184.235           4.604e+00             136.606           2.865e+01     
  90.000           7.000            4.611e+00          -2.137e+01             184.130           4.600e+00             136.481           2.861e+01     
  90.000           8.000            4.603e+00          -2.134e+01             184.018           4.592e+00             136.365           2.857e+01     
  90.000           9.000            4.590e+00          -2.132e+01             183.899           4.579e+00             136.258           2.853e+01     
  90.000          10.000            4.573e+00          -2.129e+01             183.773           4.562e+00             136.159           2.850e+01     
  90.000          11.000            4.552e+00          -2.127e+01             183.641           4.540e+00             136.070           2.846e+01     
  90.000          12.000            4.526e+00          -2.126e+01             183.503           4.514e+00             135.989           2.843e+01     
  90.000          13.000            4.496e+00          -2.125e+01             183.358           4.484e+00             135.916           2.840e+01     
  90.000          14.000            4.461e+00          -2.124e+01             183.208           4.450e+00             135.852           2.837e+01     
  90.000          15.000            4.423e+00          -2.123e+01             183.051           4.411e+00             135.796           2.833e+01     
  90.000          16.000            4.380e+00          -2.123e+01             182.889           4.368e+00             135.748           2.831e+01     
  90.000          17.000            4.332e+00          -2.123e+01             182.722           4.320e+00             135.709           2.828e+01     
  90.000          18.000            4.280e+00          -2.123e+01             182.550           4.268e+00             135.677           2.825e+01     
  90.000          19.000            4.224e+00          -2.124e+01             182.372           4.212e+00             135.653           2.822e+01     
  90.000          20.000            4.164e+00          -2.125e+01             182.189           4.151e+00             135.636           2.819e+01     
  90.000          21.000            4.099e+00          -2.126e+01             182.001           4.087e+00             135.627           2.817e+01     
  90.000          22.000            4.030e+00          -2.128e+01             181.809           4.017e+00             135.625           2.814e+01     
  90.000          23.000            3.957e+00          -2.130e+01             181.612           3.944e+00             135.631           2.812e+01     
  90.000          24.000            3.879e+00          -2.132e+01             181.410           3.866e+00             135.644           2.809e+01     
  90.000          25.000            3.797e+00          -2.134e+01             181.204           3.784e+00             135.664           2.807e+01     
  90.000          26.000            3.711e+00          -2.137e+01             180.994           3.697e+00             135.690           2.804e+01     
  90.000          27.000            3.620e+00          -2.140e+01             180.779           3.607e+00             135.724           2.802e+01     
  90.000          28.000            3.525e+00          -2.143e+01             180.561           3.511e+00             135.764           2.800e+01     
  90.000          29.000            3.426e+00          -2.146e+01             180.338           3.412e+00             135.810           2.797e+01     
  90.000          30.000            3.323e+00          -2.150e+01             180.112           3.309e+00             135.863           2.795e+01     
  90.000          31.000            3.215e+00          -2.154e+01             179.882           3.201e+00             135.922           2.793e+01     
  90.000          32.000            3.103e+00          -2.158e+01             179.649           3.088e+00             135.986           2.790e+01     
  90.000          33.000            2.987e+00          -2.163e+01             179.412           2.972e+00             136.057           2.788e+01     
  90.000          34.000            2.867e+00          -2.167e+01             179.172           2.851e+00             136.134           2.786e+01     
  90.000          35.000            2.742e+00          -2.172e+01             178.929           2.726e+00             136.216           2.783e+01     
  90.000          36.000            2.613e+00          -2.177e+01             178.683           2.597e+00             136.303           2.781e+01     
  90.000          37.000            2.480e+00          -2.182e+01             178.434           2.464e+00             136.396           2.779e+01     
  90.000          38.000            2.343e+00          -2.188e+01             178.183           2.326e+00             136.494           2.776e+01     
  90.000          39.000            2.201e+00          -2.193e+01             177.929           2.184e+00             136.596           2.774e+01     
  90.000          40.000            2.055e+00          -2.199e+01             177.674           2.038e+00             136.704           2.771e+01     
  90.000          41.000            1.905e+00          -2.205e+01             177.416           1.888e+00             136.816           2.769e+01     
  90.000          42.000            1.751e+00          -2.211e+01             177.157           1.733e+00             136.932           2.766e+01     
  90.000          43.000            1.592e+00          -2.217e+01             176.896           1.574e+00             137.052           2.764e+01     
  90.000          44.000            1.429e+00          -2.224e+01             176.634           1.410e+00             137.177           2.761e+01     
  90.000          45.000            1.262e+00          -2.230e+01             176.371           1.243e+00             137.305           2.758e+01     
  90.000          46.000            1.090e+00          -2.237e+01             176.107           1.071e+00             137.438           2.755e+01     
  90.000          47.000            9.147e-01          -2.243e+01             175.844           8.945e-01             137.573           2.752e+01     
  90.000          48.000            7.345e-01          -2.250e+01             175.581           7.139e-01             137.712           2.748e+01     
  90.000          49.000            5.500e-01          -2.257e+01             175.319           5.288e-01             137.854           2.745e+01     
  90.000          50.000            3.610e-01          -2.264e+01             175.057           3.392e-01             137.999           2.741e+01     
  90.000          51.000            1.676e-01          -2.271e+01             174.798           1.452e-01             138.146           2.737e+01     
  90.000          52.000           -3.028e-02          -2.278e+01             174.540          -5.338e-02             138.296           2.733e+01     
  90.000          53.000           -2.327e-01          -2.285e+01             174.285          -2.565e-01             138.448           2.728e+01     
  90.000          54.000           -4.397e-01          -2.293e+01             174.033          -4.643e-01             138.602           2.723e+01     
  90.000          55.000           -6.514e-01          -2.300e+01             173.785          -6.768e-01             138.759           2.718e+01     
  90.000          56.000           -8.678e-01          -2.307e+01             173.541          -8.940e-01             138.916           2.712e+01     
  90.000          57.000           -1.089e+00          -2.314e+01             173.302          -1.116e+00             139.075           2.706e+01     
  90.000          58.000           -1.315e+00          -2.321e+01             173.069          -1.343e+00             139.236           2.700e+01     
  90.000          59.000           -1.546e+00          -2.329e+01             172.842          -1.575e+00             139.397           2.693e+01     
  90.000          60.000           -1.782e+00          -2.336e+01             172.623          -1.813e+00             139.560           2.685e+01     
  90.000          61.000           -2.024e+00          -2.343e+01             172.411          -2.055e+00             139.723           2.677e+01     
  90.000          62.000           -2.270e+00          -2.350e+01             172.208          -2.303e+00             139.886           2.668e+01     
  90.000          63.000           -2.522e+00          -2.357e+01             172.016          -2.557e+00             140.050           2.658e+01     
  90.000          64.000           -2.780e+00          -2.364e+01             171.833          -2.816e+00             140.214           2.648e+01     
  90.000          65.000           -3.044e+00          -2.370e+01             171.663          -3.081e+00             140.379           2.637e+01     
  90.000          66.000           -3.313e+00          -2.377e+01             171.504          -3.353e+00             140.543           2.625e+01     
  90.000          67.000           -3.589e+00          -2.384e+01             171.360          -3.630e+00             140.706           2.612e+01     
  90.000          68.000           -3.872e+00          -2.390e+01             171.229          -3.915e+00             140.870           2.598e+01     
  90.000          69.000           -4.160e+00          -2.396e+01             171.114          -4.206e+00             141.033           2.583e+01     
  90.000          70.000           -4.456e+00          -2.403e+01             171.016          -4.505e+00             141.196           2.566e+01     
  90.000          71.000           -4.760e+00          -2.409e+01             170.935          -4.811e+00             141.358           2.549e+01     
  90.000          72.000           -5.071e+00          -2.415e+01             170.873          -5.125e+00             141.520           2.530e+01     
  90.000          73.000           -5.389e+00          -2.420e+01             170.831          -5.447e+00             141.682           2.509e+01     
  90.000          74.000           -5.717e+00          -2.426e+01             170.809          -5.778e+00             141.844           2.487e+01     
  90.000          75.000           -6.053e+00          -2.431e+01             170.809          -6.119e+00             142.006           2.464e+01     
  90.000          76.000           -6.399e+00          -2.436e+01             170.833          -6.469e+00             142.168           2.438e+01     
  90.000          77.000           -6.755e+00          -2.441e+01             170.880          -6.830e+00             142.332           2.411e+01     
  90.000          78.000           -7.121e+00          -2.446e+01             170.951          -7.202e+00             142.496           2.382e+01     
  90.000          79.000           -7.499e+00          -2.451e+01             171.049          -7.587e+00             142.663           2.351e+01     
  90.000          80.000           -7.889e+00          -2.455e+01             171.174          -7.984e+00             142.832           2.318e+01     
  90.000          81.000           -8.293e+00          -2.459e+01             171.327          -8.396e+00             143.006           2.283e+01     
  90.000          82.000           -8.710e+00          -2.463e+01             171.509          -8.823e+00             143.184           2.246e+01     
  90.000          83.000           -9.143e+00          -2.467e+01             171.720          -9.266e+00             143.368           2.206e+01     
  90.000          84.000           -9.592e+00          -2.470e+01             171.961          -9.728e+00             143.561           2.164e+01     
  90.000          85.000           -1.006e+01          -2.473e+01             172.234          -1.021e+01             143.764           2.119e+01     
  90.000          86.000           -1.055e+01          -2.476e+01             172.539          -1.071e+01             143.981           2.072e+01     
  90.000          87.000           -1.106e+01          -2.479e+01             172.876          -1.124e+01             144.215           2.022e+01     
  90.000          88.000           -1.159e+01          -2.481e+01             173.247          -1.180e+01             144.470           1.969e+01     
  90.000          89.000           -1.215e+01          -2.483e+01             173.651          -1.239e+01             144.751           1.914e+01     
  90.000          90.000           -1.273e+01          -2.485e+01             174.088          -1.301e+01             145.067           1.855e+01     
  90.000          91.000           -1.335e+01          -2.486e+01             174.560          -1.367e+01             145.426           1.794e+01     
  90.000          92.000           -1.401e+01          -2.488e+01             175.067          -1.438e+01             145.841           1.731e+01     
  90.000          93.000           -1.470e+01          -2.488e+01             175.608          -1.514e+01             146.328           1.665e+01     
  90.000          94.000           -1.544e+01          -2.489e+01             176.184          -1.597e+01             146.910           1.597e+01     
  90.000          95.000           -1.623e+01          -2.489e+01             176.794          -1.687e+01             147.620           1.528e+01     
  90.000          96.000           -1.708e+01          -2.489e+01             177.439          -1.786e+01             148.504           1.461e+01     
  90.000          97.000           -1.798e+01          -2.489e+01             178.117          -1.897e+01             149.635           1.399e+01     
  90.000          98.000           -1.894e+01          -2.488e+01             178.829          -2.021e+01             151.125           1.349e+01     
  90.000          99.000           -1.996e+01          -2.487e+01             179.574          -2.165e+01             153.166           1.324e+01     
  90.000         100.000           -2.101e+01          -2.485e+01             180.351          -2.333e+01             156.104           1.350e+01     
  90.000         101.000           -2.207e+01          -2.483e+01             181.160          -2.535e+01             160.624           1.486e+01     
  90.000         102.000           -2.305e+01          -2.481e+01             181.999          -2.783e+01             168.252           1.891e+01     
  90.000         103.000           -2.382e+01          -2.478e+01             182.868          -3.085e+01             182.740           4.000e+01     
  90.000         104.000           -2.422e+01          -2.475e+01             183.764          -3.363e+01             211.868           1.628e+01     
  90.000         105.000           -2.415e+01          -2.471e+01             184.688          -3.327e+01             251.623           9.490e+00     
  90.000         106.000           -2.363e+01          -2.467e+01             185.638          -3.033e+01             277.287           5.663e+00     
  90.000         107.000           -2.281e+01          -2.463e+01             186.611          -2.746e+01             289.935           3.513e+00     
  90.000         108.000           -2.184e+01          -2.458e+01             187.607          -2.514e+01             296.727           3.008e+00     
  90.000         109.000           -2.083e+01          -2.453e+01             188.624          -2.325e+01             300.805           3.690e+00     
  90.000         110.000           -1.985e+01          -2.447e+01             189.660          -2.168e+01             303.463           4.697e+00     
  90.000         111.000           -1.891e+01          -2.441e+01             190.714          -2.035e+01             305.297           5.689e+00     
  90.000         112.000           -1.803e+01          -2.435e+01             191.782          -1.919e+01             306.613           6.591e+00     
  90.000         113.000           -1.721e+01          -2.428e+01             192.865          -1.817e+01             307.585           7.396e+00     
  90.000         114.000           -1.645e+01          -2.421e+01             193.958          -1.725e+01             308.315           8.112e+00     
  90.000         115.000           -1.575e+01          -2.413e+01             195.062          -1.643e+01             308.870           8.751e+00     
  90.000         116.000           -1.508e+01          -2.405e+01             196.173          -1.567e+01             309.294           9.322e+00     
  90.000         117.000           -1.447e+01          -2.397e+01             197.290          -1.498e+01             309.618           9.837e+00     
  90.000         118.000           -1.388e+01          -2.388e+01             198.411          -1.434e+01             309.863           1.030e+01     
  90.000         119.000           -1.334e+01          -2.379e+01             199.534          -1.375e+01             310.046           1.072e+01     
  90.000         120.000           -1.282e+01          -2.370e+01             200.656          -1.319e+01             310.178           1.111e+01     
  90.000         121.000           -1.234e+01          -2.360e+01             201.778          -1.267e+01             310.271           1.146e+01     
  90.000         122.000           -1.188e+01          -2.350e+01             202.896          -1.218e+01             310.330           1.178e+01     
  90.000         123.000           -1.144e+01          -2.340e+01             204.009          -1.172e+01             310.362           1.208e+01     
  90.000         124.000           -1.102e+01          -2.329e+01             205.115          -1.128e+01             310.372           1.236e+01     
  90.000         125.000           -1.062e+01          -2.319e+01             206.214          -1.087e+01             310.363           1.262e+01     
  90.000         126.000           -1.024e+01          -2.308e+01             207.303          -1.047e+01             310.340           1.286e+01     
  90.000         127.000           -9.879e+00          -2.297e+01             208.382          -1.010e+01             310.304           1.308e+01     
  90.000         128.000           -9.531e+00          -2.286e+01             209.449          -9.737e+00             310.260           1.329e+01     
  90.000         129.000           -9.197e+00          -2.275e+01             210.503          -9.393e+00             310.207           1.349e+01     
  90.000         130.000           -8.877e+00          -2.264e+01             211.543          -9.064e+00             310.150           1.368e+01     
  90.000         131.000           -8.570e+00          -2.252e+01             212.569          -8.748e+00             310.088           1.386e+01     
  90.000         132.000           -8.274e+00          -2.241e+01             213.579          -8.445e+00             310.025           1.403e+01     
  90.000         133.000           -7.990e+00          -2.230e+01             214.573          -8.154e+00             309.960           1.418e+01     
  90.000         134.000           -7.716e+00          -2.218e+01             215.550          -7.874e+00             309.895           1.434e+01     
  90.000         135.000           -7.452e+00          -2.207e+01             216.510          -7.605e+00             309.832           1.448e+01     
  90.000         136.000           -7.199e+00          -2.196e+01             217.453          -7.346e+00             309.772           1.462e+01     
  90.000         137.000           -6.954e+00          -2.185e+01             218.377          -7.097e+00             309.714           1.475e+01     
  90.000         138.000           -6.719e+00          -2.174e+01             219.283          -6.858e+00             309.661           1.488e+01     
  90.000         139.000           -6.492e+00          -2.163e+01             220.169          -6.627e+00             309.612           1.501e+01     
  90.000         140.000           -6.274e+00          -2.153e+01             221.037          -6.405e+00             309.568           1.512e+01     
  90.000         141.000           -6.063e+00          -2.142e+01             221.886          -6.192e+00             309.532           1.524e+01     
  90.000         142.000           -5.861e+00          -2.132e+01             222.716          -5.986e+00             309.501           1.535e+01     
  90.000         143.000           -5.666e+00          -2.122e+01             223.527          -5.789e+00             309.479           1.545e+01     
  90.000         144.000           -5.479e+00          -2.112e+01             224.318          -5.599e+00             309.464           1.556e+01     
  90.000         145.000           -5.300e+00          -2.103e+01             225.091          -5.417e+00             309.458           1.566e+01     
  90.000         146.000           -5.127e+00          -2.094e+01             225.844          -5.243e+00             309.461           1.575e+01     
  90.000         147.000           -4.962e+00          -2.085e+01             226.579          -5.075e+00             309.474           1.584e+01     
  90.000         148.000           -4.803e+00          -2.076e+01             227.294          -4.915e+00             309.496           1.593e+01     
  90.000         149.000           -4.652e+00          -2.068e+01             227.991          -4.761e+00             309.529           1.602e+01     
  90.000         150.000           -4.507e+00          -2.060e+01             228.669          -4.615e+00             309.573           1.610e+01     
  90.000         151.000           -4.369e+00          -2.053e+01             229.329          -4.475e+00             309.628           1.618e+01     
  90.000         152.000           -4.238e+00          -2.046e+01             229.971          -4.343e+00             309.694           1.626e+01     
  90.000         153.000           -4.113e+00          -2.039e+01             230.595          -4.216e+00             309.773           1.634e+01     
  90.000         154.000           -3.995e+00          -2.033e+01             231.200          -4.097e+00             309.863           1.641e+01     
  90.000         155.000           -3.883e+00          -2.027e+01             231.788          -3.984e+00             309.967           1.648e+01     
  90.000         156.000           -3.778e+00          -2.022e+01             232.359          -3.877e+00             310.083           1.655e+01     
  90.000         157.000           -3.679e+00          -2.017e+01             232.912          -3.777e+00             310.212           1.662e+01     
  90.000         158.000           -3.586e+00          -2.013e+01             233.448          -3.683e+00             310.356           1.668e+01     
  90.000         159.000           -3.500e+00          -2.009e+01             233.967          -3.596e+00             310.513           1.674e+01     
  90.000         160.000           -3.420e+00          -2.005e+01             234.469          -3.515e+00             310.684           1.680e+01     
  90.000         161.000           -3.346e+00          -2.002e+01             234.955          -3.440e+00             310.870           1.686e+01     
  90.000         162.000           -3.279e+00          -2.000e+01             235.424          -3.372e+00             311.070           1.691e+01     
  90.000         163.000           -3.217e+00          -1.998e+01             235.877          -3.310e+00             311.286           1.697e+01     
  90.000         164.000           -3.162e+00          -1.997e+01             236.313          -3.254e+00             311.517           1.702e+01     
  90.000         165.000           -3.113e+00          -1.996e+01             236.734          -3.204e+00             311.764           1.707e+01     
  90.000         166.000           -3.070e+00          -1.996e+01             237.138          -3.160e+00             312.028           1.711e+01     
  90.000         167.000           -3.034e+00          -1.996e+01             237.526          -3.123e+00             312.307           1.716e+01     
  90.000         168.000           -3.003e+00          -1.997e+01             237.899          -3.091e+00             312.603           1.720e+01     
  90.000         169.000           -2.978e+00          -1.998e+01             238.256          -3.066e+00             312.917           1.724e+01     
  90.000         170.000           -2.960e+00          -2.000e+01             238.597          -3.046e+00             313.247           1.728e+01     
  90.000         171.000           -2.947e+00          -2.003e+01             238.922          -3.033e+00             313.596           1.732e+01     
  90.000         172.000           -2.941e+00          -2.006e+01             239.232          -3.026e+00             313.962           1.736e+01     
  90.000         173.000           -2.940e+00          -2.010e+01             239.526          -3.024e+00             314.346           1.740e+01     
  90.000         174.000           -2.945e+00          -2.015e+01             239.804          -3.028e+00             314.750           1.744e+01     
  90.000         175.000           -2.956e+00          -2.020e+01             240.066          -3.039e+00             315.172           1.747e+01     
  90.000         176.000           -2.973e+00          -2.026e+01             240.313          -3.055e+00             315.613           1.750e+01     
  90.000         177.000           -2.995e+00          -2.033e+01             240.543          -3.076e+00             316.074           1.754e+01     
  90.000         178.000           -3.023e+00          -2.040e+01             240.758          -3.104e+00             316.555           1.757e+01     
  90.000         179.000           -3.057e+00          -2.048e+01             240.956          -3.137e+00             317.056           1.761e+01     
  90.000         180.000           -3.097e+00          -2.056e+01             241.137          -3.175e+00             317.578           1.764e+01     
  90.000         181.000           -3.142e+00          -2.066e+01             241.302          -3.219e+00             318.121           1.768e+01     
  90.000         182.000           -3.192e+00          -2.076e+01             241.450          -3.269e+00             318.685           1.771e+01     
  90.000         183.000           -3.248e+00          -2.087e+01             241.580          -3.324e+00             319.270           1.775e+01     
  90.000         184.000           -3.309e+00          -2.098e+01             241.693          -3.384e+00             319.877           1.779e+01     
  90.000         185.000           -3.376e+00          -2.110e+01             241.788          -3.449e+00             320.506           1.783e+01     
  90.000         186.000           -3.447e+00          -2.124e+01             241.864          -3.520e+00             321.157           1.787e+01     
  90.000         187.000           -3.524e+00          -2.137e+01             241.921          -3.596e+00             321.831           1.792e+01     
  90.000         188.000           -3.605e+00          -2.152e+01             241.958          -3.676e+00             322.527           1.797e+01     
  90.000         189.000           -3.692e+00          -2.168e+01             241.976          -3.762e+00             323.246           1.802e+01     
  90.000         190.000           -3.783e+00          -2.184e+01             241.972          -3.852e+00             323.988           1.808e+01     
  90.000         191.000           -3.879e+00          -2.201e+01             241.947          -3.946e+00             324.754           1.814e+01     
  90.000         192.000           -3.980e+00          -2.220e+01             241.899          -4.046e+00             325.542           1.821e+01     
  90.000         193.000           -4.085e+00          -2.239e+01             241.827          -4.150e+00             326.354           1.828e+01     
  90.000         194.000           -4.194e+00          -2.259e+01             241.730          -4.258e+00             327.189           1.836e+01     
  90.000         195.000           -4.308e+00          -2.280e+01             241.608          -4.370e+00             328.047           1.844e+01     
  90.000         196.000           -4.426e+00          -2.302e+01             241.458          -4.486e+00             328.928           1.854e+01     
  90.000         197.000           -4.547e+00          -2.325e+01             241.279          -4.606e+00             329.832           1.864e+01     
  90.000         198.000           -4.673e+00          -2.349e+01             241.069          -4.730e+00             330.758           1.876e+01     
  90.000         199.000           -4.802e+00          -2.374e+01             240.827          -4.858e+00             331.707           1.888e+01     
  90.000         200.000           -4.935e+00          -2.400e+01             240.550          -4.990e+00             332.678           1.902e+01     
  90.000         201.000           -5.072e+00          -2.427e+01             240.235          -5.125e+00             333.671           1.916e+01     
  90.000         202.000           -5.212e+00          -2.456e+01             239.880          -5.263e+00             334.685           1.933e+01     
  90.000         203.000           -5.355e+00          -2.486e+01             239.482          -5.404e+00             335.719           1.950e+01     
  90.000         204.000           -5.502e+00          -2.517e+01             239.036          -5.549e+00             336.773           1.970e+01     
  90.000         205.000           -5.652e+00          -2.549e+01             238.540          -5.697e+00             337.847           1.991e+01     
  90.000         206.000           -5.805e+00          -2.583e+01             237.987          -5.848e+00             338.939           2.014e+01     
  90.000         207.000           -5.960e+00          -2.618e+01             237.373          -6.002e+00             340.049           2.039e+01     
  90.000         208.000           -6.119e+00          -2.654e+01             236.691          -6.159e+00             341.176           2.067e+01     
  90.000         209.000           -6.281e+00          -2.693e+01             235.935          -6.318e+00             342.319           2.097e+01     
  90.000         210.000           -6.445e+00          -2.732e+01             235.096          -6.481e+00             343.476           2.130e+01     
  90.000         211.000           -6.613e+00          -2.774e+01             234.164          -6.646e+00             344.648           2.167e+01     
  90.000         212.000           -6.783e+00          -2.817e+01             233.128          -6.815e+00             345.833           2.206e+01     
  90.000         213.000           -6.956e+00          -2.861e+01             231.976          -6.986e+00             347.030           2.250e+01     
  90.000         214.000           -7.133e+00          -2.908e+01             230.692          -7.160e+00             348.238           2.298e+01     
  90.000         215.000           -7.312e+00          -2.956e+01             229.259          -7.338e+00             349.456           2.351e+01     
  90.000         216.000           -7.495e+00          -3.007e+01             227.655          -7.519e+00             350.683           2.409e+01     
  90.000         217.000           -7.681e+00          -3.059e+01             225.858          -7.703e+00             351.918           2.475e+01     
  90.000         218.000           -7.870e+00          -3.113e+01             223.838          -7.891e+00             353.160           2.548e+01     
  90.000         219.000           -8.064e+00          -3.168e+01             221.564          -8.082e+00             354.409           2.631e+01     
  90.000         220.000           -8.261e+00          -3.225e+01             218.999          -8.278e+00             355.663           2.726e+01     
  90.000         221.000           -8.463e+00          -3.284e+01             216.101          -8.479e+00             356.923           2.837e+01     
  90.000         222.000           -8.669e+00          -3.343e+01             212.826          -8.684e+00             358.188           2.967e+01     
  90.000         223.000           -8.880e+00          -3.401e+01             209.127          -8.894e+00             359.457           3.125e+01     
  90.000         224.000           -9.097e+00          -3.459e+01             204.961          -9.109e+00               0.731           3.324e+01     
  90.000         225.000           -9.320e+00          -3.515e+01             200.304          -9.331e+00               2.008           3.590e+01     
  90.000         226.000           -9.548e+00          -3.566e+01             195.121          -9.559e+00               3.292           3.989e+01     
  90.000         227.000           -9.784e+00          -3.611e+01             189.437          -9.794e+00               4.583           4.000e+01     
  90.000         228.000           -1.003e+01          -3.649e+01             183.312          -1.004e+01               5.880           4.000e+01     
  90.000         229.000           -1.028e+01          -3.676e+01             176.853          -1.029e+01               7.187           4.000e+01     
  90.000         230.000           -1.054e+01          -3.692e+01             170.213          -1.055e+01               8.504           3.646e+01     
  90.000         231.000           -1.081e+01          -3.697e+01             163.573          -1.082e+01               9.835           3.325e+01     
  90.000         232.000           -1.109e+01          -3.690e+01             157.114          -1.110e+01              11.183           3.086e+01     
  90.000         233.000           -1.138e+01          -3.674e+01             150.988          -1.139e+01              12.551           2.893e+01     
  90.000         234.000           -1.168e+01          -3.650e+01             145.303          -1.169e+01              13.944           2.731e+01     
  90.000         235.000           -1.200e+01          -3.619e+01             140.118          -1.201e+01              15.369           2.590e+01     
  90.000         236.000           -1.232e+01          -3.585e+01             135.449          -1.234e+01              16.831           2.464e+01     
  90.000         237.000           -1.267e+01          -3.548e+01             131.279          -1.269e+01              18.340           2.351e+01     
  90.000         238.000           -1.303e+01          -3.510e+01             127.576          -1.306e+01              19.905           2.247e+01     
  90.000         239.000           -1.341e+01          -3.472e+01             124.296          -1.344e+01              21.539           2.150e+01     
  90.000         240.000           -1.381e+01          -3.435e+01             121.392          -1.385e+01              23.256           2.059e+01     
  90.000         241.000           -1.422e+01          -3.399e+01             118.820          -1.427e+01              25.074           1.973e+01     
  90.000         242.000           -1.466e+01          -3.364e+01             116.540          -1.472e+01              27.015           1.892e+01     
  90.000         243.000           -1.513e+01          -3.331e+01             114.514          -1.519e+01              29.105           1.814e+01     
  90.000         244.000           -1.561e+01          -3.299e+01             112.712          -1.569e+01              31.378           1.740e+01     
  90.000         245.000           -1.613e+01          -3.269e+01             111.104          -1.622e+01              33.873           1.670e+01     
  90.000         246.000           -1.666e+01          -3.242e+01             109.669          -1.678e+01              36.642           1.605e+01     
  90.000         247.000           -1.722e+01          -3.216e+01             108.385          -1.736e+01              39.745           1.545e+01     
  90.000         248.000           -1.780e+01          -3.191e+01             107.236          -1.798e+01              43.259           1.494e+01     
  90.000         249.000           -1.840e+01          -3.169e+01             106.207          -1.861e+01              47.275           1.454e+01     
  90.000         250.000           -1.900e+01          -3.148e+01             105.286          -1.926e+01              51.900           1.432e+01     
  90.000         251.000           -1.960e+01          -3.128e+01             104.462          -1.990e+01              57.250           1.437e+01     
  90.000         252.000           -2.016e+01          -3.111e+01             103.726          -2.052e+01              63.438           1.482e+01     
  90.000         253.000           -2.065e+01          -3.094e+01             103.071          -2.108e+01              70.544           1.588e+01     
  90.000         254.000           -2.105e+01          -3.079e+01             102.491          -2.153e+01              78.563           1.793e+01     
  90.000         255.000           -2.129e+01          -3.065e+01             101.980          -2.183e+01              87.356           2.179e+01     
  90.000         256.000           -2.136e+01          -3.053e+01             101.534          -2.192e+01              96.616           3.106e+01     
  90.000         257.000           -2.124e+01          -3.042e+01             101.149          -2.179e+01             105.907           3.136e+01     
  90.000         258.000           -2.093e+01          -3.032e+01             100.822          -2.146e+01             114.778           2.223e+01     
  90.000         259.000           -2.046e+01          -3.023e+01             100.550          -2.095e+01             122.881           1.854e+01     
  90.000         260.000           -1.989e+01          -3.015e+01             100.331          -2.032e+01             130.038           1.660e+01     
  90.000         261.000           -1.925e+01          -3.009e+01             100.164          -1.962e+01             136.215           1.558e+01     
  90.000         262.000           -1.857e+01          -3.003e+01             100.048          -1.889e+01             141.477           1.511e+01     
  90.000         263.000           -1.788e+01          -2.998e+01              99.981          -1.815e+01             145.931           1.498e+01     
  90.000         264.000           -1.719e+01          -2.995e+01              99.964          -1.743e+01             149.695           1.508e+01     
  90.000         265.000           -1.652e+01          -2.992e+01              99.995          -1.672e+01             152.880           1.532e+01     
  90.000         266.000           -1.587e+01          -2.990e+01             100.075          -1.604e+01             155.580           1.566e+01     
  90.000         267.000           -1.524e+01          -2.989e+01             100.205          -1.539e+01             157.876           1.605e+01     
  90.000         268.000           -1.463e+01          -2.988e+01             100.384          -1.476e+01             159.832           1.649e+01     
  90.000         269.000           -1.406e+01          -2.989e+01             100.614          -1.417e+01             161.503           1.695e+01     
  90.000         270.000           -1.350e+01          -2.990e+01             100.896          -1.360e+01             162.931           1.742e+01     
  90.000         271.000           -1.297e+01          -2.992e+01             101.230          -1.306e+01             164.150           1.791e+01     
  90.000         272.000           -1.246e+01          -2.994e+01             101.619          -1.254e+01             165.191           1.839e+01     
  90.000         273.000           -1.198e+01          -2.998e+01             102.064          -1.205e+01             166.076           1.888e+01     
  90.000         274.000           -1.151e+01          -3.001e+01             102.566          -1.157e+01             166.825           1.937e+01     
  90.000         275.000           -1.106e+01          -3.006e+01             103.128          -1.112e+01             167.453           1.986e+01     
  90.000         276.000           -1.063e+01          -3.011e+01             103.751          -1.068e+01             167.974           2.036e+01     
  90.000         277.000           -1.022e+01          -3.016e+01             104.437          -1.026e+01             168.400           2.085e+01     
  90.000         278.000           -9.816e+00          -3.022e+01             105.189          -9.856e+00             168.740           2.134e+01     
  90.000         279.000           -9.430e+00          -3.028e+01             106.009          -9.466e+00             169.002           2.183e+01     
  90.000         280.000           -9.057e+00          -3.034e+01             106.899          -9.090e+00             169.194           2.232e+01     
  90.000         281.000           -8.697e+00          -3.041e+01             107.861          -8.726e+00             169.322           2.282e+01     
  90.000         282.000           -8.348e+00          -3.047e+01             108.896          -8.374e+00             169.390           2.332e+01     
  90.000         283.000           -8.009e+00          -3.054e+01             110.008          -8.033e+00             169.405           2.382e+01     
  90.000         284.000           -7.681e+00          -3.061e+01             111.198          -7.703e+00             169.370           2.433e+01     
  90.000         285.000           -7.362e+00          -3.068e+01             112.466          -7.382e+00             169.288           2.485e+01     
  90.000         286.000           -7.052e+00          -3.074e+01             113.814          -7.070e+00             169.164           2.538e+01     
  90.000         287.000           -6.750e+00          -3.080e+01             115.242          -6.767e+00             169.000           2.592e+01     
  90.000         288.000           -6.456e+00          -3.086e+01             116.750          -6.471e+00             168.799           2.647e+01     
  90.000         289.000           -6.169e+00          -3.092e+01             118.337          -6.183e+00             168.564           2.703e+01     
  90.000         290.000           -5.889e+00          -3.096e+01             120.000          -5.902e+00             168.297           2.761e+01     
  90.000         291.000           -5.615e+00          -3.100e+01             121.738          -5.628e+00             167.999           2.821e+01     
  90.000         292.000           -5.348e+00          -3.103e+01             123.547          -5.360e+00             167.674           2.883e+01     
  90.000         293.000           -5.086e+00          -3.105e+01             125.421          -5.097e+00             167.323           2.947e+01     
  90.000         294.000           -4.830e+00          -3.106e+01             127.355          -4.841e+00             166.948           3.015e+01     
  90.000         295.000           -4.579e+00          -3.106e+01             129.342          -4.589e+00             166.550           3.085e+01     
  90.000         296.000           -4.333e+00          -3.104e+01             131.374          -4.342e+00             166.132           3.159e+01     
  90.000         297.000           -4.092e+00          -3.101e+01             133.442          -4.101e+00             165.694           3.238e+01     
  90.000         298.000           -3.855e+00          -3.097e+01             135.537          -3.863e+00             165.239           3.322e+01     
  90.000         299.000           -3.622e+00          -3.091e+01             137.648          -3.630e+00             164.766           3.412e+01     
  90.000         300.000           -3.393e+00          -3.084e+01             139.767          -3.401e+00             164.279           3.509e+01     
  90.000         301.000           -3.168e+00          -3.075e+01             141.881          -3.176e+00             163.778           3.615e+01     
  90.000         302.000           -2.947e+00          -3.065e+01             143.981          -2.954e+00             163.265           3.733e+01     
  90.000         303.000           -2.729e+00          -3.053e+01             146.057          -2.736e+00             162.740           3.865e+01     
  90.000         304.000           -2.515e+00          -3.040e+01             148.100          -2.522e+00             162.206           4.000e+01     
  90.000         305.000           -2.303e+00          -3.025e+01             150.102          -2.310e+00             161.662           4.000e+01     
  90.000         306.000           -2.096e+00          -3.010e+01             152.055          -2.102e+00             161.110           4.000e+01     
  90.000         307.000           -1.891e+00          -2.993e+01             153.953          -1.898e+00             160.552           4.000e+01     
  90.000         308.000           -1.689e+00          -2.976e+01             155.790          -1.696e+00             159.988           4.000e+01     
  90.000         309.000           -1.490e+00          -2.957e+01             157.563          -1.497e+00             159.419           4.000e+01     
  90.000         310.000           -1.294e+00          -2.938e+01             159.268          -1.301e+00             158.846           4.000e+01     
  90.000         311.000           -1.101e+00          -2.918e+01             160.902          -1.107e+00             158.271           4.000e+01     
  90.000         312.000           -9.103e-01          -2.897e+01             162.465          -9.171e-01             157.693           4.000e+01     
  90.000         313.000           -7.227e-01          -2.876e+01             163.956          -7.295e-01             157.115           4.000e+01     
  90.000         314.000           -5.378e-01          -2.855e+01             165.376          -5.447e-01             156.536           4.000e+01     
  90.000         315.000           -3.556e-01          -2.834e+01             166.724          -3.625e-01             155.958           4.000e+01     
  90.000         316.000           -1.762e-01          -2.812e+01             167.998          -1.831e-01             155.381           4.000e+01     
  90.000         317.000            5.699e-04          -2.790e+01             169.208          -6.473e-03             154.806           4.000e+01     
  90.000         318.000            1.746e-01          -2.769e+01             170.351           1.675e-01             154.234           3.900e+01     
  90.000         319.000            3.459e-01          -2.747e+01             171.431           3.387e-01             153.665           3.813e+01     
  90.000         320.000            5.144e-01          -2.725e+01             172.448           5.071e-01             153.100           3.737e+01     
  90.000         321.000            6.802e-01          -2.704e+01             173.406           6.728e-01             152.540           3.669e+01     
  90.000         322.000            8.431e-01          -2.683e+01             174.306           8.357e-01             151.985           3.608e+01     
  90.000         323.000            1.003e+00          -2.662e+01             175.153           9.957e-01             151.436           3.554e+01     
  90.000         324.000            1.161e+00          -2.641e+01             175.947           1.153e+00             150.893           3.504e+01     
  90.000         325.000            1.315e+00          -2.621e+01             176.692           1.307e+00             150.356           3.458e+01     
  90.000         326.000            1.466e+00          -2.600e+01             177.389           1.459e+00             149.827           3.417e+01     
  90.000         327.000            1.615e+00          -2.581e+01             178.042           1.607e+00             149.305           3.379e+01     
  90.000         328.000            1.760e+00          -2.561e+01             178.652           1.752e+00             148.791           3.344e+01     
  90.000         329.000            1.903e+00          -2.542e+01             179.221           1.895e+00             148.285           3.311e+01     
  90.000         330.000            2.042e+00          -2.524e+01             179.753           2.034e+00             147.788           3.281e+01     
  90.000         331.000            2.178e+00          -2.506e+01             180.248           2.170e+00             147.300           3.253e+01     
  90.000         332.000            2.311e+00          -2.488e+01             180.708           2.303e+00             146.821           3.227e+01     
  90.000         333.000            2.440e+00          -2.471e+01             181.135           2.432e+00             146.351           3.203e+01     
  90.000         334.000            2.567e+00          -2.454e+01             181.532           2.558e+00             145.890           3.180e+01     
  90.000         335.000            2.690e+00          -2.437e+01             181.899           2.681e+00             145.440           3.159e+01     
  90.000         336.000            2.809e+00          -2.422e+01             182.238           2.801e+00             144.999           3.139e+01     
  90.000         337.000            2.926e+00          -2.406e+01             182.551           2.917e+00             144.568           3.120e+01     
  90.000         338.000            3.038e+00          -2.391e+01             182.838           3.029e+00             144.148           3.103e+01     
  90.000         339.000            3.147e+00          -2.376e+01             183.102           3.138e+00             143.738           3.087e+01     
  90.000         340.000            3.253e+00          -2.362e+01             183.342           3.244e+00             143.338           3.071e+01     
  90.000         341.000            3.355e+00          -2.348e+01             183.561           3.346e+00             142.949           3.057e+01     
  90.000         342.000            3.453e+00          -2.335e+01             183.760           3.444e+00             142.570           3.043e+01     
  90.000         343.000            3.547e+00          -2.322e+01             183.939           3.538e+00             142.202           3.030e+01     
  90.000         344.000            3.638e+00          -2.310e+01             184.099           3.629e+00             141.845           3.018e+01     
  90.000         345.000            3.725e+00          -2.298e+01             184.241           3.716e+00             141.498           3.007e+01     
  90.000         346.000            3.808e+00          -2.286e+01             184.367           3.799e+00             141.161           2.996e+01     
  90.000         347.000            3.887e+00          -2.275e+01             184.476           3.878e+00             140.836           2.986e+01     
  90.000         348.000            3.962e+00          -2.264e+01             184.570           3.953e+00             140.521           2.976e+01     
  90.000         349.000            4.034e+00          -2.254e+01             184.648           4.024e+00             140.216           2.967e+01     
  90.000         350.000            4.101e+00          -2.244e+01             184.713           4.091e+00             139.923           2.958e+01     
  90.000         351.000            4.164e+00          -2.235e+01             184.765           4.155e+00             139.639           2.950e+01     
  90.000         352.000            4.224e+00          -2.226e+01             184.803           4.214e+00             139.367           2.942e+01     
  90.000         353.000            4.279e+00          -2.217e+01             184.829           4.269e+00             139.104           2.935e+01     
  90.000         354.000            4.330e+00          -2.209e+01             184.843           4.320e+00             138.852           2.928e+01     
  90.000         355.000            4.377e+00          -2.201e+01             184.846           4.367e+00             138.610           2.921e+01     
  90.000         356.000            4.420e+00          -2.194e+01             184.837           4.410e+00             138.379           2.915e+01     
  90.000         357.000            4.458e+00          -2.187e+01             184.818           4.448e+00             138.157           2.909e+01     
  90.000         358.000            4.493e+00          -2.180e+01             184.789           4.482e+00             137.946           2.903e+01     
  90.000         359.000            4.523e+00          -2.174e+01             184.751           4.513e+00             137.745           2.898e+01     
