#Parameters = {A_R=0.4; A_i=0; A_j=-65; A_k=0; B10_i=24; B10_j=19; B10_k=0.15; B1_i=24; B1_j=24; B1_k=6; B2_i=20; B2_j=14; B2_k=3.9; B3_i=26.8; B3_j=3; B3_k=4.3; B4_i=21; B4_j=8; B5_i=7.9; B5_j=9; B5_k=3; B6_i=7.2; B6_j=6.5; B6_k=2.1; B7_i=12.5; B7_j=6; B7_k=3; B8_i=18; B8_j=13; B8_k=2.8; B9_i=25; B9_j=24; B9_k=0.8; PV10_i=-12; PV10_j=-7; PV10_k=1.2; PV1_i=-12; PV1_j=-12; PV1_k=2.5; PV2_i=-10; PV2_j=-30.5; PV2_k=2.5; PV3_i=-13.5; PV3_j=37.5; PV3_k=0.7; PV4_i=-10; PV4_j=-45; PV4_k=1.5; PV5_i=7; PV5_j=17.5; PV5_k=3.3; PV6_i=-11.6; PV6_j=17.8; PV6_k=3.1; PV7_i=-0.5; PV7_j=28; PV7_k=3.2; PV8_i=-9; PV8_j=22; PV8_k=-1.7; PV9_i=-12.5; PV9_j=13.5; PV9_k=2.4; PVA_i=-13.2; PVA_j=37; PVA_k=0; b4_k=6}
#"Frequency / MHz"	"S1,1 [Magnitude]"
#------------------------------------
500.00000000000	0.0067495130623221
502.50000000000	0.014416084727943
505.00000000000	0.021925545120711
507.50000000000	0.029257121802347
510.00000000000	0.036395668664949
512.50000000000	0.043319889067476
515.00000000000	0.050015263661712
517.50000000000	0.056464628619571
520.00000000000	0.062654284434288
522.50000000000	0.068569699103633
525.00000000000	0.074198873940787
527.50000000000	0.079528349894978
530.00000000000	0.084547187010938
532.50000000000	0.089249031491584
535.00000000000	0.093621864607455
537.50000000000	0.097658982893512
540.00000000000	0.10135297393951
542.50000000000	0.10469773364743
545.00000000000	0.10769120428411
547.50000000000	0.11032583921444
550.00000000000	0.11260193530889
552.50000000000	0.11451715334003
555.00000000000	0.11606834438415
557.50000000000	0.11725909361673
560.00000000000	0.11808638243960
562.50000000000	0.11855678495698
565.00000000000	0.11866961171406
567.50000000000	0.11843073011014
570.00000000000	0.11784359006536
572.50000000000	0.11691429939491
575.00000000000	0.11564682897236
577.50000000000	0.11405177336337
580.00000000000	0.11213580669871
582.50000000000	0.10990605393652
585.00000000000	0.10737158998202
587.50000000000	0.10454528799621
590.00000000000	0.10143526598361
592.50000000000	0.098052032519422
595.00000000000	0.094410174454176
597.50000000000	0.090519743059508
600.00000000000	0.086393200678861
602.50000000000	0.082044448997047
605.00000000000	0.077487510450795
607.50000000000	0.072737303737797
610.00000000000	0.067805778708743
612.50000000000	0.062710973466480
615.00000000000	0.057464967794491
617.50000000000	0.052086101107211
620.00000000000	0.046588152923746
622.50000000000	0.040986977642862
625.00000000000	0.035298664014111
627.50000000000	0.029538706339956
630.00000000000	0.023724206072447
632.50000000000	0.017870183685248
635.00000000000	0.011993427436664
637.50000000000	0.0061098272759329
640.00000000000	0.00023518215504674
642.50000000000	-0.0056161587286973
645.00000000000	-0.011427635929785
647.50000000000	-0.017184420392696
650.00000000000	-0.022870550383536
652.50000000000	-0.028472542500070
655.00000000000	-0.033976259629300
657.50000000000	-0.039367774896708
660.00000000000	-0.044632737996555
662.50000000000	-0.049759777876891
665.00000000000	-0.054735040857513
667.50000000000	-0.059547127968838
670.00000000000	-0.064185952559561
672.50000000000	-0.068639183003654
675.00000000000	-0.072897870836974
677.50000000000	-0.076952193295800
680.00000000000	-0.080793143210491
682.50000000000	-0.084413036050463
685.00000000000	-0.087805363186176
687.50000000000	-0.090962055599629
690.00000000000	-0.093877899201406
692.50000000000	-0.096548590158382
695.00000000000	-0.098968543090323
697.50000000000	-0.10113671706086
700.00000000000	-0.10304620534433
702.50000000000	-0.10469870793104
705.00000000000	-0.10609055624423
707.50000000000	-0.10722422806028
710.00000000000	-0.10809652220968
712.50000000000	-0.10871274082402
715.00000000000	-0.10907145439540
717.50000000000	-0.10917660558183
720.00000000000	-0.10903179403145
722.50000000000	-0.10863936809844
725.00000000000	-0.10800584649123
727.50000000000	-0.10713647010752
730.00000000000	-0.10603654760750
732.50000000000	-0.10471295899890
735.00000000000	-0.10317395577196
737.50000000000	-0.10142478828390
740.00000000000	-0.099475791494212
742.50000000000	-0.097335133755759
745.00000000000	-0.095012563668562
747.50000000000	-0.092517496440551
750.00000000000	-0.089860997872677
752.50000000000	-0.087050202401871
755.00000000000	-0.084098987037524
757.50000000000	-0.081017663739194
760.00000000000	-0.077817892098938
762.50000000000	-0.074509762306983
765.00000000000	-0.071107732326542
767.50000000000	-0.067620507932810
770.00000000000	-0.064061561844285
772.50000000000	-0.060443674036059
775.00000000000	-0.056777203670469
777.50000000000	-0.053075441642819
780.00000000000	-0.049352204116258
782.50000000000	-0.045616414605758
785.00000000000	-0.041881792896926
787.50000000000	-0.038159946560715
790.00000000000	-0.034462980379982
792.50000000000	-0.030802746047172
795.00000000000	-0.027189599205651
797.50000000000	-0.023636396674206
800.00000000000	-0.020152508980879
802.50000000000	-0.016749567711152
805.00000000000	-0.013438395829748
807.50000000000	-0.010227860164606
810.00000000000	-0.0071298244101373
812.50000000000	-0.0041518788391181
815.00000000000	-0.0013033957582101
817.50000000000	0.0014043895888963
820.00000000000	0.0039656064698641
822.50000000000	0.0063710838835915
825.00000000000	0.0086134506545588
827.50000000000	0.010685786933427
830.00000000000	0.012579390297220
832.50000000000	0.014290893422591
835.00000000000	0.015812089558709
837.50000000000	0.017138323780453
840.00000000000	0.018263331136865
842.50000000000	0.019184057395878
845.00000000000	0.019895297153818
847.50000000000	0.020394967715720
850.00000000000	0.020676446261956
852.50000000000	0.020740082959127
855.00000000000	0.020582765278099
857.50000000000	0.020202458058376
860.00000000000	0.019598293912034
862.50000000000	0.018765809250814
865.00000000000	0.017708419411799
867.50000000000	0.016425074600890
870.00000000000	0.014914702959456
872.50000000000	0.013180048211535
875.00000000000	0.011221631258196
877.50000000000	0.0090402350492443
880.00000000000	0.0066360721872226
882.50000000000	0.0040159861749025
885.00000000000	0.0011798204747231
887.50000000000	-0.0018686688451725
890.00000000000	-0.0051250448471956
892.50000000000	-0.0085885172489644
895.00000000000	-0.012252289694322
897.50000000000	-0.016111361135821
900.00000000000	-0.020161722205066
902.50000000000	-0.024401005647195
905.00000000000	-0.028819450799618
907.50000000000	-0.033413613771959
910.00000000000	-0.038176915725997
912.50000000000	-0.043105944060127
915.00000000000	-0.048189043850304
917.50000000000	-0.053423877091799
920.00000000000	-0.058801519842367
922.50000000000	-0.064316447625743
925.00000000000	-0.069959435964508
927.50000000000	-0.075724532342451
930.00000000000	-0.081605405287026
932.50000000000	-0.087592303009803
935.00000000000	-0.093677817637641
937.50000000000	-0.099856002467885
940.00000000000	-0.10611651851839
942.50000000000	-0.11245549924551
945.00000000000	-0.11885961876077
947.50000000000	-0.12532614846006
950.00000000000	-0.13184331075154
952.50000000000	-0.13840381962095
955.00000000000	-0.14500325350779
957.50000000000	-0.15162920350012
960.00000000000	-0.15827697530343
962.50000000000	-0.16493772778493
965.00000000000	-0.17160521707446
967.50000000000	-0.17826975890582
970.00000000000	-0.18492536402497
972.50000000000	-0.19156627259504
975.00000000000	-0.19818260984903
977.50000000000	-0.20477019868919
980.00000000000	-0.21131998097431
982.50000000000	-0.21782743951485
985.00000000000	-0.22428480977133
987.50000000000	-0.23068765404368
990.00000000000	-0.23702894415235
992.50000000000	-0.24330501666787
995.00000000000	-0.24950815570223
997.50000000000	-0.25563562205148
1000.0000000000	-0.26167997935221
1002.5000000000	-0.26763842199273
1005.0000000000	-0.27350672240883
1007.5000000000	-0.27928090161548
1010.0000000000	-0.28495746246683
1012.5000000000	-0.29053119606529
1015.0000000000	-0.29600206744826
1017.5000000000	-0.30136510949052
1020.0000000000	-0.30661783376112
1022.5000000000	-0.31175994715140
1025.0000000000	-0.31678747394887
1027.5000000000	-0.32170048702262
1030.0000000000	-0.32649556378609
1032.5000000000	-0.33117348300525
1035.0000000000	-0.33573249728660
1037.5000000000	-0.34017257214222
1040.0000000000	-0.34449297188091
1042.5000000000	-0.34869500929255
1045.0000000000	-0.35277739078154
1047.5000000000	-0.35674182892268
1050.0000000000	-0.36058824148694
1052.5000000000	-0.36431741383148
1055.0000000000	-0.36793205730043
1057.5000000000	-0.37143354388676
1060.0000000000	-0.37482086260746
1062.5000000000	-0.37810034356366
1065.0000000000	-0.38126910600288
1067.5000000000	-0.38433248455267
1070.0000000000	-0.38729038999942
1072.5000000000	-0.39014826467753
1075.0000000000	-0.39290773705538
1077.5000000000	-0.39557098829505
1080.0000000000	-0.39813898743844
1082.5000000000	-0.40061717232908
1085.0000000000	-0.40300887301374
1087.5000000000	-0.40531620404416
1090.0000000000	-0.40754107739235
1092.5000000000	-0.40969017774253
1095.0000000000	-0.41176128669271
1097.5000000000	-0.41376295101734
1100.0000000000	-0.41569468568413
1102.5000000000	-0.41756145785063
1105.0000000000	-0.41936635858594
1107.5000000000	-0.42111313050716
1110.0000000000	-0.42280176804988
1112.5000000000	-0.42444004025961
1115.0000000000	-0.42602689450267
1117.5000000000	-0.42756716654034
1120.0000000000	-0.42906327860594
1122.5000000000	-0.43051654811907
1125.0000000000	-0.43193260754510
1127.5000000000	-0.43331254592654
1130.0000000000	-0.43465820035709
1132.5000000000	-0.43597407850247
1135.0000000000	-0.43725794233377
1137.5000000000	-0.43851585810479
1140.0000000000	-0.43974882181075
1142.5000000000	-0.44095884867681
1145.0000000000	-0.44214470498793
1147.5000000000	-0.44331172941518
1150.0000000000	-0.44445935736955
1152.5000000000	-0.44558891232226
1155.0000000000	-0.44670273028558
1157.5000000000	-0.44779929619095
1160.0000000000	-0.44887866070506
1162.5000000000	-0.44994586699029
1165.0000000000	-0.45099569945821
1167.5000000000	-0.45203315676164
1170.0000000000	-0.45305415820403
1172.5000000000	-0.45406191040208
1175.0000000000	-0.45505514425671
1177.5000000000	-0.45603164366379
1180.0000000000	-0.45699279367294
1182.5000000000	-0.45793833938265
1185.0000000000	-0.45886543078550
1187.5000000000	-0.45977268790578
1190.0000000000	-0.46066212835311
1192.5000000000	-0.46152869624484
1195.0000000000	-0.46237438660909
1197.5000000000	-0.46319593938850
1200.0000000000	-0.46399177993821
1202.5000000000	-0.46475987605684
1205.0000000000	-0.46549864735522
1207.5000000000	-0.46620741368132
1210.0000000000	-0.46688313368486
1212.5000000000	-0.46752292614085
1215.0000000000	-0.46812582992421
1217.5000000000	-0.46868922907407
1220.0000000000	-0.46921204595275
1222.5000000000	-0.46968970609446
1225.0000000000	-0.47012164274136
1227.5000000000	-0.47050572536563
1230.0000000000	-0.47083827671099
1232.5000000000	-0.47111769599449
1235.0000000000	-0.47134206310212
1237.5000000000	-0.47150945662237
1240.0000000000	-0.47161611245699
1242.5000000000	-0.47166029290801
1245.0000000000	-0.47164053049034
1247.5000000000	-0.47155387875669
1250.0000000000	-0.47139846265693
1252.5000000000	-0.47117256594845
1255.0000000000	-0.47087348356984
1257.5000000000	-0.47050021543654
1260.0000000000	-0.47005079267720
1262.5000000000	-0.46952331855906
1265.0000000000	-0.46891577754742
1267.5000000000	-0.46822720893046
1270.0000000000	-0.46745592865721
1272.5000000000	-0.46660139524630
1275.0000000000	-0.46566079829271
1277.5000000000	-0.46463513943356
1280.0000000000	-0.46352340402591
1282.5000000000	-0.46232257656001
1285.0000000000	-0.46103448598488
1287.5000000000	-0.45965754335265
1290.0000000000	-0.45819257566855
1292.5000000000	-0.45663812864276
1295.0000000000	-0.45499440423014
1297.5000000000	-0.45326314611603
1300.0000000000	-0.45144254416477
1302.5000000000	-0.44953429352626
1305.0000000000	-0.44753840184952
1307.5000000000	-0.44545653817414
1310.0000000000	-0.44328970458388
1312.5000000000	-0.44103724278709
1315.0000000000	-0.43870235654774
1317.5000000000	-0.43628560657653
1320.0000000000	-0.43378926476460
1322.5000000000	-0.43121352137891
1325.0000000000	-0.42856296425742
1327.5000000000	-0.42583688958259
1330.0000000000	-0.42303748201132
1332.5000000000	-0.42016913010536
1335.0000000000	-0.41723269424451
1337.5000000000	-0.41423143613176
1340.0000000000	-0.41116691369063
1342.5000000000	-0.40804308275025
1345.0000000000	-0.40486083004659
1347.5000000000	-0.40162541919723
1350.0000000000	-0.39833905641641
1352.5000000000	-0.39500442702600
1355.0000000000	-0.39162473705068
1357.5000000000	-0.38820398917612
1360.0000000000	-0.38474382842158
1362.5000000000	-0.38125001793156
1365.0000000000	-0.37772488873429
1367.5000000000	-0.37417091481796
1370.0000000000	-0.37059124486761
1372.5000000000	-0.36699157869248
1375.0000000000	-0.36337457180087
1377.5000000000	-0.35974311536824
1380.0000000000	-0.35610081975293
1382.5000000000	-0.35245247300474
1385.0000000000	-0.34879983654269
1387.5000000000	-0.34514803805433
1390.0000000000	-0.34149875409003
1392.5000000000	-0.33785656203231
1395.0000000000	-0.33422499128705
1397.5000000000	-0.33060619948027
1400.0000000000	-0.32700511022361
1402.5000000000	-0.32342380071761
1405.0000000000	-0.31986607040365
1407.5000000000	-0.31633543759000
1410.0000000000	-0.31283279078030
1412.5000000000	-0.30936357188814
1415.0000000000	-0.30592948257292
1417.5000000000	-0.30253281341983
1420.0000000000	-0.29917763259634
1422.5000000000	-0.29586505491325
1425.0000000000	-0.29259728885977
1427.5000000000	-0.28937798302542
1430.0000000000	-0.28620919953116
1432.5000000000	-0.28309194217434
1435.0000000000	-0.28002911359809
1437.5000000000	-0.27702224964417
1440.0000000000	-0.27407292130870
1442.5000000000	-0.27118316950363
1445.0000000000	-0.26835375353957
1447.5000000000	-0.26558617720883
1450.0000000000	-0.26288271720421
1452.5000000000	-0.26024179091020
1455.0000000000	-0.25766698821462
1457.5000000000	-0.25515785810841
1460.0000000000	-0.25271559206889
1462.5000000000	-0.25034026993081
1465.0000000000	-0.24803281903069
1467.5000000000	-0.24579230381857
1470.0000000000	-0.24361975555325
1472.5000000000	-0.24151566442299
1475.0000000000	-0.23947727880513
1477.5000000000	-0.23750787871138
1480.0000000000	-0.23560493273664
1482.5000000000	-0.23376870634694
1485.0000000000	-0.23199740676953
1487.5000000000	-0.23029121444156
1490.0000000000	-0.22864917327822
1492.5000000000	-0.22707024455185
1495.0000000000	-0.22555318419635
1497.5000000000	-0.22409675286815
1500.0000000000	-0.22269997918966
1502.5000000000	-0.22136188094233
1505.0000000000	-0.22007867687750
1507.5000000000	-0.21885152380658
1510.0000000000	-0.21767788221533
1512.5000000000	-0.21655544616928
1515.0000000000	-0.21548293335665
1517.5000000000	-0.21445842240517
1520.0000000000	-0.21347915889230
1522.5000000000	-0.21254434163664
1525.0000000000	-0.21165173273294
1527.5000000000	-0.21079899622337
1530.0000000000	-0.20998372580982
1532.5000000000	-0.20920541573581
1535.0000000000	-0.20845920494094
1537.5000000000	-0.20774514591301
1540.0000000000	-0.20705899155428
1542.5000000000	-0.20640091734122
1545.0000000000	-0.20576666434505
1547.5000000000	-0.20515543202077
1550.0000000000	-0.20456496769653
1552.5000000000	-0.20399096880378
1555.0000000000	-0.20343305231387
1557.5000000000	-0.20288870420909
1560.0000000000	-0.20235741183474
1562.5000000000	-0.20183546494594
1565.0000000000	-0.20131896212074
1567.5000000000	-0.20080928610213
1570.0000000000	-0.20030267128043
1572.5000000000	-0.19979712010421
1575.0000000000	-0.19929177570922
1577.5000000000	-0.19878306293379
1580.0000000000	-0.19827212255869
1582.5000000000	-0.19775494784062
1585.0000000000	-0.19723035307989
1587.5000000000	-0.19669752559423
1590.0000000000	-0.19615290576463
1592.5000000000	-0.19559821137635
1595.0000000000	-0.19503085212602
1597.5000000000	-0.19444896452826
1600.0000000000	-0.19385149387999
1602.5000000000	-0.19323821548203
1605.0000000000	-0.19260790217997
1607.5000000000	-0.19196028075721
1610.0000000000	-0.19129280988717
1612.5000000000	-0.19060736916209
1615.0000000000	-0.18990240560534
1617.5000000000	-0.18917554166833
1620.0000000000	-0.18842808113908
1622.5000000000	-0.18766164474801
1625.0000000000	-0.18687255118562
1627.5000000000	-0.18606305210431
1630.0000000000	-0.18523157908454
1632.5000000000	-0.18437951056730
1635.0000000000	-0.18350667907975
1637.5000000000	-0.18261396217204
1640.0000000000	-0.18170146640708
1642.5000000000	-0.18076809978547
1645.0000000000	-0.17981719560860
1647.5000000000	-0.17884569311915
1650.0000000000	-0.17785837022471
1652.5000000000	-0.17685317889148
1655.0000000000	-0.17583256838112
1657.5000000000	-0.17479584953780
1660.0000000000	-0.17374616503209
1662.5000000000	-0.17268206875272
1665.0000000000	-0.17160614896813
1667.5000000000	-0.17051964973256
1670.0000000000	-0.16942333978523
1672.5000000000	-0.16831825037222
1675.0000000000	-0.16720671377386
1677.5000000000	-0.16608893807988
1680.0000000000	-0.16496630294937
1682.5000000000	-0.16384131192331
1685.0000000000	-0.16271482893435
1687.5000000000	-0.16158693809164
1690.0000000000	-0.16046094392575
1692.5000000000	-0.15933714498230
1695.0000000000	-0.15821773156218
1697.5000000000	-0.15710317983337
1700.0000000000	-0.15599600546108
1702.5000000000	-0.15489720462027
1705.0000000000	-0.15380834416566
1707.5000000000	-0.15273023298755
1710.0000000000	-0.15166564835322
1712.5000000000	-0.15061370959282
1715.0000000000	-0.14957850890811
1717.5000000000	-0.14855955492248
1720.0000000000	-0.14755778549999
1722.5000000000	-0.14657667120419
1725.0000000000	-0.14561472622023
1727.5000000000	-0.14467445811013
1730.0000000000	-0.14375689589335
1732.5000000000	-0.14286318102666
1735.0000000000	-0.14199433126942
1737.5000000000	-0.14115072412051
1740.0000000000	-0.14033350794289
1742.5000000000	-0.13954306251661
1745.0000000000	-0.13878128748345
1747.5000000000	-0.13804813433692
1750.0000000000	-0.13734452793636
1752.5000000000	-0.13667066289549
1755.0000000000	-0.13602730109673
1757.5000000000	-0.13541408786110
1760.0000000000	-0.13483355882093
1762.5000000000	-0.13428359679437
1765.0000000000	-0.13376398088135
1767.5000000000	-0.13327681337998
1770.0000000000	-0.13282349999639
1772.5000000000	-0.13239916352848
1775.0000000000	-0.13200768373329
1777.5000000000	-0.13164799075080
1780.0000000000	-0.13131784440860
1782.5000000000	-0.13101969325971
1785.0000000000	-0.13075275610696
1787.5000000000	-0.13051671855876
1790.0000000000	-0.13030773299486
1792.5000000000	-0.13012916520909
1795.0000000000	-0.12997906715610
1797.5000000000	-0.12985609221350
1800.0000000000	-0.12975967895923
1802.5000000000	-0.12969004516826
1805.0000000000	-0.12964574410523
1807.5000000000	-0.12962436646814
1810.0000000000	-0.12962744065639
1812.5000000000	-0.12965265061905
1815.0000000000	-0.12969792844862
1817.5000000000	-0.12976463957501
1820.0000000000	-0.12984999062914
1822.5000000000	-0.12995313563257
1825.0000000000	-0.13007280665010
1827.5000000000	-0.13020784269238
1830.0000000000	-0.13035553876254
1832.5000000000	-0.13051778546457
1835.0000000000	-0.13069074389679
1837.5000000000	-0.13087421770659
1840.0000000000	-0.13106591511830
1842.5000000000	-0.13126614456158
1845.0000000000	-0.13147160738565
1847.5000000000	-0.13168162042931
1850.0000000000	-0.13189671924497
1852.5000000000	-0.13211365209136
1855.0000000000	-0.13233154672563
1857.5000000000	-0.13254892418894
1860.0000000000	-0.13276468486483
1862.5000000000	-0.13297760771349
1865.0000000000	-0.13318647958695
1867.5000000000	-0.13339094128722
1870.0000000000	-0.13358826484925
1872.5000000000	-0.13377827943468
1875.0000000000	-0.13396023085206
1877.5000000000	-0.13413274320761
1880.0000000000	-0.13429455872097
1882.5000000000	-0.13444544651691
1885.0000000000	-0.13458364213967
1887.5000000000	-0.13470888337378
1890.0000000000	-0.13482066206325
1892.5000000000	-0.13491656320604
1895.0000000000	-0.13499863122487
1897.5000000000	-0.13506429243721
1900.0000000000	-0.13511426494436
1902.5000000000	-0.13514676166151
1905.0000000000	-0.13516245377494
1907.5000000000	-0.13516070647950
1910.0000000000	-0.13514073271112
1912.5000000000	-0.13510314924339
1915.0000000000	-0.13504558692147
1917.5000000000	-0.13497232459845
1920.0000000000	-0.13488011674400
1922.5000000000	-0.13476902948932
1925.0000000000	-0.13464006715131
1927.5000000000	-0.13449363227033
1930.0000000000	-0.13432889156516
1932.5000000000	-0.13414738638821
1935.0000000000	-0.13394877498155
1937.5000000000	-0.13373382344900
1940.0000000000	-0.13350247644079
1942.5000000000	-0.13325696402100
1945.0000000000	-0.13299517053414
1947.5000000000	-0.13272057890970
1950.0000000000	-0.13243162470856
1952.5000000000	-0.13213086619531
1955.0000000000	-0.13181788144174
1957.5000000000	-0.13149423914794
1960.0000000000	-0.13115986673345
1962.5000000000	-0.13081825205519
1965.0000000000	-0.13046822687202
1967.5000000000	-0.13010986112105
1970.0000000000	-0.12974633168565
1972.5000000000	-0.12937817750466
1975.0000000000	-0.12900651349658
1977.5000000000	-0.12863185904221
1980.0000000000	-0.12825609192171
1982.5000000000	-0.12787991054426
1985.0000000000	-0.12750420081032
1987.5000000000	-0.12713093027412
1990.0000000000	-0.12676155202851
1992.5000000000	-0.12639576567721
1995.0000000000	-0.12603670148860
1997.5000000000	-0.12568424425436
2000.0000000000	-0.12533906764290
2002.5000000000	-0.12500399553296
2005.0000000000	-0.12467831420747
2007.5000000000	-0.12436469804195
2010.0000000000	-0.12406356089174
2012.5000000000	-0.12377641514258
2015.0000000000	-0.12350303581181
2017.5000000000	-0.12324615652702
2020.0000000000	-0.12300641231701
2022.5000000000	-0.12278325903935
2025.0000000000	-0.12257891140534
2027.5000000000	-0.12239387556799
2030.0000000000	-0.12222941406967
2032.5000000000	-0.12208519637113
2035.0000000000	-0.12196264686149
2037.5000000000	-0.12186345030971
2040.0000000000	-0.12178663241332
2042.5000000000	-0.12173330758410
2045.0000000000	-0.12170401097026
2047.5000000000	-0.12169928661512
2050.0000000000	-0.12171918637614
2052.5000000000	-0.12176418154807
2055.0000000000	-0.12183384621244
2057.5000000000	-0.12192982794765
2060.0000000000	-0.12205071964097
2062.5000000000	-0.12219752262473
2065.0000000000	-0.12237116593822
2067.5000000000	-0.12256942189515
2070.0000000000	-0.12279358029750
2072.5000000000	-0.12304208421053
2075.0000000000	-0.12331682009186
2077.5000000000	-0.12361551259122
2080.0000000000	-0.12393863393811
2082.5000000000	-0.12428558120651
2085.0000000000	-0.12465648301440
2087.5000000000	-0.12504980028642
2090.0000000000	-0.12546517118938
2092.5000000000	-0.12590151163777
2095.0000000000	-0.12635925822611
2097.5000000000	-0.12683690459333
2100.0000000000	-0.12733439295129
2102.5000000000	-0.12784842442267
2105.0000000000	-0.12838084227560
2107.5000000000	-0.12892905509413
2110.0000000000	-0.12949316517272
2112.5000000000	-0.13007175802519
2115.0000000000	-0.13066249033454
2117.5000000000	-0.13126690338478
2120.0000000000	-0.13188109603810
2122.5000000000	-0.13250606616502
2125.0000000000	-0.13313859579648
2127.5000000000	-0.13377861166646
2130.0000000000	-0.13442666126023
2132.5000000000	-0.13507704500245
2135.0000000000	-0.13573226851102
2137.5000000000	-0.13639058254134
2140.0000000000	-0.13704962574565
2142.5000000000	-0.13770907642928
2145.0000000000	-0.13836620644503
2147.5000000000	-0.13902125644641
2150.0000000000	-0.13967353095015
2152.5000000000	-0.14032067073935
2155.0000000000	-0.14096102959533
2157.5000000000	-0.14159485500599
2160.0000000000	-0.14222045442230
2162.5000000000	-0.14283663778891
2165.0000000000	-0.14344269055628
2167.5000000000	-0.14403643263198
2170.0000000000	-0.14461818617046
2172.5000000000	-0.14518734824305
2175.0000000000	-0.14574167620049
2177.5000000000	-0.14627994521729
2180.0000000000	-0.14680420100732
2182.5000000000	-0.14731056544413
2185.0000000000	-0.14780000168327
2187.5000000000	-0.14827240197305
2190.0000000000	-0.14872596667275
2192.5000000000	-0.14916014895118
2195.0000000000	-0.14957521457096
2197.5000000000	-0.14997058772984
2200.0000000000	-0.15034604269864
2202.5000000000	-0.15070195849730
2205.0000000000	-0.15103759137066
2207.5000000000	-0.15135181098553
2210.0000000000	-0.15164638567049
2212.5000000000	-0.15192020223238
2215.0000000000	-0.15217396699768
2217.5000000000	-0.15240750147801
2220.0000000000	-0.15262155682858
2222.5000000000	-0.15281644343134
2225.0000000000	-0.15299184679706
2227.5000000000	-0.15314960531454
2230.0000000000	-0.15328833769816
2232.5000000000	-0.15340978885366
2235.0000000000	-0.15351523567449
2237.5000000000	-0.15360479445934
2240.0000000000	-0.15367965201099
2242.5000000000	-0.15374048241797
2245.0000000000	-0.15378736428208
2247.5000000000	-0.15382248781849
2250.0000000000	-0.15384590813886
2252.5000000000	-0.15385925142315
2255.0000000000	-0.15386461585748
2257.5000000000	-0.15386206099281
2260.0000000000	-0.15385258274467
2262.5000000000	-0.15383772744393
2265.0000000000	-0.15381949986717
2267.5000000000	-0.15379845632236
2270.0000000000	-0.15377651283597
2272.5000000000	-0.15375411924007
2275.0000000000	-0.15373481708050
2277.5000000000	-0.15371743014820
2280.0000000000	-0.15370494787302
2282.5000000000	-0.15369926100117
2285.0000000000	-0.15369969751543
2287.5000000000	-0.15371023172055
2290.0000000000	-0.15373116600530
2292.5000000000	-0.15376386874860
2295.0000000000	-0.15381067792294
2297.5000000000	-0.15387191787159
2300.0000000000	-0.15394887704191
2302.5000000000	-0.15404494124311
2305.0000000000	-0.15415933989709
2307.5000000000	-0.15429436467691
2310.0000000000	-0.15445186040365
2312.5000000000	-0.15463202102368
2315.0000000000	-0.15483717481218
2317.5000000000	-0.15506806710472
2320.0000000000	-0.15532544650820
2322.5000000000	-0.15561159355023
2325.0000000000	-0.15592569807135
2327.5000000000	-0.15627057837690
2330.0000000000	-0.15664751322567
2332.5000000000	-0.15705564819971
2335.0000000000	-0.15749731054982
2337.5000000000	-0.15797219215496
2340.0000000000	-0.15848156999406
2342.5000000000	-0.15902620869767
2345.0000000000	-0.15960632318271
2347.5000000000	-0.16022323597376
2350.0000000000	-0.16087665515982
2352.5000000000	-0.16156789353874
2355.0000000000	-0.16229563777888
2357.5000000000	-0.16306227569802
2360.0000000000	-0.16386492946791
2362.5000000000	-0.16470600003397
2365.0000000000	-0.16558579776457
2367.5000000000	-0.16650305502399
2370.0000000000	-0.16745757127270
2372.5000000000	-0.16845021495073
2375.0000000000	-0.16947921891957
2377.5000000000	-0.17054494496541
2380.0000000000	-0.17164776415703
2382.5000000000	-0.17278647116070
2385.0000000000	-0.17395987353182
2387.5000000000	-0.17516836879813
2390.0000000000	-0.17641025443456
2392.5000000000	-0.17768489339886
2395.0000000000	-0.17899271179681
2397.5000000000	-0.18033044350067
2400.0000000000	-0.18169906013575
2402.5000000000	-0.18309795190525
2405.0000000000	-0.18452440025518
2407.5000000000	-0.18597833513094
2410.0000000000	-0.18745810382176
2412.5000000000	-0.18896258459104
2415.0000000000	-0.19049012912378
2417.5000000000	-0.19204067743970
2420.0000000000	-0.19361152331791
2422.5000000000	-0.19520260587253
2425.0000000000	-0.19681227411532
2427.5000000000	-0.19843781421296
2430.0000000000	-0.20008021528446
2432.5000000000	-0.20173622373690
2435.0000000000	-0.20340469744651
2437.5000000000	-0.20508554730905
2440.0000000000	-0.20677496519851
2442.5000000000	-0.20847390146334
2445.0000000000	-0.21018064843076
2447.5000000000	-0.21189295302963
2450.0000000000	-0.21361014044471
2452.5000000000	-0.21533045981344
2455.0000000000	-0.21705426794791
2457.5000000000	-0.21877766035581
2460.0000000000	-0.22050096072138
2462.5000000000	-0.22222340777480
2465.0000000000	-0.22394316852225
2467.5000000000	-0.22565997260105
2470.0000000000	-0.22737194618835
2472.5000000000	-0.22907930464520
2475.0000000000	-0.23078066022814
2477.5000000000	-0.23247459257394
2480.0000000000	-0.23416285191667
2482.5000000000	-0.23584078234371
2485.0000000000	-0.23751167943513
2487.5000000000	-0.23917402550251
2490.0000000000	-0.24082521690673
2492.5000000000	-0.24246900950332
2495.0000000000	-0.24410219263721
2497.5000000000	-0.24572530275587
2500.0000000000	-0.24733932851352
2502.5000000000	-0.24894314571160
2505.0000000000	-0.25053769520225
2507.5000000000	-0.25212393801027
2510.0000000000	-0.25370115795334
2512.5000000000	-0.25527025378994
2515.0000000000	-0.25683260750191
2517.5000000000	-0.25838799808278
2520.0000000000	-0.25993722258751
2522.5000000000	-0.26148266234151
2525.0000000000	-0.26302295419517
2527.5000000000	-0.26455991498991
2530.0000000000	-0.26609690162232
2532.5000000000	-0.26763409119099
2535.0000000000	-0.26917055940056
2537.5000000000	-0.27071176990275
2540.0000000000	-0.27225621545910
2542.5000000000	-0.27380773851655
2545.0000000000	-0.27536640383749
2547.5000000000	-0.27693600490149
2550.0000000000	-0.27851607460535
2552.5000000000	-0.28010983694368
2555.0000000000	-0.28172050851537
2557.5000000000	-0.28334813556965
2560.0000000000	-0.28499753473940
2562.5000000000	-0.28666816381578
2565.0000000000	-0.28836320679219
2567.5000000000	-0.29008645113132
2570.0000000000	-0.29183951167907
2572.5000000000	-0.29362337846518
2575.0000000000	-0.29544292689002
2577.5000000000	-0.29729872430545
2580.0000000000	-0.29919499002794
2582.5000000000	-0.30113340537746
2585.0000000000	-0.30311661618764
2587.5000000000	-0.30514795766790
2590.0000000000	-0.30722796096079
2592.5000000000	-0.30936208556069
2595.0000000000	-0.31155093643248
2597.5000000000	-0.31379727320822
2600.0000000000	-0.31610447376794
2602.5000000000	-0.31847425866245
2605.0000000000	-0.32091000345162
2607.5000000000	-0.32341405254546
2610.0000000000	-0.32598767165456
2612.5000000000	-0.32863486994211
2615.0000000000	-0.33135694554530
2617.5000000000	-0.33415586036402
2620.0000000000	-0.33703558792987
2622.5000000000	-0.33999660607341
2625.0000000000	-0.34304129512139
2627.5000000000	-0.34617284675022
2630.0000000000	-0.34939157933467
2632.5000000000	-0.35270071152167
2635.0000000000	-0.35610184206018
2637.5000000000	-0.35959541433297
2640.0000000000	-0.36318577744170
2642.5000000000	-0.36687080463982
2645.0000000000	-0.37065534394946
2647.5000000000	-0.37453903503368
2650.0000000000	-0.37852298838515
2652.5000000000	-0.38260898423847
2655.0000000000	-0.38679826573072
2657.5000000000	-0.39109097945171
2660.0000000000	-0.39548896532611
2662.5000000000	-0.39999188373454
2665.0000000000	-0.40460102140301
2667.5000000000	-0.40931768358926
2670.0000000000	-0.41414064596695
2672.5000000000	-0.41907100362276
2675.0000000000	-0.42410921308715
2677.5000000000	-0.42925549918162
2680.0000000000	-0.43451054973917
2682.5000000000	-0.43987297110105
2685.0000000000	-0.44534310529044
2687.5000000000	-0.45092071260625
2690.0000000000	-0.45660541151135
2692.5000000000	-0.46239787308300
2695.0000000000	-0.46829616499368
2697.5000000000	-0.47430097441895
2700.0000000000	-0.48041022173145
2702.5000000000	-0.48662460420354
2705.0000000000	-0.49294248686860
2707.5000000000	-0.49936440193801
2710.0000000000	-0.50588810293879
2712.5000000000	-0.51251264158703
2715.0000000000	-0.51923819186629
2717.5000000000	-0.52606343875593
2720.0000000000	-0.53298741761345
2722.5000000000	-0.54000929054359
2725.0000000000	-0.54712727129979
2727.5000000000	-0.55434060385389
2730.0000000000	-0.56164889671076
2732.5000000000	-0.56905167702438
2735.0000000000	-0.57654722142894
2737.5000000000	-0.58413306581313
2740.0000000000	-0.59181186524543
2742.5000000000	-0.59958017636463
2745.0000000000	-0.60743707755851
2747.5000000000	-0.61538378074779
2750.0000000000	-0.62341867218557
2752.5000000000	-0.63154152912413
2755.0000000000	-0.63975115399260
2757.5000000000	-0.64804733023176
2760.0000000000	-0.65643050182892
2762.5000000000	-0.66489925784147
2765.0000000000	-0.67345634025961
2767.5000000000	-0.68209889009236
2770.0000000000	-0.69082957969167
2772.5000000000	-0.69964697628286
2775.0000000000	-0.70855305977082
2777.5000000000	-0.71754753939249
2780.0000000000	-0.72663249997053
2782.5000000000	-0.73580891895923
2785.0000000000	-0.74507651326391
2787.5000000000	-0.75443998967757
2790.0000000000	-0.76389772747835
2792.5000000000	-0.77345424127960
2795.0000000000	-0.78311004140998
2797.5000000000	-0.79286971842507
2800.0000000000	-0.80273280734025
2802.5000000000	-0.81270443652722
2805.0000000000	-0.82278786246585
2807.5000000000	-0.83298617964054
2810.0000000000	-0.84330249339857
2812.5000000000	-0.85374076393760
2815.0000000000	-0.86430526352376
2817.5000000000	-0.87500030690942
2820.0000000000	-0.88583176672173
2822.5000000000	-0.89680267366314
2825.0000000000	-0.90792073385541
2827.5000000000	-0.91918857679376
2830.0000000000	-0.93061413846627
2832.5000000000	-0.94220260188548
2835.0000000000	-0.95396022364735
2837.5000000000	-0.96589396861603
2840.0000000000	-0.97801115093041
2842.5000000000	-0.99031744937059
2845.0000000000	-1.0028212178456
2847.5000000000	-1.0155308390995
2850.0000000000	-1.0284533110601
2852.5000000000	-1.0415965083081
2855.0000000000	-1.0549690104161
2857.5000000000	-1.0685804511474
2860.0000000000	-1.0824386706456
2862.5000000000	-1.0965542478540
2865.0000000000	-1.1109350932488
2867.5000000000	-1.1255915653336
2870.0000000000	-1.1405343402661
2872.5000000000	-1.1557718326271
2875.0000000000	-1.1713149246463
2877.5000000000	-1.1871748017989
2880.0000000000	-1.2033626186581
2882.5000000000	-1.2198881295514
2885.0000000000	-1.2367619075566
2887.5000000000	-1.2539983854863
2890.0000000000	-1.2716062995151
2892.5000000000	-1.2895978538011
2895.0000000000	-1.3079847769959
2897.5000000000	-1.3267817850173
2900.0000000000	-1.3459970829620
2902.5000000000	-1.3656452651417
2905.0000000000	-1.3857376100983
2907.5000000000	-1.4062886647891
2910.0000000000	-1.4273100484184
2912.5000000000	-1.4488145491902
2915.0000000000	-1.4708140308145
2917.5000000000	-1.4933235186840
2920.0000000000	-1.5163559029959
2922.5000000000	-1.5399253008758
2925.0000000000	-1.5640427447040
2927.5000000000	-1.5887226467976
2930.0000000000	-1.6139803039954
2932.5000000000	-1.6398274293568
2935.0000000000	-1.6662789736533
2937.5000000000	-1.6933473614812
2940.0000000000	-1.7210483226668
2942.5000000000	-1.7493952789095
2945.0000000000	-1.7784017377254
2947.5000000000	-1.8080808102761
2950.0000000000	-1.8384488303493
2952.5000000000	-1.8695182511396
2955.0000000000	-1.9013051924197
2957.5000000000	-1.9338229295599
2960.0000000000	-1.9670848126953
2962.5000000000	-2.0011063454774
2965.0000000000	-2.0359021860874
2967.5000000000	-2.0714865813406
2970.0000000000	-2.1078734947635
2972.5000000000	-2.1450777029003
2975.0000000000	-2.1831149384853
2977.5000000000	-2.2219975421326
2980.0000000000	-2.2617434141358
2982.5000000000	-2.3023637924863
2985.0000000000	-2.3438764564758
2987.5000000000	-2.3862950522070
2990.0000000000	-2.4296334866571
2992.5000000000	-2.4739096171065
2995.0000000000	-2.5191361213208
2997.5000000000	-2.5653276218730
3000.0000000000	-2.6125019381741
