#Parameters = {A_R=0.4; A_i=0; A_j=-65; A_k=0; B10_i=24; B10_j=19; B10_k=0.15; B1_i=24; B1_j=24; B1_k=6; B2_i=20; B2_j=14; B2_k=3.9; B3_i=26.8; B3_j=3; B3_k=4.3; B4_i=21; B4_j=8; B5_i=7.9; B5_j=9; B5_k=3; B6_i=7.2; B6_j=6.5; B6_k=2.1; B7_i=6; B7_j=6; B7_k=3; B8_i=18; B8_j=13; B8_k=2.8; B9_i=25; B9_j=24; B9_k=0.8; PV10_i=-12; PV10_j=-7; PV10_k=1.2; PV1_i=-12; PV1_j=-12; PV1_k=2.5; PV2_i=-10; PV2_j=-30.5; PV2_k=2.5; PV3_i=-13.5; PV3_j=37.5; PV3_k=0.7; PV4_i=-10; PV4_j=-45; PV4_k=1.5; PV5_i=7; PV5_j=17.5; PV5_k=3.3; PV6_i=-11.6; PV6_j=17.8; PV6_k=3.1; PV7_i=6; PV7_j=28; PV7_k=3.2; PV8_i=-9; PV8_j=22; PV8_k=-1.7; PV9_i=-12.5; PV9_j=13.5; PV9_k=2.4; PVA_i=-13.2; PVA_j=37; PVA_k=0; b4_k=6}
#"Frequency / MHz"	"S1,1 [Magnitude]"
#------------------------------------
500.00000000000	-0.15391941921440
502.50000000000	-0.14630738210990
505.00000000000	-0.090278547310594
507.50000000000	-0.027380700618031
510.00000000000	-5.5551014520279e-07
512.50000000000	-0.023934493533251
515.00000000000	-0.080708696531758
517.50000000000	-0.13073996867286
520.00000000000	-0.14026621098673
522.50000000000	-0.10506421846528
525.00000000000	-0.052029258237538
527.50000000000	-0.018006275927233
530.00000000000	-0.024497275010120
532.50000000000	-0.065215443743084
535.00000000000	-0.11147652067127
537.50000000000	-0.13172210268482
540.00000000000	-0.11346461643270
542.50000000000	-0.071433215928382
545.00000000000	-0.035537090124822
547.50000000000	-0.029508663478908
550.00000000000	-0.055995300871036
552.50000000000	-0.096027437821632
555.00000000000	-0.12212636195765
557.50000000000	-0.11724016836100
560.00000000000	-0.086398263120966
562.50000000000	-0.052063626875913
565.00000000000	-0.037619845804079
567.50000000000	-0.051901088618081
570.00000000000	-0.084335878741559
572.50000000000	-0.11255753128861
575.00000000000	-0.11774263597081
577.50000000000	-0.097587165940183
580.00000000000	-0.067227197484856
582.50000000000	-0.047826749598730
585.00000000000	-0.052059703577453
587.50000000000	-0.076347239068293
590.00000000000	-0.10386114057133
592.50000000000	-0.11609891147542
595.00000000000	-0.10561218656292
597.50000000000	-0.080804312251019
600.00000000000	-0.059355756419570
602.50000000000	-0.055764081807047
605.00000000000	-0.071984488488600
607.50000000000	-0.096718031359319
610.00000000000	-0.11329170541065
612.50000000000	-0.11108857021248
615.00000000000	-0.092705025933053
617.50000000000	-0.071601663329688
620.00000000000	-0.062407199803578
622.50000000000	-0.071142390140289
625.00000000000	-0.091685949035533
627.50000000000	-0.11021126899687
630.00000000000	-0.11466488911813
632.50000000000	-0.10297125972040
635.00000000000	-0.084101821726490
637.50000000000	-0.071456702738581
640.00000000000	-0.073685420174575
642.50000000000	-0.089218556039815
645.00000000000	-0.10768066861076
647.50000000000	-0.11703092103341
650.00000000000	-0.11177530592062
652.50000000000	-0.096524352828870
655.00000000000	-0.082442030180956
657.50000000000	-0.079439085392268
660.00000000000	-0.089679341006922
662.50000000000	-0.10646328791251
665.00000000000	-0.11892274118190
667.50000000000	-0.11942314470199
670.00000000000	-0.10867486387947
672.50000000000	-0.094952462960178
675.00000000000	-0.088195671742364
677.50000000000	-0.093337640280640
680.00000000000	-0.10726303828537
682.50000000000	-0.12111826334119
685.00000000000	-0.12635491068146
687.50000000000	-0.12049826647343
690.00000000000	-0.10863906476159
692.50000000000	-0.099708399351524
695.00000000000	-0.10036544396354
697.50000000000	-0.11070414517261
700.00000000000	-0.12441538478413
702.50000000000	-0.13313143902863
705.00000000000	-0.13208572843773
707.50000000000	-0.12323032655589
710.00000000000	-0.11369497097238
712.50000000000	-0.11082279539434
715.00000000000	-0.11730855169876
717.50000000000	-0.12960306123440
720.00000000000	-0.14042312172674
722.50000000000	-0.14368194193021
725.00000000000	-0.13854693704664
727.50000000000	-0.12985099558081
730.00000000000	-0.12464567016078
732.50000000000	-0.12745992476191
735.00000000000	-0.13741297988876
737.50000000000	-0.14896163055239
740.00000000000	-0.15566887366524
742.50000000000	-0.15451945625181
745.00000000000	-0.14785770177876
747.50000000000	-0.14163884356484
750.00000000000	-0.14135793995494
752.50000000000	-0.14845185090463
755.00000000000	-0.15949063026182
757.50000000000	-0.16855052430846
760.00000000000	-0.17119688351138
762.50000000000	-0.16741257066947
765.00000000000	-0.16148002692351
767.50000000000	-0.15899759326009
770.00000000000	-0.16314624430173
772.50000000000	-0.17269322933750
775.00000000000	-0.18290525484051
777.50000000000	-0.18875828483359
780.00000000000	-0.18827093954060
782.50000000000	-0.18375561007150
785.00000000000	-0.18015124432332
787.50000000000	-0.18168159974557
790.00000000000	-0.18910886248788
792.50000000000	-0.19932894248935
795.00000000000	-0.20750054718774
797.50000000000	-0.21028422217221
800.00000000000	-0.20802196771257
802.50000000000	-0.20442052377664
805.00000000000	-0.20399375686281
807.50000000000	-0.20907814460992
810.00000000000	-0.21836016088251
812.50000000000	-0.22782593666121
815.00000000000	-0.23346056583101
817.50000000000	-0.23390938111333
820.00000000000	-0.23131663743435
822.50000000000	-0.22981329289707
825.00000000000	-0.23273119721640
827.50000000000	-0.24044552170210
830.00000000000	-0.25020197942857
832.50000000000	-0.25798597242618
835.00000000000	-0.26120915177255
837.50000000000	-0.26039673751275
840.00000000000	-0.25876414745692
842.50000000000	-0.26002215317643
845.00000000000	-0.26592002006964
847.50000000000	-0.27514125042462
850.00000000000	-0.28424501156696
852.50000000000	-0.28996618424037
855.00000000000	-0.29139180872415
857.50000000000	-0.29051293105655
860.00000000000	-0.29083703271694
862.50000000000	-0.29502845602245
865.00000000000	-0.30318034973547
867.50000000000	-0.31280142169507
870.00000000000	-0.32051795990228
872.50000000000	-0.32432506589285
875.00000000000	-0.32490223206299
877.50000000000	-0.32510156493900
880.00000000000	-0.32800186899299
882.50000000000	-0.33487448096480
885.00000000000	-0.34437280544916
887.50000000000	-0.35348280195874
890.00000000000	-0.35955350031441
892.50000000000	-0.36205669199387
895.00000000000	-0.36290323656673
897.50000000000	-0.36512136828986
900.00000000000	-0.37081397228045
902.50000000000	-0.37978511081908
905.00000000000	-0.38971893168815
907.50000000000	-0.39775637890635
910.00000000000	-0.40241358151907
912.50000000000	-0.40455937817868
915.00000000000	-0.40678503026280
917.50000000000	-0.41163975594910
920.00000000000	-0.41993451969865
922.50000000000	-0.43023664894090
925.00000000000	-0.43986300480414
927.50000000000	-0.44670183718579
930.00000000000	-0.45062174029330
932.50000000000	-0.45352625849969
935.00000000000	-0.45804069881684
937.50000000000	-0.46573873432533
940.00000000000	-0.47611280603034
942.50000000000	-0.48694984279740
945.00000000000	-0.49584575479992
947.50000000000	-0.50182618344379
950.00000000000	-0.50598447996252
952.50000000000	-0.51071179740058
955.00000000000	-0.51805915543749
957.50000000000	-0.52837104891154
960.00000000000	-0.54008481070688
962.50000000000	-0.55080960638707
965.00000000000	-0.55895558141492
967.50000000000	-0.56479476903795
970.00000000000	-0.57025572291197
972.50000000000	-0.57758388644839
975.00000000000	-0.58782214980030
977.50000000000	-0.60013377408809
980.00000000000	-0.61239010205491
982.50000000000	-0.62262913178877
985.00000000000	-0.63038589761632
987.50000000000	-0.63698745644156
990.00000000000	-0.64462068883122
992.50000000000	-0.65483033704913
995.00000000000	-0.66748977906674
997.50000000000	-0.68090886128635
1000.0000000000	-0.69299235266932
1002.5000000000	-0.70267659300283
1005.0000000000	-0.71063400851833
1007.5000000000	-0.71878753071030
1010.0000000000	-0.72897665965684
1012.5000000000	-0.74170847192305
1015.0000000000	-0.75582110277177
1017.5000000000	-0.76930193612113
1020.0000000000	-0.78065345018957
1022.5000000000	-0.78991575302532
1025.0000000000	-0.79860217422913
1027.5000000000	-0.80864548068124
1030.0000000000	-0.82105795190270
1032.5000000000	-0.83525351527562
1035.0000000000	-0.84945329036214
1037.5000000000	-0.86190943690437
1040.0000000000	-0.87209670277414
1042.5000000000	-0.88104242769690
1045.0000000000	-0.89059197687899
1047.5000000000	-0.90212260340533
1050.0000000000	-0.91559510350947
1052.5000000000	-0.92958757713615
1055.0000000000	-0.94227377727229
1057.5000000000	-0.95266704137353
1060.0000000000	-0.96128045142466
1062.5000000000	-0.96973591896394
1065.0000000000	-0.97962443818725
1067.5000000000	-0.99139740483178
1070.0000000000	-1.0040590306876
1072.5000000000	-1.0158525894882
1075.0000000000	-1.0254631767616
1077.5000000000	-1.0329056625304
1080.0000000000	-1.0394867761691
1082.5000000000	-1.0468677162677
1085.0000000000	-1.0559041341805
1087.5000000000	-1.0660569785228
1090.0000000000	-1.0757630037650
1092.5000000000	-1.0835185153910
1095.0000000000	-1.0888975583359
1097.5000000000	-1.0928315900177
1100.0000000000	-1.0969312332307
1102.5000000000	-1.1023569883267
1105.0000000000	-1.1090165089292
1107.5000000000	-1.1156388333536
1110.0000000000	-1.1206563329572
1112.5000000000	-1.1232887438236
1115.0000000000	-1.1240707579961
1117.5000000000	-1.1244588825264
1120.0000000000	-1.1258083819063
1122.5000000000	-1.1284400002045
1125.0000000000	-1.1314307392350
1127.5000000000	-1.1332684281553
1130.0000000000	-1.1329088360221
1132.5000000000	-1.1304968021747
1135.0000000000	-1.1272556833690
1137.5000000000	-1.1246259709294
1140.0000000000	-1.1232755160612
1142.5000000000	-1.1226574475594
1145.0000000000	-1.1214068536138
1147.5000000000	-1.1183110845751
1150.0000000000	-1.1131548510405
1152.5000000000	-1.1068684831516
1155.0000000000	-1.1008716916519
1157.5000000000	-1.0961034002791
1160.0000000000	-1.0923850927099
1162.5000000000	-1.0885716347742
1165.0000000000	-1.0833716309658
1167.5000000000	-1.0762562602951
1170.0000000000	-1.0678250003723
1172.5000000000	-1.0593931778774
1175.0000000000	-1.0520768564926
1177.5000000000	-1.0460362563946
1180.0000000000	-1.0403958480281
1182.5000000000	-1.0338730618473
1185.0000000000	-1.0256810847083
1187.5000000000	-1.0160870868244
1190.0000000000	-1.0062196875942
1192.5000000000	-0.99728208420327
1195.0000000000	-0.98973788764159
1197.5000000000	-0.98300423368106
1200.0000000000	-0.97588100316730
1202.5000000000	-0.96740021362879
1205.0000000000	-0.95750201892283
1207.5000000000	-0.94707919956016
1210.0000000000	-0.93734214269643
1212.5000000000	-0.92899792969277
1215.0000000000	-0.92176409225013
1217.5000000000	-0.91459136538331
1220.0000000000	-0.90640243882353
1222.5000000000	-0.89684798928010
1225.0000000000	-0.88654670829742
1227.5000000000	-0.87664512878450
1230.0000000000	-0.86802717966791
1232.5000000000	-0.86070490587765
1235.0000000000	-0.85383273979256
1237.5000000000	-0.84629705119959
1240.0000000000	-0.83750543759762
1242.5000000000	-0.82778706583748
1245.0000000000	-0.81816547720340
1247.5000000000	-0.80963282345830
1250.0000000000	-0.80247380098847
1252.5000000000	-0.79607612013724
1255.0000000000	-0.78936604398094
1257.5000000000	-0.78156041541412
1260.0000000000	-0.77270945763522
1262.5000000000	-0.76365404958952
1265.0000000000	-0.75543346669132
1267.5000000000	-0.74856418509089
1270.0000000000	-0.74269232004076
1272.5000000000	-0.73684276988627
1275.0000000000	-0.73010534338666
1277.5000000000	-0.72226514611681
1280.0000000000	-0.71394801170858
1282.5000000000	-0.70617344894220
1285.0000000000	-0.69964661203746
1287.5000000000	-0.69427261378922
1290.0000000000	-0.68922892796055
1292.5000000000	-0.68353957233677
1295.0000000000	-0.67675969180060
1297.5000000000	-0.66927426069967
1300.0000000000	-0.66202442015036
1302.5000000000	-0.65585102027618
1305.0000000000	-0.65090652132915
1307.5000000000	-0.64656119467284
1310.0000000000	-0.64183890070451
1312.5000000000	-0.63610274161636
1315.0000000000	-0.62948961133793
1317.5000000000	-0.62281025033098
1320.0000000000	-0.61698047508971
1322.5000000000	-0.61238426289111
1325.0000000000	-0.60860822599820
1327.5000000000	-0.60473560506804
1330.0000000000	-0.59998290664078
1332.5000000000	-0.59424604942298
1335.0000000000	-0.58816398200013
1337.5000000000	-0.58267030917104
1340.0000000000	-0.57834313703645
1342.5000000000	-0.57500203574430
1345.0000000000	-0.57184027195194
1347.5000000000	-0.56798501192123
1350.0000000000	-0.56310613953005
1352.5000000000	-0.55763729594886
1355.0000000000	-0.55247390159655
1357.5000000000	-0.54834856282362
1360.0000000000	-0.54531482652488
1362.5000000000	-0.54272025587491
1365.0000000000	-0.53965921302204
1367.5000000000	-0.53559741266859
1370.0000000000	-0.53075050843247
1372.5000000000	-0.52592292798290
1375.0000000000	-0.52194722069191
1377.5000000000	-0.51910652037602
1380.0000000000	-0.51693627212972
1382.5000000000	-0.51454975487222
1385.0000000000	-0.51125438623755
1387.5000000000	-0.50703149294974
1390.0000000000	-0.50254871569243
1392.5000000000	-0.49869053368127
1395.0000000000	-0.49594452059282
1397.5000000000	-0.49406047023785
1400.0000000000	-0.49222422564950
1402.5000000000	-0.48962666950372
1405.0000000000	-0.48602157910332
1407.5000000000	-0.48189835284372
1410.0000000000	-0.47814088326291
1412.5000000000	-0.47540813820155
1415.0000000000	-0.47367920516215
1417.5000000000	-0.47226403317229
1420.0000000000	-0.47028260428454
1422.5000000000	-0.46727748900051
1425.0000000000	-0.46353127644677
1427.5000000000	-0.45986788056110
1430.0000000000	-0.45708456616526
1432.5000000000	-0.45538890343407
1435.0000000000	-0.45425790543270
1437.5000000000	-0.45279691545477
1440.0000000000	-0.45035929013537
1442.5000000000	-0.44700040630591
1445.0000000000	-0.44343634676407
1447.5000000000	-0.44054902819038
1450.0000000000	-0.43877104637691
1452.5000000000	-0.43778313834287
1455.0000000000	-0.43672863661872
1457.5000000000	-0.43481009450581
1460.0000000000	-0.43183939359431
1462.5000000000	-0.42837859636753
1465.0000000000	-0.42534372725593
1467.5000000000	-0.42337218213387
1470.0000000000	-0.42237691352677
1472.5000000000	-0.42159734598026
1475.0000000000	-0.42012277445063
1477.5000000000	-0.41752791389243
1480.0000000000	-0.41416891503966
1482.5000000000	-0.41094328773359
1485.0000000000	-0.40866711678863
1487.5000000000	-0.40750173007829
1490.0000000000	-0.40683621443653
1492.5000000000	-0.40570217530379
1495.0000000000	-0.40344240181265
1497.5000000000	-0.40017125084664
1500.0000000000	-0.39670771497477
1502.5000000000	-0.39400326542533
1505.0000000000	-0.39248589180933
1507.5000000000	-0.39174584338166
1510.0000000000	-0.39081063543214
1512.5000000000	-0.38881408789935
1515.0000000000	-0.38559472707749
1517.5000000000	-0.38182931870793
1520.0000000000	-0.37856022972918
1522.5000000000	-0.37648138181244
1525.0000000000	-0.37543579318172
1527.5000000000	-0.37451598338248
1530.0000000000	-0.37267265241777
1532.5000000000	-0.36944257925835
1535.0000000000	-0.36529579026604
1537.5000000000	-0.36130545408667
1540.0000000000	-0.35842717429019
1542.5000000000	-0.35681195706213
1545.0000000000	-0.35568406247332
1547.5000000000	-0.35385594744289
1550.0000000000	-0.35054489527755
1552.5000000000	-0.34593369326023
1555.0000000000	-0.34106703269210
1557.5000000000	-0.33714398811646
1560.0000000000	-0.33467795170142
1562.5000000000	-0.33311714523514
1565.0000000000	-0.33118920746047
1567.5000000000	-0.32777002406824
1570.0000000000	-0.32268025540713
1572.5000000000	-0.31684369821776
1575.0000000000	-0.31168796056529
1577.5000000000	-0.30815802325862
1580.0000000000	-0.30602967817414
1582.5000000000	-0.30402695091255
1585.0000000000	-0.30066162571374
1587.5000000000	-0.29528451426707
1590.0000000000	-0.28859040317956
1592.5000000000	-0.28220304726155
1595.0000000000	-0.27758426099279
1597.5000000000	-0.27500539435895
1600.0000000000	-0.27328726372360
1602.5000000000	-0.27054733130786
1605.0000000000	-0.26550170908635
1607.5000000000	-0.25842425594940
1610.0000000000	-0.25108585918699
1612.5000000000	-0.24561964492075
1615.0000000000	-0.24305366049543
1617.5000000000	-0.24249631943459
1620.0000000000	-0.24159964111439
1622.5000000000	-0.23810648461155
1625.0000000000	-0.23148770608947
1627.5000000000	-0.22353946828046
1630.0000000000	-0.21739129670015
1632.5000000000	-0.21545699669141
1635.0000000000	-0.21763194591368
1637.5000000000	-0.22099087777579
1640.0000000000	-0.22142275222023
1642.5000000000	-0.21640177468215
1645.0000000000	-0.20721973662139
1647.5000000000	-0.19906132389341
1650.0000000000	-0.19857528233436
1652.5000000000	-0.21012515077900
1655.0000000000	-0.23274930250350
1657.5000000000	-0.25952646453629
1660.0000000000	-0.28006260475404
1662.5000000000	-0.28518785991565
1665.0000000000	-0.27156944184344
1667.5000000000	-0.24354142104836
1670.0000000000	-0.21099919161899
1672.5000000000	-0.18464829354956
1675.0000000000	-0.17130798201100
1677.5000000000	-0.17154494506713
1680.0000000000	-0.18039643343764
1682.5000000000	-0.19054267661663
1685.0000000000	-0.19618033263011
1687.5000000000	-0.19559845398667
1690.0000000000	-0.19118478697172
1692.5000000000	-0.18720095760758
1695.0000000000	-0.18690626317148
1697.5000000000	-0.19077975951304
1700.0000000000	-0.19666102742982
1702.5000000000	-0.20145940009066
1705.0000000000	-0.20320286686737
1707.5000000000	-0.20214415837368
1710.0000000000	-0.20033592533595
1712.5000000000	-0.20010619987509
1715.0000000000	-0.20253294997219
1717.5000000000	-0.20687647799779
1720.0000000000	-0.21122749377088
1722.5000000000	-0.21385190695840
1725.0000000000	-0.21430891098917
1727.5000000000	-0.21362736782656
1730.0000000000	-0.21351561769292
1732.5000000000	-0.21517782526596
1735.0000000000	-0.21855635373548
1737.5000000000	-0.22246267620374
1740.0000000000	-0.22543340991900
1742.5000000000	-0.22672348204114
1745.0000000000	-0.22675396434877
1747.5000000000	-0.22675949477117
1750.0000000000	-0.22791771450766
1752.5000000000	-0.23056147266540
1755.0000000000	-0.23400765614234
1757.5000000000	-0.23706356551850
1760.0000000000	-0.23885662085700
1762.5000000000	-0.23940051047148
1765.0000000000	-0.23954527744517
1767.5000000000	-0.24036502181474
1770.0000000000	-0.24242397708671
1772.5000000000	-0.24541815113178
1775.0000000000	-0.24842219367035
1777.5000000000	-0.25053397037438
1780.0000000000	-0.25148815650854
1782.5000000000	-0.25180863836790
1785.0000000000	-0.25242355297778
1787.5000000000	-0.25402181436848
1790.0000000000	-0.25659533453949
1792.5000000000	-0.25947062002206
1795.0000000000	-0.26178733080367
1797.5000000000	-0.26308855041802
1800.0000000000	-0.26362389005583
1802.5000000000	-0.26414985497302
1805.0000000000	-0.26540167203478
1807.5000000000	-0.26759739409723
1810.0000000000	-0.27030197186367
1812.5000000000	-0.27274308946931
1815.0000000000	-0.27434978028787
1817.5000000000	-0.27513340686189
1820.0000000000	-0.27566727877541
1822.5000000000	-0.27667757729632
1825.0000000000	-0.27854854496802
1827.5000000000	-0.28106252467240
1830.0000000000	-0.28357005952260
1832.5000000000	-0.28544188531252
1835.0000000000	-0.28649870280054
1837.5000000000	-0.28712460295469
1840.0000000000	-0.28799304079327
1842.5000000000	-0.28959505762678
1845.0000000000	-0.29191399508169
1847.5000000000	-0.29444301108623
1850.0000000000	-0.29654300574038
1852.5000000000	-0.29788537520484
1855.0000000000	-0.29867519664616
1857.5000000000	-0.29948955443416
1860.0000000000	-0.30088882176657
1862.5000000000	-0.30301971094059
1865.0000000000	-0.30553211558126
1867.5000000000	-0.30782267228468
1870.0000000000	-0.30945795325710
1872.5000000000	-0.31046649255418
1875.0000000000	-0.31131294862288
1877.5000000000	-0.31257319683332
1880.0000000000	-0.31453496506233
1882.5000000000	-0.31700672977351
1885.0000000000	-0.31945257405101
1887.5000000000	-0.32137339160428
1890.0000000000	-0.32264377188468
1892.5000000000	-0.32359812153699
1895.0000000000	-0.32478989387224
1897.5000000000	-0.32661185579165
1900.0000000000	-0.32902545928637
1902.5000000000	-0.33159276967708
1905.0000000000	-0.33378704268686
1907.5000000000	-0.33535343313291
1910.0000000000	-0.33648295307309
1912.5000000000	-0.33767798824440
1915.0000000000	-0.33939841309378
1917.5000000000	-0.34174748246966
1920.0000000000	-0.34440520001944
1922.5000000000	-0.34685345204157
1925.0000000000	-0.34873655706309
1927.5000000000	-0.35010474666850
1930.0000000000	-0.35137425012313
1932.5000000000	-0.35304090924082
1935.0000000000	-0.35533160139415
1937.5000000000	-0.35805633958435
1940.0000000000	-0.36073816178783
1942.5000000000	-0.36294994150381
1945.0000000000	-0.36460685184622
1947.5000000000	-0.36602336117548
1950.0000000000	-0.36769164538559
1952.5000000000	-0.36994201153344
1955.0000000000	-0.37271521510440
1957.5000000000	-0.37560833315750
1960.0000000000	-0.37815202756816
1962.5000000000	-0.38014415751365
1965.0000000000	-0.38177699196876
1967.5000000000	-0.38351194887373
1970.0000000000	-0.38575126126993
1972.5000000000	-0.38856693179644
1975.0000000000	-0.39164963784717
1977.5000000000	-0.39452433657569
1980.0000000000	-0.39688632032387
1982.5000000000	-0.39880440748507
1985.0000000000	-0.40067807817124
1987.5000000000	-0.40294993171457
1990.0000000000	-0.40581270168939
1992.5000000000	-0.40906630464546
1995.0000000000	-0.41226647164255
1997.5000000000	-0.41502796542377
2000.0000000000	-0.41729856853603
2002.5000000000	-0.41938596897800
2005.0000000000	-0.42174676014532
2007.5000000000	-0.42467612091539
2010.0000000000	-0.42809186043427
2012.5000000000	-0.43160974011561
2015.0000000000	-0.43479769374408
2017.5000000000	-0.43748194210369
2020.0000000000	-0.43986616123078
2022.5000000000	-0.44238778347249
2025.0000000000	-0.44541745016213
2027.5000000000	-0.44900058016219
2030.0000000000	-0.45283210473949
2032.5000000000	-0.45646560185136
2035.0000000000	-0.45962518870321
2037.5000000000	-0.46239437196065
2040.0000000000	-0.46516039895338
2042.5000000000	-0.46834609642282
2045.0000000000	-0.47211350598531
2047.5000000000	-0.47626253166253
2050.0000000000	-0.48036249675724
2052.5000000000	-0.48405531353060
2055.0000000000	-0.48730388497629
2057.5000000000	-0.49041634570808
2060.0000000000	-0.49383301380256
2062.5000000000	-0.49782544830829
2065.0000000000	-0.50230660709928
2067.5000000000	-0.50689736356810
2070.0000000000	-0.51118608319448
2072.5000000000	-0.51501499703984
2075.0000000000	-0.51859105206189
2077.5000000000	-0.52234270519645
2080.0000000000	-0.52662375055867
2082.5000000000	-0.53147435496957
2085.0000000000	-0.53659207797616
2087.5000000000	-0.54154309382454
2090.0000000000	-0.54606425414664
2092.5000000000	-0.55024390838683
2095.0000000000	-0.55446261781031
2097.5000000000	-0.55913481543146
2100.0000000000	-0.56441985777182
2102.5000000000	-0.57012106594462
2105.0000000000	-0.57581590257448
2107.5000000000	-0.58115532673037
2110.0000000000	-0.58610391559831
2112.5000000000	-0.59096172099649
2115.0000000000	-0.59616854822723
2117.5000000000	-0.60199507260639
2120.0000000000	-0.60836675009017
2122.5000000000	-0.61491217406340
2125.0000000000	-0.62122190977600
2127.5000000000	-0.62713698691296
2130.0000000000	-0.63285379812277
2132.5000000000	-0.63879820237921
2135.0000000000	-0.64533188896920
2137.5000000000	-0.65251307693766
2140.0000000000	-0.66005350645015
2142.5000000000	-0.66752573833306
2145.0000000000	-0.67465432110122
2147.5000000000	-0.68151079298702
2150.0000000000	-0.68847138146656
2152.5000000000	-0.69595787088876
2155.0000000000	-0.70416034294154
2157.5000000000	-0.71290662969616
2160.0000000000	-0.72178752546828
2162.5000000000	-0.73043909468963
2165.0000000000	-0.73880123158215
2167.5000000000	-0.74715449043158
2170.0000000000	-0.75594789210424
2172.5000000000	-0.76548756141580
2175.0000000000	-0.77574314020662
2177.5000000000	-0.78636857987607
2180.0000000000	-0.79694673372749
2182.5000000000	-0.80727981979333
2185.0000000000	-0.81753151279326
2187.5000000000	-0.82812652354496
2190.0000000000	-0.83946558509322
2192.5000000000	-0.85166703932766
2195.0000000000	-0.86449362133398
2197.5000000000	-0.87752147922533
2200.0000000000	-0.89043231092219
2202.5000000000	-0.90324835732860
2205.0000000000	-0.91632030513560
2207.5000000000	-0.93010468124428
2210.0000000000	-0.94486700195653
2212.5000000000	-0.96051568545043
2215.0000000000	-0.97666873311941
2217.5000000000	-0.99292966048997
2220.0000000000	-1.0091611893920
2222.5000000000	-1.0255993087425
2225.0000000000	-1.0426995102413
2227.5000000000	-1.0608521503228
2230.0000000000	-1.0801343168691
2232.5000000000	-1.1002683037219
2235.0000000000	-1.1208227046403
2237.5000000000	-1.1415158839310
2240.0000000000	-1.1624200727191
2242.5000000000	-1.1839340519094
2245.0000000000	-1.2065282673141
2247.5000000000	-1.2304493269939
2250.0000000000	-1.2555748467910
2252.5000000000	-1.2815026794200
2255.0000000000	-1.3078333592617
2257.5000000000	-1.3344609015860
2260.0000000000	-1.3616497784096
2262.5000000000	-1.3898838412121
2265.0000000000	-1.4195602800206
2267.5000000000	-1.4507390975003
2270.0000000000	-1.4831170789032
2272.5000000000	-1.5162399524292
2275.0000000000	-1.5498097972098
2277.5000000000	-1.5839044787629
2280.0000000000	-1.6189328102588
2282.5000000000	-1.6553805214877
2285.0000000000	-1.6935015019694
2287.5000000000	-1.7331503182104
2290.0000000000	-1.7738861581098
2292.5000000000	-1.8152653255785
2295.0000000000	-1.8571279565760
2297.5000000000	-1.8997173963688
2300.0000000000	-1.9435213111531
2302.5000000000	-1.9889516948440
2305.0000000000	-2.0360687582156
2307.5000000000	-2.0845328927582
2310.0000000000	-2.1338133924647
2312.5000000000	-2.1835233331946
2315.0000000000	-2.2336666102038
2317.5000000000	-2.2846230543017
2320.0000000000	-2.3368919204645
2322.5000000000	-2.3907499379092
2325.0000000000	-2.4460428462558
2327.5000000000	-2.5022615265303
2330.0000000000	-2.5588488894095
2332.5000000000	-2.6155344483626
2335.0000000000	-2.6724949313703
2337.5000000000	-2.7302165867736
2340.0000000000	-2.7891627062591
2342.5000000000	-2.8494273120552
2345.0000000000	-2.9106473397546
2347.5000000000	-2.9722021723659
2350.0000000000	-3.0335788296578
2352.5000000000	-3.0946871136566
2355.0000000000	-3.1558968784168
2357.5000000000	-3.2177725217786
2360.0000000000	-3.2806814505796
2362.5000000000	-3.3445128204612
2365.0000000000	-3.4087179715896
2367.5000000000	-3.4726380003956
2370.0000000000	-3.5358982945189
2372.5000000000	-3.5986545171703
2375.0000000000	-3.6614679982798
2377.5000000000	-3.7249230736599
2380.0000000000	-3.7892268265417
2382.5000000000	-3.8540379855456
2385.0000000000	-3.9186674304046
2387.5000000000	-3.9825091965850
2390.0000000000	-4.0454299533480
2392.5000000000	-4.1078631938186
2395.0000000000	-4.1705145002195
2397.5000000000	-4.2338953231930
2400.0000000000	-4.2979635311209
2402.5000000000	-4.3621342416208
2405.0000000000	-4.4256539442519
2407.5000000000	-4.4880859933314
2410.0000000000	-4.5496222615985
2412.5000000000	-4.6109522934922
2415.0000000000	-4.6728226889696
2417.5000000000	-4.7355295213483
2420.0000000000	-4.7987091399417
2422.5000000000	-4.8615659869507
2425.0000000000	-4.9233978197369
2427.5000000000	-4.9840781069483
2430.0000000000	-5.0441514373653
2432.5000000000	-5.1044860039486
2435.0000000000	-5.1656951860116
2437.5000000000	-5.2277123502814
2440.0000000000	-5.2898273501894
2442.5000000000	-5.3511494117893
2445.0000000000	-5.4112056836973
2447.5000000000	-5.4702852775249
2450.0000000000	-5.5292541336147
2452.5000000000	-5.5889735558630
2455.0000000000	-5.6497206765632
2457.5000000000	-5.7109765096967
2460.0000000000	-5.7717595120684
2462.5000000000	-5.8312855940550
2465.0000000000	-5.8895098662356
2467.5000000000	-5.9471640766870
2470.0000000000	-6.0052817989405
2472.5000000000	-6.0644726088401
2475.0000000000	-6.1244963097464
2477.5000000000	-6.1843993239441
2480.0000000000	-6.2431389035958
2482.5000000000	-6.3003050526550
2485.0000000000	-6.3564011946674
2487.5000000000	-6.4125134157828
2490.0000000000	-6.4695557227293
2492.5000000000	-6.5276246463298
2495.0000000000	-6.5858977498191
2497.5000000000	-6.6431673502277
2500.0000000000	-6.6986607014395
2502.5000000000	-6.7525689038646
2505.0000000000	-6.8059281674041
2507.5000000000	-6.8598985334415
2510.0000000000	-6.9149342197553
2512.5000000000	-6.9704443877717
2515.0000000000	-7.0251518169846
2517.5000000000	-7.0779613140375
2520.0000000000	-7.1287027044760
2522.5000000000	-7.1782630877593
2525.0000000000	-7.2279627907233
2527.5000000000	-7.2786218080169
2530.0000000000	-7.3299525077756
2532.5000000000	-7.3807173346634
2535.0000000000	-7.4295556874417
2537.5000000000	-7.4759191470809
2540.0000000000	-7.5204569467020
2542.5000000000	-7.5645677148779
2545.0000000000	-7.6094026449864
2547.5000000000	-7.6550371742236
2550.0000000000	-7.7003748958713
2552.5000000000	-7.7438737398624
2555.0000000000	-7.7846094771008
2557.5000000000	-7.8229282653785
2560.0000000000	-7.8602112108212
2562.5000000000	-7.8978974519786
2565.0000000000	-7.9364583302942
2567.5000000000	-7.9750260319584
2570.0000000000	-8.0119717718226
2572.5000000000	-8.0460283893576
2575.0000000000	-8.0771908774694
2577.5000000000	-8.1067305997475
2580.0000000000	-8.1363069106330
2582.5000000000	-8.1667907904468
2585.0000000000	-8.1976311836686
2587.5000000000	-8.2272051644915
2590.0000000000	-8.2539575564730
2592.5000000000	-8.2774960879045
2595.0000000000	-8.2988992411662
2597.5000000000	-8.3199648473871
2600.0000000000	-8.3419494192035
2602.5000000000	-8.3646690765737
2605.0000000000	-8.3866163627813
2607.5000000000	-8.4060078795667
2610.0000000000	-8.4220589555623
2612.5000000000	-8.4355717428274
2615.0000000000	-8.4483846462388
2617.5000000000	-8.4621007335753
2620.0000000000	-8.4769527338093
2622.5000000000	-8.4916310560441
2625.0000000000	-8.5042080800047
2627.5000000000	-8.5135140507383
2630.0000000000	-8.5199981523503
2632.5000000000	-8.5254489222972
2635.0000000000	-8.5317498722494
2637.5000000000	-8.5395641957504
2640.0000000000	-8.5478731246837
2642.5000000000	-8.5546885898452
2645.0000000000	-8.5584823507433
2647.5000000000	-8.5592981979898
2650.0000000000	-8.5587655228754
2652.5000000000	-8.5589709174834
2655.0000000000	-8.5610097076558
2657.5000000000	-8.5642229329116
2660.0000000000	-8.5666620772638
2662.5000000000	-8.5664826258732
2665.0000000000	-8.5632858881378
2667.5000000000	-8.5584399921284
2670.0000000000	-8.5541443572969
2672.5000000000	-8.5519037250984
2675.0000000000	-8.5514800206630
2677.5000000000	-8.5510635422787
2680.0000000000	-8.5485590382041
2682.5000000000	-8.5431053638437
2685.0000000000	-8.5357145985944
2687.5000000000	-8.5286022882938
2690.0000000000	-8.5236408667949
2692.5000000000	-8.5210567999581
2695.0000000000	-8.5192769026456
2697.5000000000	-8.5160413265395
2700.0000000000	-8.5100263884160
2702.5000000000	-8.5018148219375
2705.0000000000	-8.4935235040244
2707.5000000000	-8.4873353726936
2710.0000000000	-8.4839710794763
2712.5000000000	-8.4821896636920
2715.0000000000	-8.4796625785797
2717.5000000000	-8.4746310166993
2720.0000000000	-8.4671820408361
2722.5000000000	-8.4592299088285
2725.0000000000	-8.4531851425146
2727.5000000000	-8.4502730597030
2730.0000000000	-8.4496750762049
2732.5000000000	-8.4491015329392
2735.0000000000	-8.4464063022129
2737.5000000000	-8.4411398448669
2740.0000000000	-8.4348976967267
2742.5000000000	-8.4302304176121
2745.0000000000	-8.4288528063954
2747.5000000000	-8.4304498411653
2750.0000000000	-8.4328806261150
2752.5000000000	-8.4336897919149
2755.0000000000	-8.4318609355216
2757.5000000000	-8.4285717005078
2760.0000000000	-8.4264013036693
2762.5000000000	-8.4275228382250
2765.0000000000	-8.4321816301882
2767.5000000000	-8.4385117466747
2770.0000000000	-8.4438372663962
2772.5000000000	-8.4465719808924
2775.0000000000	-8.4473829087549
2777.5000000000	-8.4487543990970
2780.0000000000	-8.4532610518894
2782.5000000000	-8.4617608839288
2785.0000000000	-8.4727772889915
2787.5000000000	-8.4835195652463
2790.0000000000	-8.4918566686180
2792.5000000000	-8.4978573054293
2795.0000000000	-8.5037907312270
2797.5000000000	-8.5125503219078
2800.0000000000	-8.5256301970757
2802.5000000000	-8.5420559382543
2805.0000000000	-8.5590491624633
2807.5000000000	-8.5739787372624
2810.0000000000	-8.5862458273776
2812.5000000000	-8.5977719871356
2815.0000000000	-8.6116707130686
2817.5000000000	-8.6300715641154
2820.0000000000	-8.6526139251306
2822.5000000000	-8.6766617482114
2825.0000000000	-8.6991467426456
2827.5000000000	-8.7187608464017
2830.0000000000	-8.7369385456177
2832.5000000000	-8.7568968723798
2835.0000000000	-8.7813831223539
2837.5000000000	-8.8107370759741
2840.0000000000	-8.8426042858306
2842.5000000000	-8.8735699195965
2845.0000000000	-8.9015764693762
2847.5000000000	-8.9274505318375
2850.0000000000	-8.9543723286751
2852.5000000000	-8.9856674901672
2855.0000000000	-9.0224395387900
2857.5000000000	-9.0627586137422
2860.0000000000	-9.1029576478896
2862.5000000000	-9.1402189269926
2865.0000000000	-9.1746293551696
2867.5000000000	-9.2091882719979
2870.0000000000	-9.2477213069370
2872.5000000000	-9.2921538426572
2875.0000000000	-9.3410935776026
2877.5000000000	-9.3907164134072
2880.0000000000	-9.4374355165517
2882.5000000000	-9.4804745747559
2885.0000000000	-9.5224927993644
2887.5000000000	-9.5677119675365
2890.0000000000	-9.6188882480354
2892.5000000000	-9.6752429785462
2895.0000000000	-9.7328708831524
2897.5000000000	-9.7873818551450
2900.0000000000	-9.8370050583748
2902.5000000000	-9.8838779071651
2905.0000000000	-9.9324826897161
2907.5000000000	-9.9863432772660
2910.0000000000	-10.045294575529
2912.5000000000	-10.105330663673
2915.0000000000	-10.161186939679
2917.5000000000	-10.209942508813
2920.0000000000	-10.253011790675
2922.5000000000	-10.294949673877
2925.0000000000	-10.339875845447
2927.5000000000	-10.388096559295
2930.0000000000	-10.435368501984
2932.5000000000	-10.475426093461
2935.0000000000	-10.504079432652
2937.5000000000	-10.521893584891
2940.0000000000	-10.533314742589
2942.5000000000	-10.542839334893
2945.0000000000	-10.551022446514
2947.5000000000	-10.553305400086
2950.0000000000	-10.542560688677
2952.5000000000	-10.513671906586
2955.0000000000	-10.466706037248
2957.5000000000	-10.406233302136
2960.0000000000	-10.337236708380
2962.5000000000	-10.260783800149
2965.0000000000	-10.172693264265
2967.5000000000	-10.066197922590
2970.0000000000	-9.9366914927909
2972.5000000000	-9.7849749528110
2975.0000000000	-9.6165134513296
2977.5000000000	-9.4373437465456
2980.0000000000	-9.2498835012228
2982.5000000000	-9.0516892777243
2985.0000000000	-8.8379523824051
2987.5000000000	-8.6057717699370
2990.0000000000	-8.3570042961040
2992.5000000000	-8.0976107825282
2995.0000000000	-7.8341565619138
2997.5000000000	-7.5702012547612
3000.0000000000	-7.3050890596753
