#Parameters = {A_R=0.4; A_i=0; A_j=-65; A_k=0; B10_i=24; B10_j=19; B10_k=0.15; B1_i=24; B1_j=24; B1_k=6; B2_i=20; B2_j=14; B2_k=3.9; B3_i=26.8; B3_j=3; B3_k=4.3; B4_i=21; B4_j=8; B5_i=7.9; B5_j=9; B5_k=3; B6_i=7.2; B6_j=6.5; B6_k=2.1; B7_i=6; B7_j=6; B7_k=3; B8_i=18; B8_j=13; B8_k=2.8; B9_i=25; B9_j=24; B9_k=0.8; PV10_i=-12; PV10_j=-7; PV10_k=1.2; PV1_i=-12; PV1_j=-12; PV1_k=2.5; PV2_i=-10; PV2_j=-30.5; PV2_k=2.5; PV3_i=-13.5; PV3_j=37.5; PV3_k=0.7; PV4_i=-10; PV4_j=-45; PV4_k=1.5; PV5_i=7; PV5_j=17.5; PV5_k=3.3; PV6_i=-11.6; PV6_j=17.8; PV6_k=3.1; PV7_i=6; PV7_j=28; PV7_k=3.2; PV8_i=-9; PV8_j=22; PV8_k=-1.7; PV9_i=-12.5; PV9_j=13.5; PV9_k=2.4; PVA_i=-13.2; PVA_j=37; PVA_k=0; b4_k=6}
#"Frequency / MHz"	"S1,1 [Magnitude]"
#------------------------------------
500.00000000000	-0.0069086640013753
502.50000000000	-0.0077917417444998
505.00000000000	-0.0085489171848070
507.50000000000	-0.0091443226622188
510.00000000000	-0.0095583081763815
512.50000000000	-0.0097786985096606
515.00000000000	-0.0098034850159803
517.50000000000	-0.0096460111096249
520.00000000000	-0.0093251089285267
522.50000000000	-0.0088759396362390
525.00000000000	-0.0083338489442761
527.50000000000	-0.0077430959877743
530.00000000000	-0.0071490472705268
532.50000000000	-0.0065988124827852
535.00000000000	-0.0061329668372750
537.50000000000	-0.0057908252767330
540.00000000000	-0.0056032900674905
542.50000000000	-0.0055904146554793
545.00000000000	-0.0057666049411074
547.50000000000	-0.0061305047996961
550.00000000000	-0.0066752922264797
552.50000000000	-0.0073811475972777
555.00000000000	-0.0082212192319889
557.50000000000	-0.0091616747478010
560.00000000000	-0.010162039738923
562.50000000000	-0.011183738166708
565.00000000000	-0.012183905205202
567.50000000000	-0.013122192090697
570.00000000000	-0.013964351097310
572.50000000000	-0.014680925547817
575.00000000000	-0.015250727584528
577.50000000000	-0.015662936803041
580.00000000000	-0.015912550983495
582.50000000000	-0.016007871140062
585.00000000000	-0.015965868658329
587.50000000000	-0.015807050189127
590.00000000000	-0.015565152351993
592.50000000000	-0.015273779481091
595.00000000000	-0.014971599197891
597.50000000000	-0.014696015509078
600.00000000000	-0.014484759682687
602.50000000000	-0.014373363984844
605.00000000000	-0.014387661770861
607.50000000000	-0.014550199996742
610.00000000000	-0.014873544059709
612.50000000000	-0.015364361766263
615.00000000000	-0.016016422729469
617.50000000000	-0.016821957531868
620.00000000000	-0.017759248923961
622.50000000000	-0.018801698291881
625.00000000000	-0.019920528783625
627.50000000000	-0.021081125925087
630.00000000000	-0.022247982435164
632.50000000000	-0.023387856302559
635.00000000000	-0.024468630752457
637.50000000000	-0.025463505985591
640.00000000000	-0.026349834077937
642.50000000000	-0.027113173670680
645.00000000000	-0.027746234488176
647.50000000000	-0.028249377656047
650.00000000000	-0.028631169648722
652.50000000000	-0.028908106537610
655.00000000000	-0.029098900612202
657.50000000000	-0.029233739119070
660.00000000000	-0.029340984283918
662.50000000000	-0.029453757307832
665.00000000000	-0.029602939144656
667.50000000000	-0.029820541166893
670.00000000000	-0.030132111373269
672.50000000000	-0.030563081104233
675.00000000000	-0.031128072506120
677.50000000000	-0.031839153965653
680.00000000000	-0.032700126346093
682.50000000000	-0.033705073472270
685.00000000000	-0.034845488645679
687.50000000000	-0.036105389884418
690.00000000000	-0.037462016590253
692.50000000000	-0.038888835708438
695.00000000000	-0.040359625344290
697.50000000000	-0.041842696260532
700.00000000000	-0.043311415921604
702.50000000000	-0.044738197748088
705.00000000000	-0.046097848888138
707.50000000000	-0.047372801991898
710.00000000000	-0.048549768495091
712.50000000000	-0.049620101217188
715.00000000000	-0.050584640917839
717.50000000000	-0.051445174666160
720.00000000000	-0.052216125425704
722.50000000000	-0.052912381477775
725.00000000000	-0.053554687138374
727.50000000000	-0.054169230946371
730.00000000000	-0.054780506476861
732.50000000000	-0.055415831966233
735.00000000000	-0.056099085869843
737.50000000000	-0.056856353978525
740.00000000000	-0.057709487525472
742.50000000000	-0.058670569230879
745.00000000000	-0.059753195139809
747.50000000000	-0.060963597954866
750.00000000000	-0.062298065719074
752.50000000000	-0.063753692669907
755.00000000000	-0.065319683093231
757.50000000000	-0.066976183069810
760.00000000000	-0.068702436590974
762.50000000000	-0.070479040267490
765.00000000000	-0.072278887754089
767.50000000000	-0.074075854563663
770.00000000000	-0.075846792442493
772.50000000000	-0.077566964252058
775.00000000000	-0.079216640242564
777.50000000000	-0.080780315246869
780.00000000000	-0.082245001379215
782.50000000000	-0.083607789545318
785.00000000000	-0.084865040504692
787.50000000000	-0.086021335453552
790.00000000000	-0.087087042991723
792.50000000000	-0.088075918764002
795.00000000000	-0.089006140678712
797.50000000000	-0.089896116078946
800.00000000000	-0.090770246732567
802.50000000000	-0.091650122860266
805.00000000000	-0.092558791471773
807.50000000000	-0.093515751073515
810.00000000000	-0.094538051428346
812.50000000000	-0.095642423892317
815.00000000000	-0.096836445215793
817.50000000000	-0.098126124976400
820.00000000000	-0.099510692260072
822.50000000000	-0.10098695916367
825.00000000000	-0.10254425620365
827.50000000000	-0.10416784621813
830.00000000000	-0.10584095939199
832.50000000000	-0.10754352755199
835.00000000000	-0.10925172464694
837.50000000000	-0.11094523845199
840.00000000000	-0.11259882075470
842.50000000000	-0.11419231368021
845.00000000000	-0.11570842527970
847.50000000000	-0.11713138629523
850.00000000000	-0.11844872993841
852.50000000000	-0.11965616712563
855.00000000000	-0.12075113401849
857.50000000000	-0.12173786802337
860.00000000000	-0.12262423409086
862.50000000000	-0.12342094321657
865.00000000000	-0.12414973066208
867.50000000000	-0.12482571702360
870.00000000000	-0.12547109673921
872.50000000000	-0.12611066226028
875.00000000000	-0.12676399225802
877.50000000000	-0.12745455391125
880.00000000000	-0.12819867368876
882.50000000000	-0.12901158765720
885.00000000000	-0.12990749195658
887.50000000000	-0.13089077301419
890.00000000000	-0.13196461377635
892.50000000000	-0.13312554260725
895.00000000000	-0.13436695798249
897.50000000000	-0.13567810588918
900.00000000000	-0.13704090514751
902.50000000000	-0.13843775863773
905.00000000000	-0.13984692987796
907.50000000000	-0.14124942953850
910.00000000000	-0.14262137004420
912.50000000000	-0.14394371279254
915.00000000000	-0.14519962232598
917.50000000000	-0.14637358194975
920.00000000000	-0.14745610775538
922.50000000000	-0.14844187639187
925.00000000000	-0.14933018424762
927.50000000000	-0.15012556297765
930.00000000000	-0.15083672311985
932.50000000000	-0.15148084616352
935.00000000000	-0.15207272230741
937.50000000000	-0.15263383867929
940.00000000000	-0.15318608132737
942.50000000000	-0.15375486151877
945.00000000000	-0.15436124228308
947.50000000000	-0.15502817415074
950.00000000000	-0.15577362136878
952.50000000000	-0.15661268556633
955.00000000000	-0.15755708816805
957.50000000000	-0.15861229226396
960.00000000000	-0.15977889402169
962.50000000000	-0.16105359439103
965.00000000000	-0.16242596323918
967.50000000000	-0.16388080028820
970.00000000000	-0.16540434376389
972.50000000000	-0.16697440683465
975.00000000000	-0.16856944060404
977.50000000000	-0.17016668980883
980.00000000000	-0.17174430181604
982.50000000000	-0.17328451970598
985.00000000000	-0.17476902519395
987.50000000000	-0.17618705600125
990.00000000000	-0.17752999955951
992.50000000000	-0.17879411744938
995.00000000000	-0.17998409646746
997.50000000000	-0.18110778645626
1000.0000000000	-0.18217710988675
1002.5000000000	-0.18321028094785
1005.0000000000	-0.18422763498975
1007.5000000000	-0.18525210153173
1010.0000000000	-0.18630809831357
1012.5000000000	-0.18741904317996
1015.0000000000	-0.18860745924174
1017.5000000000	-0.18989505528531
1020.0000000000	-0.19129504315743
1022.5000000000	-0.19282025718684
1025.0000000000	-0.19447905500146
1027.5000000000	-0.19626880621300
1030.0000000000	-0.19818738167877
1032.5000000000	-0.20022530968899
1035.0000000000	-0.20236546473962
1037.5000000000	-0.20459094720470
1040.0000000000	-0.20688053391848
1042.5000000000	-0.20920923399017
1045.0000000000	-0.21155528557986
1047.5000000000	-0.21389367726174
1050.0000000000	-0.21620566684473
1052.5000000000	-0.21847206498127
1055.0000000000	-0.22068056396952
1057.5000000000	-0.22282322613152
1060.0000000000	-0.22489653070135
1062.5000000000	-0.22690649987783
1065.0000000000	-0.22886055635901
1067.5000000000	-0.23077099666995
1070.0000000000	-0.23265889360557
1072.5000000000	-0.23454460073333
1075.0000000000	-0.23645171193475
1077.5000000000	-0.23840644954520
1080.0000000000	-0.24043094204985
1082.5000000000	-0.24254886099607
1085.0000000000	-0.24477872680637
1087.5000000000	-0.24713586134216
1090.0000000000	-0.24962885840145
1092.5000000000	-0.25226123060938
1095.0000000000	-0.25503226703669
1097.5000000000	-0.25793335040631
1100.0000000000	-0.26095025184225
1102.5000000000	-0.26406320582889
1105.0000000000	-0.26725270140275
1107.5000000000	-0.27049158067091
1110.0000000000	-0.27375438110088
1112.5000000000	-0.27701377986539
1115.0000000000	-0.28024603035296
1117.5000000000	-0.28342816994496
1120.0000000000	-0.28654483977286
1122.5000000000	-0.28957980658420
1125.0000000000	-0.29252900795824
1127.5000000000	-0.29539114229237
1130.0000000000	-0.29816910565836
1132.5000000000	-0.30087821018701
1135.0000000000	-0.30353121571222
1137.5000000000	-0.30614985487981
1140.0000000000	-0.30875647867500
1142.5000000000	-0.31137647614925
1145.0000000000	-0.31403363171540
1147.5000000000	-0.31675097374679
1150.0000000000	-0.31954944690608
1152.5000000000	-0.32244524163553
1155.0000000000	-0.32544779480901
1157.5000000000	-0.32856227722661
1160.0000000000	-0.33178486460261
1162.5000000000	-0.33510969028709
1165.0000000000	-0.33852095736369
1167.5000000000	-0.34199939568690
1170.0000000000	-0.34551964014627
1172.5000000000	-0.34905205572646
1175.0000000000	-0.35256877182794
1177.5000000000	-0.35604001334819
1180.0000000000	-0.35943466391952
1182.5000000000	-0.36272748156370
1185.0000000000	-0.36589879110148
1187.5000000000	-0.36893037907937
1190.0000000000	-0.37181245716625
1192.5000000000	-0.37454053987985
1195.0000000000	-0.37712049838901
1197.5000000000	-0.37956095122436
1200.0000000000	-0.38187835960935
1202.5000000000	-0.38409426263596
1205.0000000000	-0.38622999607046
1207.5000000000	-0.38831593067964
1210.0000000000	-0.39037625393309
1212.5000000000	-0.39243804454414
1215.0000000000	-0.39452165660469
1217.5000000000	-0.39664756049034
1220.0000000000	-0.39882847177476
1222.5000000000	-0.40106930681585
1225.0000000000	-0.40337017597599
1227.5000000000	-0.40572278756209
1230.0000000000	-0.40811365999621
1232.5000000000	-0.41052090867963
1235.0000000000	-0.41291964702553
1237.5000000000	-0.41527871963516
1240.0000000000	-0.41756987846826
1242.5000000000	-0.41975886582345
1245.0000000000	-0.42181612579023
1247.5000000000	-0.42371429888640
1250.0000000000	-0.42543172459709
1252.5000000000	-0.42695052867439
1255.0000000000	-0.42826477382903
1257.5000000000	-0.42937013650459
1260.0000000000	-0.43027512275336
1262.5000000000	-0.43099096613393
1265.0000000000	-0.43154015958352
1267.5000000000	-0.43194776858564
1270.0000000000	-0.43224507575901
1272.5000000000	-0.43246419598090
1275.0000000000	-0.43263848878145
1277.5000000000	-0.43279979154606
1280.0000000000	-0.43297623066527
1282.5000000000	-0.43319056384798
1285.0000000000	-0.43346381225879
1287.5000000000	-0.43380139052140
1290.0000000000	-0.43420852172116
1292.5000000000	-0.43467707345416
1295.0000000000	-0.43519478979659
1297.5000000000	-0.43574004817001
1300.0000000000	-0.43628800140084
1302.5000000000	-0.43680542632546
1305.0000000000	-0.43726154249177
1307.5000000000	-0.43762063305352
1310.0000000000	-0.43785430716037
1312.5000000000	-0.43793041432246
1315.0000000000	-0.43782874325840
1317.5000000000	-0.43753383940418
1320.0000000000	-0.43703634180473
1322.5000000000	-0.43633777127243
1325.0000000000	-0.43544942565864
1327.5000000000	-0.43438921860577
1330.0000000000	-0.43318182239841
1332.5000000000	-0.43186049045112
1335.0000000000	-0.43046307514544
1337.5000000000	-0.42902674432609
1340.0000000000	-0.42759404776082
1342.5000000000	-0.42620085696636
1345.0000000000	-0.42488181226018
1347.5000000000	-0.42366379308628
1350.0000000000	-0.42256991404147
1352.5000000000	-0.42160836077065
1355.0000000000	-0.42078207192459
1357.5000000000	-0.42008517009388
1360.0000000000	-0.41949889225635
1362.5000000000	-0.41899826987360
1365.0000000000	-0.41855159176549
1367.5000000000	-0.41812236005888
1370.0000000000	-0.41767014587903
1372.5000000000	-0.41715456741421
1375.0000000000	-0.41653730629537
1377.5000000000	-0.41578540091328
1380.0000000000	-0.41487074708122
1382.5000000000	-0.41377477124931
1385.0000000000	-0.41248963570360
1387.5000000000	-0.41101525455002
1390.0000000000	-0.40936547898909
1392.5000000000	-0.40756248477141
1395.0000000000	-0.40563723975689
1397.5000000000	-0.40362954222540
1400.0000000000	-0.40158389365693
1402.5000000000	-0.39954898711466
1405.0000000000	-0.39757317919049
1407.5000000000	-0.39570091241278
1410.0000000000	-0.39397268449769
1412.5000000000	-0.39242066248418
1415.0000000000	-0.39106954485857
1417.5000000000	-0.38993102105299
1420.0000000000	-0.38900413527983
1422.5000000000	-0.38827766143493
1425.0000000000	-0.38772844563574
1427.5000000000	-0.38732034518315
1430.0000000000	-0.38701064448648
1432.5000000000	-0.38675197791079
1435.0000000000	-0.38648827629506
1437.5000000000	-0.38616837765176
1440.0000000000	-0.38573969274669
1442.5000000000	-0.38515980420467
1445.0000000000	-0.38439169218367
1447.5000000000	-0.38341137520255
1450.0000000000	-0.38220575236985
1452.5000000000	-0.38077738774629
1455.0000000000	-0.37914400222827
1457.5000000000	-0.37733585802588
1460.0000000000	-0.37539648335168
1462.5000000000	-0.37337902635707
1465.0000000000	-0.37134318319381
1467.5000000000	-0.36935546505361
1470.0000000000	-0.36748222275121
1472.5000000000	-0.36578293722479
1475.0000000000	-0.36431490186656
1477.5000000000	-0.36312308871321
1480.0000000000	-0.36223644128879
1482.5000000000	-0.36167223322759
1485.0000000000	-0.36142904488955
1487.5000000000	-0.36148690257593
1490.0000000000	-0.36181024405894
1492.5000000000	-0.36234659986449
1495.0000000000	-0.36303148802132
1497.5000000000	-0.36378903950352
1500.0000000000	-0.36454112495786
1502.5000000000	-0.36520410636940
1505.0000000000	-0.36570156636899
1507.5000000000	-0.36596357079902
1510.0000000000	-0.36593382256477
1512.5000000000	-0.36557414140968
1515.0000000000	-0.36486412773973
1517.5000000000	-0.36381039413559
1520.0000000000	-0.36243884161291
1522.5000000000	-0.36080110326474
1525.0000000000	-0.35896995981690
1527.5000000000	-0.35703375608019
1530.0000000000	-0.35510036626962
1532.5000000000	-0.35328177582118
1535.0000000000	-0.35169636361134
1537.5000000000	-0.35045581749085
1540.0000000000	-0.34966209220239
1542.5000000000	-0.34940127428837
1545.0000000000	-0.34973440254361
1547.5000000000	-0.35069422575347
1550.0000000000	-0.35227970054461
1552.5000000000	-0.35445426762975
1555.0000000000	-0.35714223293217
1557.5000000000	-0.36023252689416
1560.0000000000	-0.36357622420792
1562.5000000000	-0.36699416740080
1565.0000000000	-0.37027942678380
1567.5000000000	-0.37320627069436
1570.0000000000	-0.37554154168285
1572.5000000000	-0.37704531712134
1575.0000000000	-0.37749313730109
1577.5000000000	-0.37667603615526
1580.0000000000	-0.37441679322353
1582.5000000000	-0.37057586167544
1585.0000000000	-0.36506364513789
1587.5000000000	-0.35784242980475
1590.0000000000	-0.34893081392264
1592.5000000000	-0.33840589337649
1595.0000000000	-0.32640530949588
1597.5000000000	-0.31311643891931
1600.0000000000	-0.29877643431932
1602.5000000000	-0.28366288275309
1605.0000000000	-0.26808217831445
1607.5000000000	-0.25236055475150
1610.0000000000	-0.23683087001208
1612.5000000000	-0.22182369830932
1615.0000000000	-0.20765519649572
1617.5000000000	-0.19461484367897
1620.0000000000	-0.18295871386438
1622.5000000000	-0.17290117386817
1625.0000000000	-0.16460482888990
1627.5000000000	-0.15818540621671
1630.0000000000	-0.15369920610673
1632.5000000000	-0.15114840127433
1635.0000000000	-0.15048088099463
1637.5000000000	-0.15159313864727
1640.0000000000	-0.15433785600482
1642.5000000000	-0.15852312009251
1645.0000000000	-0.16392773345165
1647.5000000000	-0.17030746624724
1650.0000000000	-0.17740140643234
1652.5000000000	-0.18494493381426
1655.0000000000	-0.19267724031771
1657.5000000000	-0.20035358532793
1660.0000000000	-0.20775118131702
1662.5000000000	-0.21467764725018
1665.0000000000	-0.22097465068936
1667.5000000000	-0.22652663602806
1670.0000000000	-0.23125811446921
1672.5000000000	-0.23513652679164
1675.0000000000	-0.23817234494336
1677.5000000000	-0.24040927723844
1680.0000000000	-0.24192640360995
1682.5000000000	-0.24282767271251
1685.0000000000	-0.24323686382988
1687.5000000000	-0.24328786880533
1690.0000000000	-0.24311988647091
1692.5000000000	-0.24286829202656
1695.0000000000	-0.24265631057267
1697.5000000000	-0.24259654063786
1700.0000000000	-0.24277492950556
1702.5000000000	-0.24326106990931
1705.0000000000	-0.24409356434450
1707.5000000000	-0.24528950376914
1710.0000000000	-0.24683929826668
1712.5000000000	-0.24871185251006
1715.0000000000	-0.25085629095810
1717.5000000000	-0.25320665971453
1720.0000000000	-0.25568704005189
1722.5000000000	-0.25821439862236
1725.0000000000	-0.26070681775720
1727.5000000000	-0.26308601462500
1730.0000000000	-0.26528214036178
1732.5000000000	-0.26723746765719
1735.0000000000	-0.26891029496708
1737.5000000000	-0.27027550446361
1740.0000000000	-0.27132530511034
1742.5000000000	-0.27207222726001
1745.0000000000	-0.27254051348979
1747.5000000000	-0.27277457854045
1750.0000000000	-0.27282576153905
1752.5000000000	-0.27275620032220
1755.0000000000	-0.27263049481341
1757.5000000000	-0.27251768402765
1760.0000000000	-0.27247941472753
1762.5000000000	-0.27257099786499
1765.0000000000	-0.27284145977359
1767.5000000000	-0.27332530912061
1770.0000000000	-0.27404582950834
1772.5000000000	-0.27500925778290
1775.0000000000	-0.27621076465658
1777.5000000000	-0.27762920517922
1780.0000000000	-0.27923451181817
1782.5000000000	-0.28098596638104
1785.0000000000	-0.28283663437629
1787.5000000000	-0.28473280582000
1790.0000000000	-0.28662424710171
1792.5000000000	-0.28845931337535
1795.0000000000	-0.29019226559166
1797.5000000000	-0.29178640251302
1800.0000000000	-0.29321360098989
1802.5000000000	-0.29445616223590
1805.0000000000	-0.29550849437029
1807.5000000000	-0.29637625848893
1810.0000000000	-0.29707785195240
1812.5000000000	-0.29764101784553
1815.0000000000	-0.29809952777048
1817.5000000000	-0.29849690515745
1820.0000000000	-0.29887562182249
1822.5000000000	-0.29928174904276
1825.0000000000	-0.29975976187279
1827.5000000000	-0.30034834233792
1830.0000000000	-0.30108080875457
1832.5000000000	-0.30198115176182
1835.0000000000	-0.30306591760321
1837.5000000000	-0.30434127560073
1840.0000000000	-0.30580128110007
1842.5000000000	-0.30743290720996
1845.0000000000	-0.30921206222928
1847.5000000000	-0.31110973092001
1850.0000000000	-0.31309223088878
1852.5000000000	-0.31511941537905
1855.0000000000	-0.31715488321250
1857.5000000000	-0.31915876243435
1860.0000000000	-0.32109902472263
1862.5000000000	-0.32294702518202
1865.0000000000	-0.32468067643250
1867.5000000000	-0.32628757346548
1870.0000000000	-0.32776383937493
1872.5000000000	-0.32911402391443
1875.0000000000	-0.33035140770613
1877.5000000000	-0.33149681390294
1880.0000000000	-0.33257707646481
1882.5000000000	-0.33362411267731
1885.0000000000	-0.33467490435241
1887.5000000000	-0.33576172754768
1890.0000000000	-0.33692155704244
1892.5000000000	-0.33818528492447
1895.0000000000	-0.33957782954477
1897.5000000000	-0.34112117117764
1900.0000000000	-0.34282716713151
1902.5000000000	-0.34470011085053
1905.0000000000	-0.34673933999088
1907.5000000000	-0.34893250097933
1910.0000000000	-0.35126400255144
1912.5000000000	-0.35370861247721
1915.0000000000	-0.35623964621783
1917.5000000000	-0.35882720666952
1920.0000000000	-0.36143978025668
1922.5000000000	-0.36404835464970
1925.0000000000	-0.36662407842363
1927.5000000000	-0.36914656331002
1930.0000000000	-0.37159634381055
1932.5000000000	-0.37396359885122
1935.0000000000	-0.37624467786016
1937.5000000000	-0.37844415736142
1940.0000000000	-0.38057192662458
1942.5000000000	-0.38264674052560
1945.0000000000	-0.38468973975021
1947.5000000000	-0.38672950587035
1950.0000000000	-0.38879444267148
1952.5000000000	-0.39091609677547
1955.0000000000	-0.39312417232550
1957.5000000000	-0.39544551945341
1960.0000000000	-0.39790458380450
1962.5000000000	-0.40051935787294
1965.0000000000	-0.40330234158048
1967.5000000000	-0.40626178834313
1970.0000000000	-0.40939530066031
1972.5000000000	-0.41269753980137
1975.0000000000	-0.41615542683075
1977.5000000000	-0.41975111601064
1980.0000000000	-0.42346331097594
1982.5000000000	-0.42726762640162
1985.0000000000	-0.43113981339350
1987.5000000000	-0.43505545556491
1990.0000000000	-0.43899091322603
1992.5000000000	-0.44292907511790
1995.0000000000	-0.44685473019379
1997.5000000000	-0.45076075901429
2000.0000000000	-0.45464336622806
2002.5000000000	-0.45850848076282
2005.0000000000	-0.46236440831605
2007.5000000000	-0.46622756055961
2010.0000000000	-0.47012057206634
2012.5000000000	-0.47406791286418
2015.0000000000	-0.47809722779806
2017.5000000000	-0.48223879648235
2020.0000000000	-0.48652183354790
2022.5000000000	-0.49097397610953
2025.0000000000	-0.49561990016268
2027.5000000000	-0.50048143955035
2030.0000000000	-0.50557652314388
2032.5000000000	-0.51091428472739
2035.0000000000	-0.51650160134900
2037.5000000000	-0.52233911048696
2040.0000000000	-0.52842112667961
2042.5000000000	-0.53473816679213
2045.0000000000	-0.54127787073389
2047.5000000000	-0.54802548176476
2050.0000000000	-0.55496348012764
2052.5000000000	-0.56207682876655
2055.0000000000	-0.56934923587825
2057.5000000000	-0.57677074468954
2060.0000000000	-0.58433419469534
2062.5000000000	-0.59203489390309
2065.0000000000	-0.59987748034829
2067.5000000000	-0.60786956988984
2070.0000000000	-0.61602755931962
2072.5000000000	-0.62437026289707
2075.0000000000	-0.63292685194923
2077.5000000000	-0.64172610574478
2080.0000000000	-0.65080239666999
2082.5000000000	-0.66019324267360
2085.0000000000	-0.66993709338011
2087.5000000000	-0.68007081473444
2090.0000000000	-0.69063329105198
2092.5000000000	-0.70165849678303
2095.0000000000	-0.71317908703425
2097.5000000000	-0.72522262673977
2100.0000000000	-0.73781485231557
2102.5000000000	-0.75097582758775
2105.0000000000	-0.76472069668212
2107.5000000000	-0.77906467681028
2110.0000000000	-0.79401562801138
2112.5000000000	-0.80958355505218
2115.0000000000	-0.82577441041822
2117.5000000000	-0.84259778875744
2120.0000000000	-0.86006288495161
2122.5000000000	-0.87818166249596
2125.0000000000	-0.89697028752458
2127.5000000000	-0.91645155117604
2130.0000000000	-0.93665150005596
2132.5000000000	-0.95760447580552
2135.0000000000	-0.97935128794739
2137.5000000000	-1.0019398073485
2140.0000000000	-1.0254228093612
2142.5000000000	-1.0498629154241
2145.0000000000	-1.0753247986539
2147.5000000000	-1.1018822671892
2150.0000000000	-1.1296096384345
2152.5000000000	-1.1585860997179
2155.0000000000	-1.1888918727365
2157.5000000000	-1.2206101755335
2160.0000000000	-1.2538233266767
2162.5000000000	-1.2886106056006
2165.0000000000	-1.3250556733967
2167.5000000000	-1.3632340361452
2170.0000000000	-1.4032239031770
2172.5000000000	-1.4451009044069
2175.0000000000	-1.4889363653544
2177.5000000000	-1.5348035638914
2180.0000000000	-1.5827722504071
2182.5000000000	-1.6329140412601
2185.0000000000	-1.6852981061146
2187.5000000000	-1.7399995394033
2190.0000000000	-1.7970921236575
2192.5000000000	-1.8566528226094
2195.0000000000	-1.9187639130093
2197.5000000000	-1.9835092722295
2200.0000000000	-2.0509790057851
2202.5000000000	-2.1212667344134
2205.0000000000	-2.1944683478883
2207.5000000000	-2.2706857090422
2210.0000000000	-2.3500251169607
2212.5000000000	-2.4325908643859
2215.0000000000	-2.5184928097594
2217.5000000000	-2.6078350097744
2220.0000000000	-2.7007253310955
2222.5000000000	-2.7972674245194
2225.0000000000	-2.8975585122833
2227.5000000000	-3.0016870330164
2230.0000000000	-3.1097407097244
2232.5000000000	-3.2217902935822
2235.0000000000	-3.3378982185540
2237.5000000000	-3.4581153530463
2240.0000000000	-3.5824770215986
2242.5000000000	-3.7110055106841
2245.0000000000	-3.8437051882487
2247.5000000000	-3.9805659338250
2250.0000000000	-4.1215619872535
2252.5000000000	-4.2666487355773
2255.0000000000	-4.4157652642120
2257.5000000000	-4.5688346590836
2260.0000000000	-4.7257673869797
2262.5000000000	-4.8864504918116
2265.0000000000	-5.0507650540172
2267.5000000000	-5.2185735272269
2270.0000000000	-5.3897286810511
2272.5000000000	-5.5640689910284
2275.0000000000	-5.7414229007695
2277.5000000000	-5.9216096665813
2280.0000000000	-6.1044416422921
2282.5000000000	-6.2897182846981
2285.0000000000	-6.4772355337942
2287.5000000000	-6.6667816489395
2290.0000000000	-6.8581371985227
2292.5000000000	-7.0510793074112
2295.0000000000	-7.2453747108601
2297.5000000000	-7.4407872094824
2300.0000000000	-7.6370725803081
2302.5000000000	-7.8339792057988
2305.0000000000	-8.0312504473967
2307.5000000000	-8.2286185936391
2310.0000000000	-8.4258132553060
2312.5000000000	-8.6225525502861
2315.0000000000	-8.8185482031799
2317.5000000000	-9.0135057044460
2320.0000000000	-9.2071226359863
2322.5000000000	-9.3990908185893
2325.0000000000	-9.5891013179685
2327.5000000000	-9.7768408333740
2330.0000000000	-9.9619950878141
2332.5000000000	-10.144257352343
2335.0000000000	-10.323322305955
2337.5000000000	-10.498897781397
2340.0000000000	-10.670698407934
2342.5000000000	-10.838459864868
2345.0000000000	-11.001935190239
2347.5000000000	-11.160901305944
2350.0000000000	-11.315159718682
2352.5000000000	-11.464538572284
2355.0000000000	-11.608898780646
2357.5000000000	-11.748128025676
2360.0000000000	-11.882145642748
2362.5000000000	-12.010903576595
2365.0000000000	-12.134377099583
2367.5000000000	-12.252572584336
2370.0000000000	-12.365514976179
2372.5000000000	-12.473250642253
2375.0000000000	-12.575838643026
2377.5000000000	-12.673347036516
2380.0000000000	-12.765852597155
2382.5000000000	-12.853427752245
2385.0000000000	-12.936146000980
2387.5000000000	-13.014071066719
2390.0000000000	-13.087252979501
2392.5000000000	-13.155735499360
2395.0000000000	-13.219547207721
2397.5000000000	-13.278701942667
2400.0000000000	-13.333200963369
2402.5000000000	-13.383043235996
2405.0000000000	-13.428213529277
2407.5000000000	-13.468700235040
2410.0000000000	-13.504491916256
2412.5000000000	-13.535587218118
2415.0000000000	-13.561993784598
2417.5000000000	-13.583740812348
2420.0000000000	-13.600872006837
2422.5000000000	-13.613458439977
2425.0000000000	-13.621594410825
2427.5000000000	-13.625395726069
2430.0000000000	-13.625005178639
2432.5000000000	-13.620581802438
2435.0000000000	-13.612304008965
2437.5000000000	-13.600358743549
2440.0000000000	-13.584941002183
2442.5000000000	-13.566242684616
2445.0000000000	-13.544451201361
2447.5000000000	-13.519741021823
2450.0000000000	-13.492271485334
2452.5000000000	-13.462179353535
2455.0000000000	-13.429578345975
2457.5000000000	-13.394561058875
2460.0000000000	-13.357192444288
2462.5000000000	-13.317516817236
2465.0000000000	-13.275561124316
2467.5000000000	-13.231333726017
2470.0000000000	-13.184839688955
2472.5000000000	-13.136076934595
2475.0000000000	-13.085048357486
2477.5000000000	-13.031765670515
2480.0000000000	-12.976252598775
2482.5000000000	-12.918556332737
2485.0000000000	-12.858742314730
2487.5000000000	-12.796904352009
2490.0000000000	-12.733157926718
2492.5000000000	-12.667643989225
2495.0000000000	-12.600524634763
2497.5000000000	-12.531978663888
2500.0000000000	-12.462196828385
2502.5000000000	-12.391374931971
2505.0000000000	-12.319713666750
2507.5000000000	-12.247401358528
2510.0000000000	-12.174618208397
2512.5000000000	-12.101527123572
2515.0000000000	-12.028269462351
2517.5000000000	-11.954960379539
2520.0000000000	-11.881689124707
2522.5000000000	-11.808522474548
2525.0000000000	-11.735493817542
2527.5000000000	-11.662620730720
2530.0000000000	-11.589895428477
2532.5000000000	-11.517296481620
2535.0000000000	-11.444791584339
2537.5000000000	-11.372341549508
2540.0000000000	-11.299912841715
2542.5000000000	-11.227471729807
2545.0000000000	-11.154997612409
2547.5000000000	-11.082485494359
2550.0000000000	-11.009947418800
2552.5000000000	-10.937413344674
2555.0000000000	-10.864935663967
2557.5000000000	-10.792585056509
2560.0000000000	-10.720447407380
2562.5000000000	-10.648625025627
2565.0000000000	-10.577232185374
2567.5000000000	-10.506382978119
2570.0000000000	-10.436194631563
2572.5000000000	-10.366783484580
2575.0000000000	-10.298250847247
2577.5000000000	-10.230685789539
2580.0000000000	-10.164162397979
2582.5000000000	-10.098731015381
2585.0000000000	-10.034424066466
2587.5000000000	-9.9712503529561
2590.0000000000	-9.9091951207933
2592.5000000000	-9.8482241723471
2595.0000000000	-9.7882897098165
2597.5000000000	-9.7293283394813
2600.0000000000	-9.6712674269316
2602.5000000000	-9.6140284464919
2605.0000000000	-9.5575363288755
2607.5000000000	-9.5017211057612
2610.0000000000	-9.4465231011198
2612.5000000000	-9.3918897730168
2615.0000000000	-9.3377953469899
2617.5000000000	-9.2842265696743
2620.0000000000	-9.2311910692212
2622.5000000000	-9.1787152625246
2625.0000000000	-9.1268419512855
2627.5000000000	-9.0756328575970
2630.0000000000	-9.0251590186204
2632.5000000000	-8.9755000833189
2635.0000000000	-8.9267389729952
2637.5000000000	-8.8789563357089
2640.0000000000	-8.8322283429570
2642.5000000000	-8.7866217989414
2645.0000000000	-8.7421878875346
2647.5000000000	-8.6989584550727
2650.0000000000	-8.6569533080354
2652.5000000000	-8.6161638724233
2655.0000000000	-8.5765684494417
2657.5000000000	-8.5381233653567
2660.0000000000	-8.5007698051742
2662.5000000000	-8.4644360437769
2665.0000000000	-8.4290376641661
2667.5000000000	-8.3944915017734
2670.0000000000	-8.3607062171011
2672.5000000000	-8.3276013476200
2675.0000000000	-8.2951000463499
2677.5000000000	-8.2631448637727
2680.0000000000	-8.2316883767220
2682.5000000000	-8.2007048176656
2685.0000000000	-8.1701883545943
2687.5000000000	-8.1401515383642
2690.0000000000	-8.1106277319174
2692.5000000000	-8.0816662450197
2695.0000000000	-8.0533293155348
2697.5000000000	-8.0256906475262
2700.0000000000	-7.9988292651598
2702.5000000000	-7.9728237835378
2705.0000000000	-7.9477493683201
2707.5000000000	-7.9236721493066
2710.0000000000	-7.9006437762079
2712.5000000000	-7.8787007650397
2715.0000000000	-7.8578619635481
2717.5000000000	-7.8381235333898
2720.0000000000	-7.8194598774495
2722.5000000000	-7.8018264698666
2725.0000000000	-7.7851620008594
2727.5000000000	-7.7693878499992
2730.0000000000	-7.7544154687979
2732.5000000000	-7.7401482571035
2735.0000000000	-7.7264873840541
2737.5000000000	-7.7133400983360
2740.0000000000	-7.7006191339283
2742.5000000000	-7.6882491341707
2745.0000000000	-7.6761762662633
2747.5000000000	-7.6643606873289
2750.0000000000	-7.6527872095216
2752.5000000000	-7.6414606414370
2755.0000000000	-7.6304088831737
2757.5000000000	-7.6196767684545
2760.0000000000	-7.6093258860107
2762.5000000000	-7.5994286744791
2765.0000000000	-7.5900656977894
2767.5000000000	-7.5813150696348
2770.0000000000	-7.5732526565662
2772.5000000000	-7.5659451692776
2775.0000000000	-7.5594424280033
2777.5000000000	-7.5537746452770
2780.0000000000	-7.5489519144521
2782.5000000000	-7.5449581994840
2785.0000000000	-7.5417504999233
2787.5000000000	-7.5392654908287
2790.0000000000	-7.5374117321412
2792.5000000000	-7.5360833874983
2795.0000000000	-7.5351546369193
2797.5000000000	-7.5344922062157
2800.0000000000	-7.5339598273472
2802.5000000000	-7.5334193661191
2805.0000000000	-7.5327434012012
2807.5000000000	-7.5318152149360
2810.0000000000	-7.5305398090750
2812.5000000000	-7.5288388791214
2815.0000000000	-7.5266591652308
2817.5000000000	-7.5239741259168
2820.0000000000	-7.5207750675697
2822.5000000000	-7.5170773988432
2825.0000000000	-7.5129102058966
2827.5000000000	-7.5083160905765
2830.0000000000	-7.5033386902177
2832.5000000000	-7.4980221592578
2835.0000000000	-7.4923969025377
2837.5000000000	-7.4864822499993
2840.0000000000	-7.4802712854026
2842.5000000000	-7.4737312259378
2845.0000000000	-7.4667951919889
2847.5000000000	-7.4593667647472
2850.0000000000	-7.4513138261721
2852.5000000000	-7.4424721737344
2855.0000000000	-7.4326484566759
2857.5000000000	-7.4216270580773
2860.0000000000	-7.4091725667633
2862.5000000000	-7.3950414667072
2865.0000000000	-7.3789898929375
2867.5000000000	-7.3607780613512
2870.0000000000	-7.3401846202022
2872.5000000000	-7.3170119193308
2875.0000000000	-7.2910868081643
2877.5000000000	-7.2622747882182
2880.0000000000	-7.2304755669969
2882.5000000000	-7.1956237607163
2885.0000000000	-7.1576905860679
2887.5000000000	-7.1166812615220
2890.0000000000	-7.0726208064079
2892.5000000000	-7.0255598226950
2895.0000000000	-6.9755573655673
2897.5000000000	-6.9226791594725
2900.0000000000	-6.8669916697960
2902.5000000000	-6.8085503516331
2905.0000000000	-6.7474024092154
2907.5000000000	-6.6835779936861
2910.0000000000	-6.6170941174413
2912.5000000000	-6.5479549800329
2915.0000000000	-6.4761525326691
2917.5000000000	-6.4016777779777
2920.0000000000	-6.3245187930419
2922.5000000000	-6.2446776505124
2925.0000000000	-6.1621708543120
2927.5000000000	-6.0770440319597
2930.0000000000	-5.9893709354409
2932.5000000000	-5.8992682691394
2935.0000000000	-5.8068933890345
2937.5000000000	-5.7124510990498
2940.0000000000	-5.6161903571342
2942.5000000000	-5.5184052155521
2945.0000000000	-5.4194293134765
2947.5000000000	-5.3196294962588
2950.0000000000	-5.2193989104437
2952.5000000000	-5.1191500093767
2955.0000000000	-5.0193010173543
2957.5000000000	-4.9202719833181
2960.0000000000	-4.8224746870905
2962.5000000000	-4.7262964897974
2965.0000000000	-4.6321064763519
2967.5000000000	-4.5402425019080
2970.0000000000	-4.4510008478501
2972.5000000000	-4.3646431541321
2975.0000000000	-4.2813896248763
2977.5000000000	-4.2014198149240
2980.0000000000	-4.1248714376287
2982.5000000000	-4.0518451680133
2985.0000000000	-3.9824093855189
2987.5000000000	-3.9165995782560
2990.0000000000	-3.8544275453644
2992.5000000000	-3.7958806906534
2995.0000000000	-3.7409359132545
2997.5000000000	-3.6895565604083
3000.0000000000	-3.6417018884273
